0.05	400	0
0.06	277.778	8.55539e+008
0.07	204.082	1.35103e+009
0.08	156.25	1.6606e+009
0.09	123.457	1.86793e+009
0.1	100	2.01486e+009
0.11	82.6446	2.12185e+009
0.12	69.4444	2.20203e+009
0.13	59.1716	2.26388e+009
0.14	51.0204	2.31228e+009
0.15	44.4444	2.35137e+009
0.16	39.0625	2.38304e+009
0.17	34.6021	2.40912e+009
0.18	30.8642	2.43075e+009
0.19	27.7008	2.44895e+009
0.2	25	2.4644e+009
0.21	22.6757	2.47768e+009
0.22	20.6612	2.48918e+009
0.23	18.9036	2.49911e+009
0.24	17.3611	2.50778e+009
0.25	16	2.51542e+009
0.26	14.7929	2.52212e+009
0.27	13.7174	2.52809e+009
0.28	12.7551	2.5334e+009
0.29	11.8906	2.53816e+009
0.3	11.1111	2.54242e+009
0.31	10.4058	2.54625e+009
0.32	9.76562	2.5497e+009
0.33	9.18274	2.5528e+009
0.34	8.65052	2.55562e+009
0.35	8.16327	2.55819e+009
0.36	7.71605	2.56052e+009
0.37	7.3046	2.56268e+009
0.38	6.92521	2.56465e+009
0.39	6.57462	2.56645e+009
0.4	6.25	2.56811e+009
0.41	5.94884	2.56963e+009
0.42	5.66893	2.57105e+009
0.43	5.40833	2.57235e+009
0.44	5.16529	2.57357e+009
0.45	4.93827	2.57469e+009
0.46	4.7259	2.57574e+009
0.47	4.52694	2.57669e+009
0.48	4.34028	2.57759e+009
0.49	4.16493	2.57843e+009
0.5	4	2.5792e+009
0.51	3.84468	2.57993e+009
0.52	3.69822	2.58061e+009
0.53	3.55999	2.58125e+009
0.54	3.42936	2.58185e+009
0.55	3.30579	2.58241e+009
0.56	3.18878	2.58294e+009
0.57	3.07787	2.58343e+009
0.58	2.97265	2.5839e+009
0.59	2.87274	2.58434e+009
0.6	2.77778	2.58475e+009
0.61	2.68745	2.58513e+009
0.62	2.60146	2.5855e+009
0.63	2.51953	2.58585e+009
0.64	2.44141	2.58617e+009
0.65	2.36686	2.58648e+009
0.66	2.29568	2.58677e+009
0.67	2.22767	2.58705e+009
0.68	2.16263	2.58731e+009
0.69	2.1004	2.58756e+009
0.7	2.04082	2.58779e+009
0.71	1.98373	2.58802e+009
0.72	1.92901	2.58823e+009
0.73	1.87652	2.58843e+009
0.74	1.82615	2.58862e+009
0.75	1.77778	2.5888e+009
0.76	1.7313	2.58898e+009
0.77	1.68663	2.58914e+009
0.78	1.64366	2.5893e+009
0.79	1.60231	2.58945e+009
0.8	1.5625	2.58959e+009
0.81	1.52416	2.58973e+009
0.82	1.48721	2.58986e+009
0.83	1.45159	2.58998e+009
0.84	1.41723	2.5901e+009
0.85	1.38408	2.59022e+009
0.86	1.35208	2.59033e+009
0.87	1.32118	2.59043e+009
0.88	1.29132	2.59053e+009
0.89	1.26247	2.59062e+009
0.9	1.23457	2.59071e+009
0.91	1.20758	2.5908e+009
0.92	1.18147	2.59088e+009
0.93	1.1562	2.59096e+009
0.94	1.13173	2.59104e+009
0.95	1.10803	2.59112e+009
0.96	1.08507	2.59119e+009
0.97	1.06281	2.59125e+009
0.98	1.04123	2.59132e+009
0.99	1.0203	2.59138e+009
1	1	2.59144e+009
1.01	0.980296	2.5915e+009
1.02	0.961169	2.59155e+009
1.03	0.942596	2.59161e+009
1.04	0.924556	2.59166e+009
1.05	0.907029	2.59171e+009
1.06	0.889996	2.59175e+009
1.07	0.873439	2.5918e+009
1.08	0.857339	2.59184e+009
1.09	0.84168	2.59188e+009
1.1	0.826446	2.59192e+009
1.11	0.811622	2.59196e+009
1.12	0.797194	2.592e+009
1.13	0.783147	2.59204e+009
1.14	0.769468	2.59207e+009
1.15	0.756144	2.59211e+009
1.16	0.743163	2.59214e+009
1.17	0.730514	2.59217e+009
1.18	0.718184	2.5922e+009
1.19	0.706165	2.59223e+009
1.2	0.694444	2.59226e+009
1.21	0.683013	2.59229e+009
1.22	0.671862	2.59231e+009
1.23	0.660982	2.59234e+009
1.24	0.650364	2.59236e+009
1.25	0.64	2.59239e+009
1.26	0.629882	2.59241e+009
1.27	0.620001	2.59243e+009
1.28	0.610352	2.59245e+009
1.29	0.600925	2.59247e+009
1.3	0.591716	2.59249e+009
1.31	0.582717	2.59251e+009
1.32	0.573921	2.59253e+009
1.33	0.565323	2.59255e+009
1.34	0.556917	2.59257e+009
1.35	0.548697	2.59259e+009
1.36	0.540657	2.5926e+009
1.37	0.532793	2.59262e+009
1.38	0.5251	2.59263e+009
1.39	0.517572	2.59265e+009
1.4	0.510204	2.59266e+009
1.41	0.502993	2.59268e+009
1.42	0.495933	2.59269e+009
1.43	0.489021	2.59271e+009
1.44	0.482253	2.59272e+009
1.45	0.475624	2.59273e+009
1.46	0.469131	2.59274e+009
1.47	0.46277	2.59276e+009
1.48	0.456538	2.59277e+009
1.49	0.45043	2.59278e+009
1.5	0.444444	2.59279e+009
1.51	0.438577	2.5928e+009
1.52	0.432825	2.59281e+009
1.53	0.427186	2.59282e+009
1.54	0.421656	2.59283e+009
1.55	0.416233	2.59284e+009
1.56	0.410914	2.59285e+009
1.57	0.405696	2.59286e+009
1.58	0.400577	2.59287e+009
1.59	0.395554	2.59287e+009
1.6	0.390625	2.59288e+009
1.61	0.385788	2.59289e+009
1.62	0.381039	2.5929e+009
1.63	0.376378	2.59291e+009
1.64	0.371802	2.59291e+009
1.65	0.367309	2.59292e+009
1.66	0.362897	2.59293e+009
1.67	0.358564	2.59293e+009
1.68	0.354308	2.59294e+009
1.69	0.350128	2.59295e+009
1.7	0.346021	2.59295e+009
1.71	0.341986	2.59296e+009
1.72	0.338021	2.59297e+009
1.73	0.334124	2.59297e+009
1.74	0.330295	2.59298e+009
1.75	0.326531	2.59298e+009
1.76	0.322831	2.59299e+009
1.77	0.319193	2.59299e+009
1.78	0.315617	2.593e+009
1.79	0.3121	2.593e+009
1.8	0.308642	2.59301e+009
1.81	0.305241	2.59301e+009
1.82	0.301896	2.59302e+009
1.83	0.298606	2.59302e+009
1.84	0.295369	2.59303e+009
1.85	0.292184	2.59303e+009
1.86	0.289051	2.59303e+009
1.87	0.285968	2.59304e+009
1.88	0.282933	2.59304e+009
1.89	0.279947	2.59305e+009
1.9	0.277008	2.59305e+009
1.91	0.274115	2.59305e+009
1.92	0.271267	2.59306e+009
1.93	0.268464	2.59306e+009
1.94	0.265703	2.59306e+009
1.95	0.262985	2.59307e+009
1.96	0.260308	2.59307e+009
1.97	0.257672	2.59307e+009
1.98	0.255076	2.59308e+009
1.99	0.252519	2.59308e+009
2	0.25	2.59308e+009
2.01	0.247519	2.59309e+009
2.02	0.245074	2.59309e+009
2.03	0.242665	2.59309e+009
2.04	0.240292	2.59309e+009
2.05	0.237954	2.5931e+009
2.06	0.235649	2.5931e+009
2.07	0.233378	2.5931e+009
2.08	0.231139	2.5931e+009
2.09	0.228932	2.59311e+009
2.1	0.226757	2.59311e+009
2.11	0.224613	2.59311e+009
2.12	0.222499	2.59311e+009
2.13	0.220415	2.59312e+009
2.14	0.21836	2.59312e+009
2.15	0.216333	2.59312e+009
2.16	0.214335	2.59312e+009
2.17	0.212364	2.59312e+009
2.18	0.21042	2.59313e+009
2.19	0.208503	2.59313e+009
2.2	0.206612	2.59313e+009
2.21	0.204746	2.59313e+009
2.22	0.202906	2.59313e+009
2.23	0.20109	2.59314e+009
2.24	0.199298	2.59314e+009
2.25	0.197531	2.59314e+009
2.26	0.195787	2.59314e+009
2.27	0.194065	2.59314e+009
2.28	0.192367	2.59315e+009
2.29	0.19069	2.59315e+009
2.3	0.189036	2.59315e+009
2.31	0.187403	2.59315e+009
2.32	0.185791	2.59315e+009
2.33	0.184199	2.59315e+009
2.34	0.182628	2.59315e+009
2.35	0.181077	2.59316e+009
2.36	0.179546	2.59316e+009
2.37	0.178034	2.59316e+009
2.38	0.176541	2.59316e+009
2.39	0.175067	2.59316e+009
2.4	0.173611	2.59316e+009
2.41	0.172173	2.59316e+009
2.42	0.170753	2.59316e+009
2.43	0.169351	2.59317e+009
2.44	0.167966	2.59317e+009
2.45	0.166597	2.59317e+009
2.46	0.165246	2.59317e+009
2.47	0.16391	2.59317e+009
2.48	0.162591	2.59317e+009
2.49	0.161288	2.59317e+009
2.5	0.16	2.59317e+009
2.51	0.158728	2.59317e+009
2.52	0.15747	2.59318e+009
2.53	0.156228	2.59318e+009
2.54	0.155	2.59318e+009
2.55	0.153787	2.59318e+009
2.56	0.152588	2.59318e+009
2.57	0.151403	2.59318e+009
2.58	0.150231	2.59318e+009
2.59	0.149074	2.59318e+009
2.6	0.147929	2.59318e+009
2.61	0.146798	2.59318e+009
2.62	0.145679	2.59319e+009
2.63	0.144573	2.59319e+009
2.64	0.14348	2.59319e+009
2.65	0.142399	2.59319e+009
2.66	0.141331	2.59319e+009
2.67	0.140274	2.59319e+009
2.68	0.139229	2.59319e+009
2.69	0.138196	2.59319e+009
2.7	0.137174	2.59319e+009
2.71	0.136164	2.59319e+009
2.72	0.135164	2.59319e+009
2.73	0.134176	2.59319e+009
2.74	0.133198	2.59319e+009
2.75	0.132231	2.59319e+009
2.76	0.131275	2.5932e+009
2.77	0.130329	2.5932e+009
2.78	0.129393	2.5932e+009
2.79	0.128467	2.5932e+009
2.8	0.127551	2.5932e+009
2.81	0.126645	2.5932e+009
2.82	0.125748	2.5932e+009
2.83	0.124861	2.5932e+009
2.84	0.123983	2.5932e+009
2.85	0.123115	2.5932e+009
2.86	0.122255	2.5932e+009
2.87	0.121405	2.5932e+009
2.88	0.120563	2.5932e+009
2.89	0.11973	2.5932e+009
2.9	0.118906	2.5932e+009
2.91	0.11809	2.5932e+009
2.92	0.117283	2.5932e+009
2.93	0.116484	2.59321e+009
2.94	0.115693	2.59321e+009
2.95	0.11491	2.59321e+009
2.96	0.114134	2.59321e+009
2.97	0.113367	2.59321e+009
2.98	0.112608	2.59321e+009
2.99	0.111856	2.59321e+009
3	0.111111	2.59321e+009
3.01	0.110374	2.59321e+009
3.02	0.109644	2.59321e+009
3.03	0.108922	2.59321e+009
3.04	0.108206	2.59321e+009
3.05	0.107498	2.59321e+009
3.06	0.106797	2.59321e+009
3.07	0.106102	2.59321e+009
3.08	0.105414	2.59321e+009
3.09	0.104733	2.59321e+009
3.1	0.104058	2.59321e+009
3.11	0.10339	2.59321e+009
3.12	0.102728	2.59321e+009
3.13	0.102073	2.59321e+009
3.14	0.101424	2.59321e+009
3.15	0.100781	2.59321e+009
3.16	0.100144	2.59321e+009
3.17	0.0995134	2.59321e+009
3.18	0.0988885	2.59322e+009
3.19	0.0982695	2.59322e+009
3.2	0.0976563	2.59322e+009
3.21	0.0970487	2.59322e+009
3.22	0.0964469	2.59322e+009
3.23	0.0958506	2.59322e+009
3.24	0.0952599	2.59322e+009
3.25	0.0946746	2.59322e+009
3.26	0.0940946	2.59322e+009
3.27	0.09352	2.59322e+009
3.28	0.0929506	2.59322e+009
3.29	0.0923864	2.59322e+009
3.3	0.0918274	2.59322e+009
3.31	0.0912734	2.59322e+009
3.32	0.0907243	2.59322e+009
3.33	0.0901803	2.59322e+009
3.34	0.0896411	2.59322e+009
3.35	0.0891067	2.59322e+009
3.36	0.0885771	2.59322e+009
3.37	0.0880522	2.59322e+009
3.38	0.0875319	2.59322e+009
3.39	0.0870163	2.59322e+009
3.4	0.0865052	2.59322e+009
3.41	0.0859986	2.59322e+009
3.42	0.0854964	2.59322e+009
3.43	0.0849986	2.59322e+009
3.44	0.0845051	2.59322e+009
3.45	0.084016	2.59322e+009
3.46	0.083531	2.59322e+009
3.47	0.0830503	2.59322e+009
3.48	0.0825737	2.59322e+009
3.49	0.0821011	2.59322e+009
3.5	0.0816327	2.59322e+009
3.51	0.0811682	2.59322e+009
3.52	0.0807076	2.59322e+009
3.53	0.080251	2.59322e+009
3.54	0.0797983	2.59322e+009
3.55	0.0793493	2.59322e+009
3.56	0.0789042	2.59323e+009
3.57	0.0784628	2.59323e+009
3.58	0.078025	2.59323e+009
3.59	0.077591	2.59323e+009
3.6	0.0771605	2.59323e+009
3.61	0.0767336	2.59323e+009
3.62	0.0763102	2.59323e+009
3.63	0.0758904	2.59323e+009
3.64	0.075474	2.59323e+009
3.65	0.075061	2.59323e+009
3.66	0.0746514	2.59323e+009
3.67	0.0742451	2.59323e+009
3.68	0.0738422	2.59323e+009
3.69	0.0734425	2.59323e+009
3.7	0.073046	2.59323e+009
3.71	0.0726528	2.59323e+009
3.72	0.0722627	2.59323e+009
3.73	0.0718757	2.59323e+009
3.74	0.0714919	2.59323e+009
3.75	0.0711111	2.59323e+009
3.76	0.0707334	2.59323e+009
3.77	0.0703586	2.59323e+009
3.78	0.0699868	2.59323e+009
3.79	0.069618	2.59323e+009
3.8	0.0692521	2.59323e+009
3.81	0.068889	2.59323e+009
3.82	0.0685288	2.59323e+009
3.83	0.0681714	2.59323e+009
3.84	0.0678168	2.59323e+009
3.85	0.067465	2.59323e+009
3.86	0.0671159	2.59323e+009
3.87	0.0667695	2.59323e+009
3.88	0.0664258	2.59323e+009
3.89	0.0660847	2.59323e+009
3.9	0.0657462	2.59323e+009
3.91	0.0654104	2.59323e+009
3.92	0.0650771	2.59323e+009
3.93	0.0647463	2.59323e+009
3.94	0.064418	2.59323e+009
3.95	0.0640923	2.59323e+009
3.96	0.063769	2.59323e+009
3.97	0.0634482	2.59323e+009
3.98	0.0631297	2.59323e+009
3.99	0.0628137	2.59323e+009
4	0.0625	2.59323e+009
4.01	0.0621887	2.59323e+009
4.02	0.0618797	2.59323e+009
4.03	0.0615729	2.59323e+009
4.04	0.0612685	2.59323e+009
4.05	0.0609663	2.59323e+009
4.06	0.0606664	2.59323e+009
4.07	0.0603686	2.59323e+009
4.08	0.060073	2.59323e+009
4.09	0.0597797	2.59323e+009
4.1	0.0594884	2.59323e+009
4.11	0.0591993	2.59323e+009
4.12	0.0589122	2.59323e+009
4.13	0.0586273	2.59323e+009
4.14	0.0583444	2.59323e+009
4.15	0.0580636	2.59323e+009
4.16	0.0577848	2.59323e+009
4.17	0.057508	2.59323e+009
4.18	0.0572331	2.59323e+009
4.19	0.0569603	2.59323e+009
4.2	0.0566893	2.59323e+009
4.21	0.0564204	2.59323e+009
4.22	0.0561533	2.59323e+009
4.23	0.0558881	2.59323e+009
4.24	0.0556248	2.59323e+009
4.25	0.0553633	2.59323e+009
4.26	0.0551037	2.59323e+009
4.27	0.0548459	2.59323e+009
4.28	0.0545899	2.59323e+009
4.29	0.0543357	2.59323e+009
4.3	0.0540833	2.59323e+009
4.31	0.0538326	2.59323e+009
4.32	0.0535837	2.59323e+009
4.33	0.0533365	2.59323e+009
4.34	0.053091	2.59323e+009
4.35	0.0528471	2.59323e+009
4.36	0.052605	2.59323e+009
4.37	0.0523645	2.59323e+009
4.38	0.0521257	2.59323e+009
4.39	0.0518885	2.59324e+009
4.4	0.0516529	2.59324e+009
4.41	0.0514189	2.59324e+009
4.42	0.0511865	2.59324e+009
4.43	0.0509557	2.59324e+009
4.44	0.0507264	2.59324e+009
4.45	0.0504987	2.59324e+009
4.46	0.0502725	2.59324e+009
4.47	0.0500478	2.59324e+009
4.48	0.0498246	2.59324e+009
4.49	0.0496029	2.59324e+009
4.5	0.0493827	2.59324e+009
4.51	0.049164	2.59324e+009
4.52	0.0489467	2.59324e+009
4.53	0.0487308	2.59324e+009
4.54	0.0485164	2.59324e+009
4.55	0.0483033	2.59324e+009
4.56	0.0480917	2.59324e+009
4.57	0.0478815	2.59324e+009
4.58	0.0476726	2.59324e+009
4.59	0.0474651	2.59324e+009
4.6	0.047259	2.59324e+009
4.61	0.0470542	2.59324e+009
4.62	0.0468507	2.59324e+009
4.63	0.0466485	2.59324e+009
4.64	0.0464477	2.59324e+009
4.65	0.0462481	2.59324e+009
4.66	0.0460498	2.59324e+009
4.67	0.0458528	2.59324e+009
4.68	0.0456571	2.59324e+009
4.69	0.0454626	2.59324e+009
4.7	0.0452694	2.59324e+009
4.71	0.0450773	2.59324e+009
4.72	0.0448865	2.59324e+009
4.73	0.0446969	2.59324e+009
4.74	0.0445085	2.59324e+009
4.75	0.0443213	2.59324e+009
4.76	0.0441353	2.59324e+009
4.77	0.0439504	2.59324e+009
4.78	0.0437667	2.59324e+009
4.79	0.0435842	2.59324e+009
4.8	0.0434028	2.59324e+009
4.81	0.0432225	2.59324e+009
4.82	0.0430433	2.59324e+009
4.83	0.0428653	2.59324e+009
4.84	0.0426883	2.59324e+009
4.85	0.0425125	2.59324e+009
4.86	0.0423377	2.59324e+009
4.87	0.042164	2.59324e+009
4.88	0.0419914	2.59324e+009
4.89	0.0418198	2.59324e+009
4.9	0.0416493	2.59324e+009
4.91	0.0414798	2.59324e+009
4.92	0.0413114	2.59324e+009
4.93	0.041144	2.59324e+009
4.94	0.0409776	2.59324e+009
4.95	0.0408122	2.59324e+009
4.96	0.0406478	2.59324e+009
4.97	0.0404844	2.59324e+009
4.98	0.0403219	2.59324e+009
4.99	0.0401605	2.59324e+009
5	0.04	2.59324e+009
5.01	0.0398405	2.59324e+009
5.02	0.0396819	2.59324e+009
5.03	0.0395243	2.59324e+009
5.04	0.0393676	2.59324e+009
5.05	0.0392118	2.59324e+009
5.06	0.039057	2.59324e+009
5.07	0.0389031	2.59324e+009
5.08	0.0387501	2.59324e+009
5.09	0.038598	2.59324e+009
5.1	0.0384468	2.59324e+009
5.11	0.0382964	2.59324e+009
5.12	0.038147	2.59324e+009
5.13	0.0379984	2.59324e+009
5.14	0.0378507	2.59324e+009
5.15	0.0377038	2.59324e+009
5.16	0.0375578	2.59324e+009
5.17	0.0374127	2.59324e+009
5.18	0.0372684	2.59324e+009
5.19	0.0371249	2.59324e+009
5.2	0.0369822	2.59324e+009
5.21	0.0368404	2.59324e+009
5.22	0.0366994	2.59324e+009
5.23	0.0365592	2.59324e+009
5.24	0.0364198	2.59324e+009
5.25	0.0362812	2.59324e+009
5.26	0.0361434	2.59324e+009
5.27	0.0360063	2.59324e+009
5.28	0.0358701	2.59324e+009
5.29	0.0357346	2.59324e+009
5.3	0.0355999	2.59324e+009
5.31	0.0354659	2.59324e+009
5.32	0.0353327	2.59324e+009
5.33	0.0352002	2.59324e+009
5.34	0.0350685	2.59324e+009
5.35	0.0349375	2.59324e+009
5.36	0.0348073	2.59324e+009
5.37	0.0346778	2.59324e+009
5.38	0.034549	2.59324e+009
5.39	0.0344209	2.59324e+009
5.4	0.0342936	2.59324e+009
5.41	0.0341669	2.59324e+009
5.42	0.0340409	2.59324e+009
5.43	0.0339157	2.59324e+009
5.44	0.0337911	2.59324e+009
5.45	0.0336672	2.59324e+009
5.46	0.033544	2.59324e+009
5.47	0.0334215	2.59324e+009
5.48	0.0332996	2.59324e+009
5.49	0.0331784	2.59324e+009
5.5	0.0330579	2.59324e+009
5.51	0.032938	2.59324e+009
5.52	0.0328187	2.59324e+009
5.53	0.0327001	2.59324e+009
5.54	0.0325822	2.59324e+009
5.55	0.0324649	2.59324e+009
5.56	0.0323482	2.59324e+009
5.57	0.0322322	2.59324e+009
5.58	0.0321168	2.59324e+009
5.59	0.0320019	2.59324e+009
5.6	0.0318878	2.59324e+009
5.61	0.0317742	2.59324e+009
5.62	0.0316612	2.59324e+009
5.63	0.0315488	2.59324e+009
5.64	0.0314371	2.59324e+009
5.65	0.0313259	2.59324e+009
5.66	0.0312153	2.59324e+009
5.67	0.0311053	2.59324e+009
5.68	0.0309958	2.59324e+009
5.69	0.030887	2.59324e+009
5.7	0.0307787	2.59324e+009
5.71	0.030671	2.59324e+009
5.72	0.0305638	2.59324e+009
5.73	0.0304573	2.59324e+009
5.74	0.0303512	2.59324e+009
5.75	0.0302457	2.59324e+009
5.76	0.0301408	2.59324e+009
5.77	0.0300364	2.59324e+009
5.78	0.0299326	2.59324e+009
5.79	0.0298293	2.59324e+009
5.8	0.0297265	2.59324e+009
5.81	0.0296243	2.59324e+009
5.82	0.0295226	2.59324e+009
5.83	0.0294214	2.59324e+009
5.84	0.0293207	2.59324e+009
5.85	0.0292205	2.59324e+009
5.86	0.0291209	2.59324e+009
5.87	0.0290218	2.59324e+009
5.88	0.0289231	2.59324e+009
5.89	0.028825	2.59324e+009
5.9	0.0287274	2.59324e+009
5.91	0.0286302	2.59324e+009
5.92	0.0285336	2.59324e+009
5.93	0.0284374	2.59324e+009
5.94	0.0283418	2.59324e+009
5.95	0.0282466	2.59324e+009
5.96	0.0281519	2.59324e+009
5.97	0.0280577	2.59324e+009
5.98	0.0279639	2.59324e+009
5.99	0.0278706	2.59324e+009
6	0.0277778	2.59324e+009
6.01	0.0276854	2.59324e+009
6.02	0.0275935	2.59324e+009
6.03	0.0275021	2.59324e+009
6.04	0.0274111	2.59324e+009
6.05	0.0273205	2.59324e+009
6.06	0.0272304	2.59324e+009
6.07	0.0271408	2.59324e+009
6.08	0.0270516	2.59324e+009
6.09	0.0269628	2.59324e+009
6.1	0.0268745	2.59324e+009
6.11	0.0267866	2.59324e+009
6.12	0.0266991	2.59324e+009
6.13	0.0266121	2.59324e+009
6.14	0.0265255	2.59324e+009
6.15	0.0264393	2.59324e+009
6.16	0.0263535	2.59324e+009
6.17	0.0262682	2.59324e+009
6.18	0.0261832	2.59324e+009
6.19	0.0260987	2.59324e+009
6.2	0.0260146	2.59324e+009
6.21	0.0259309	2.59324e+009
6.22	0.0258475	2.59324e+009
6.23	0.0257646	2.59324e+009
6.24	0.0256821	2.59324e+009
6.25	0.0256	2.59324e+009
6.26	0.0255183	2.59324e+009
6.27	0.0254369	2.59324e+009
6.28	0.025356	2.59324e+009
6.29	0.0252754	2.59324e+009
6.3	0.0251953	2.59324e+009
6.31	0.0251155	2.59324e+009
6.32	0.0250361	2.59324e+009
6.33	0.024957	2.59324e+009
6.34	0.0248783	2.59324e+009
6.35	0.0248	2.59324e+009
6.36	0.0247221	2.59324e+009
6.37	0.0246446	2.59324e+009
6.38	0.0245674	2.59324e+009
6.39	0.0244905	2.59324e+009
6.4	0.0244141	2.59324e+009
6.41	0.0243379	2.59324e+009
6.42	0.0242622	2.59324e+009
6.43	0.0241868	2.59324e+009
6.44	0.0241117	2.59324e+009
6.45	0.024037	2.59324e+009
6.46	0.0239627	2.59324e+009
6.47	0.0238886	2.59324e+009
6.48	0.023815	2.59324e+009
6.49	0.0237416	2.59324e+009
6.5	0.0236686	2.59324e+009
6.51	0.023596	2.59324e+009
6.52	0.0235237	2.59324e+009
6.53	0.0234517	2.59324e+009
6.54	0.02338	2.59324e+009
6.55	0.0233087	2.59324e+009
6.56	0.0232377	2.59324e+009
6.57	0.023167	2.59324e+009
6.58	0.0230966	2.59324e+009
6.59	0.0230266	2.59324e+009
6.6	0.0229568	2.59324e+009
6.61	0.0228874	2.59324e+009
6.62	0.0228183	2.59324e+009
6.63	0.0227496	2.59324e+009
6.64	0.0226811	2.59324e+009
6.65	0.0226129	2.59324e+009
6.66	0.0225451	2.59324e+009
6.67	0.0224775	2.59324e+009
6.68	0.0224103	2.59324e+009
6.69	0.0223433	2.59324e+009
6.7	0.0222767	2.59324e+009
6.71	0.0222103	2.59324e+009
6.72	0.0221443	2.59324e+009
6.73	0.0220785	2.59324e+009
6.74	0.022013	2.59324e+009
6.75	0.0219479	2.59324e+009
6.76	0.021883	2.59324e+009
6.77	0.0218184	2.59324e+009
6.78	0.0217541	2.59324e+009
6.79	0.02169	2.59324e+009
6.8	0.0216263	2.59324e+009
6.81	0.0215628	2.59324e+009
6.82	0.0214996	2.59324e+009
6.83	0.0214367	2.59324e+009
6.84	0.0213741	2.59324e+009
6.85	0.0213117	2.59324e+009
6.86	0.0212496	2.59324e+009
6.87	0.0211878	2.59324e+009
6.88	0.0211263	2.59324e+009
6.89	0.021065	2.59324e+009
6.9	0.021004	2.59324e+009
6.91	0.0209432	2.59324e+009
6.92	0.0208828	2.59324e+009
6.93	0.0208225	2.59324e+009
6.94	0.0207626	2.59324e+009
6.95	0.0207029	2.59324e+009
6.96	0.0206434	2.59324e+009
6.97	0.0205842	2.59324e+009
6.98	0.0205253	2.59324e+009
6.99	0.0204666	2.59324e+009
7	0.0204082	2.59324e+009
7.01	0.02035	2.59324e+009
7.02	0.020292	2.59324e+009
7.03	0.0202344	2.59324e+009
7.04	0.0201769	2.59324e+009
7.05	0.0201197	2.59324e+009
7.06	0.0200628	2.59324e+009
7.07	0.020006	2.59324e+009
7.08	0.0199496	2.59324e+009
7.09	0.0198933	2.59324e+009
7.1	0.0198373	2.59324e+009
7.11	0.0197816	2.59324e+009
7.12	0.019726	2.59324e+009
7.13	0.0196708	2.59324e+009
7.14	0.0196157	2.59324e+009
7.15	0.0195609	2.59324e+009
7.16	0.0195063	2.59324e+009
7.17	0.0194519	2.59324e+009
7.18	0.0193977	2.59324e+009
7.19	0.0193438	2.59324e+009
7.2	0.0192901	2.59324e+009
7.21	0.0192367	2.59324e+009
7.22	0.0191834	2.59324e+009
7.23	0.0191304	2.59324e+009
7.24	0.0190776	2.59324e+009
7.25	0.019025	2.59324e+009
7.26	0.0189726	2.59324e+009
7.27	0.0189204	2.59324e+009
7.28	0.0188685	2.59324e+009
7.29	0.0188168	2.59324e+009
7.3	0.0187652	2.59324e+009
7.31	0.0187139	2.59324e+009
7.32	0.0186628	2.59324e+009
7.33	0.018612	2.59324e+009
7.34	0.0185613	2.59324e+009
7.35	0.0185108	2.59324e+009
7.36	0.0184605	2.59324e+009
7.37	0.0184105	2.59324e+009
7.38	0.0183606	2.59324e+009
7.39	0.018311	2.59324e+009
7.4	0.0182615	2.59324e+009
7.41	0.0182122	2.59324e+009
7.42	0.0181632	2.59324e+009
7.43	0.0181143	2.59324e+009
7.44	0.0180657	2.59324e+009
7.45	0.0180172	2.59324e+009
7.46	0.0179689	2.59324e+009
7.47	0.0179209	2.59324e+009
7.48	0.017873	2.59324e+009
7.49	0.0178253	2.59324e+009
7.5	0.0177778	2.59324e+009
7.51	0.0177305	2.59324e+009
7.52	0.0176833	2.59324e+009
7.53	0.0176364	2.59324e+009
7.54	0.0175897	2.59324e+009
7.55	0.0175431	2.59324e+009
7.56	0.0174967	2.59324e+009
7.57	0.0174505	2.59324e+009
7.58	0.0174045	2.59324e+009
7.59	0.0173587	2.59324e+009
7.6	0.017313	2.59324e+009
7.61	0.0172675	2.59324e+009
7.62	0.0172223	2.59324e+009
7.63	0.0171771	2.59324e+009
7.64	0.0171322	2.59324e+009
7.65	0.0170874	2.59324e+009
7.66	0.0170429	2.59324e+009
7.67	0.0169984	2.59324e+009
7.68	0.0169542	2.59324e+009
7.69	0.0169101	2.59324e+009
7.7	0.0168663	2.59324e+009
7.71	0.0168225	2.59324e+009
7.72	0.016779	2.59324e+009
7.73	0.0167356	2.59324e+009
7.74	0.0166924	2.59324e+009
7.75	0.0166493	2.59324e+009
7.76	0.0166064	2.59324e+009
7.77	0.0165637	2.59324e+009
7.78	0.0165212	2.59324e+009
7.79	0.0164788	2.59324e+009
7.8	0.0164366	2.59324e+009
7.81	0.0163945	2.59324e+009
7.82	0.0163526	2.59324e+009
7.83	0.0163108	2.59324e+009
7.84	0.0162693	2.59324e+009
7.85	0.0162278	2.59324e+009
7.86	0.0161866	2.59324e+009
7.87	0.0161455	2.59324e+009
7.88	0.0161045	2.59324e+009
7.89	0.0160637	2.59324e+009
7.9	0.0160231	2.59324e+009
7.91	0.0159826	2.59324e+009
7.92	0.0159423	2.59324e+009
7.93	0.0159021	2.59324e+009
7.94	0.015862	2.59324e+009
7.95	0.0158222	2.59324e+009
7.96	0.0157824	2.59324e+009
7.97	0.0157428	2.59324e+009
7.98	0.0157034	2.59324e+009
7.99	0.0156641	2.59324e+009
8	0.015625	2.59324e+009
8.01	0.015586	2.59324e+009
8.02	0.0155472	2.59324e+009
8.03	0.0155085	2.59324e+009
8.04	0.0154699	2.59324e+009
8.05	0.0154315	2.59324e+009
8.06	0.0153932	2.59324e+009
8.07	0.0153551	2.59324e+009
8.08	0.0153171	2.59324e+009
8.09	0.0152793	2.59324e+009
8.1	0.0152416	2.59324e+009
8.11	0.015204	2.59324e+009
8.12	0.0151666	2.59324e+009
8.13	0.0151293	2.59324e+009
8.14	0.0150922	2.59324e+009
8.15	0.0150551	2.59324e+009
8.16	0.0150183	2.59324e+009
8.17	0.0149815	2.59324e+009
8.18	0.0149449	2.59324e+009
8.19	0.0149084	2.59324e+009
8.2	0.0148721	2.59324e+009
8.21	0.0148359	2.59324e+009
8.22	0.0147998	2.59324e+009
8.23	0.0147639	2.59324e+009
8.24	0.0147281	2.59324e+009
8.25	0.0146924	2.59324e+009
8.26	0.0146568	2.59324e+009
8.27	0.0146214	2.59324e+009
8.28	0.0145861	2.59324e+009
8.29	0.0145509	2.59324e+009
8.3	0.0145159	2.59324e+009
8.31	0.014481	2.59324e+009
8.32	0.0144462	2.59324e+009
8.33	0.0144115	2.59324e+009
8.34	0.014377	2.59324e+009
8.35	0.0143426	2.59324e+009
8.36	0.0143083	2.59324e+009
8.37	0.0142741	2.59324e+009
8.38	0.0142401	2.59324e+009
8.39	0.0142061	2.59324e+009
8.4	0.0141723	2.59324e+009
8.41	0.0141387	2.59324e+009
8.42	0.0141051	2.59324e+009
8.43	0.0140716	2.59324e+009
8.44	0.0140383	2.59324e+009
8.45	0.0140051	2.59324e+009
8.46	0.013972	2.59324e+009
8.47	0.0139391	2.59324e+009
8.48	0.0139062	2.59324e+009
8.49	0.0138735	2.59324e+009
8.5	0.0138408	2.59324e+009
8.51	0.0138083	2.59324e+009
8.52	0.0137759	2.59324e+009
8.53	0.0137436	2.59324e+009
8.54	0.0137115	2.59324e+009
8.55	0.0136794	2.59324e+009
8.56	0.0136475	2.59324e+009
8.57	0.0136156	2.59324e+009
8.58	0.0135839	2.59324e+009
8.59	0.0135523	2.59324e+009
8.6	0.0135208	2.59324e+009
8.61	0.0134894	2.59324e+009
8.62	0.0134582	2.59324e+009
8.63	0.013427	2.59324e+009
8.64	0.0133959	2.59324e+009
8.65	0.013365	2.59324e+009
8.66	0.0133341	2.59324e+009
8.67	0.0133034	2.59324e+009
8.68	0.0132727	2.59324e+009
8.69	0.0132422	2.59324e+009
8.7	0.0132118	2.59324e+009
8.71	0.0131815	2.59324e+009
8.72	0.0131512	2.59324e+009
8.73	0.0131211	2.59324e+009
8.74	0.0130911	2.59324e+009
8.75	0.0130612	2.59324e+009
8.76	0.0130314	2.59324e+009
8.77	0.0130017	2.59324e+009
8.78	0.0129721	2.59324e+009
8.79	0.0129426	2.59324e+009
8.8	0.0129132	2.59324e+009
8.81	0.0128839	2.59324e+009
8.82	0.0128547	2.59324e+009
8.83	0.0128256	2.59324e+009
8.84	0.0127966	2.59324e+009
8.85	0.0127677	2.59324e+009
8.86	0.0127389	2.59324e+009
8.87	0.0127102	2.59324e+009
8.88	0.0126816	2.59324e+009
8.89	0.0126531	2.59324e+009
8.9	0.0126247	2.59324e+009
8.91	0.0125963	2.59324e+009
8.92	0.0125681	2.59324e+009
8.93	0.01254	2.59324e+009
8.94	0.0125119	2.59324e+009
8.95	0.012484	2.59324e+009
8.96	0.0124562	2.59324e+009
8.97	0.0124284	2.59324e+009
8.98	0.0124007	2.59324e+009
8.99	0.0123732	2.59324e+009
9	0.0123457	2.59324e+009
9.01	0.0123183	2.59324e+009
9.02	0.012291	2.59324e+009
9.03	0.0122638	2.59324e+009
9.04	0.0122367	2.59324e+009
9.05	0.0122096	2.59324e+009
9.06	0.0121827	2.59324e+009
9.07	0.0121559	2.59324e+009
9.08	0.0121291	2.59324e+009
9.09	0.0121024	2.59324e+009
9.1	0.0120758	2.59324e+009
9.11	0.0120493	2.59324e+009
9.12	0.0120229	2.59324e+009
9.13	0.0119966	2.59324e+009
9.14	0.0119704	2.59324e+009
9.15	0.0119442	2.59324e+009
9.16	0.0119182	2.59324e+009
9.17	0.0118922	2.59324e+009
9.18	0.0118663	2.59324e+009
9.19	0.0118405	2.59324e+009
9.2	0.0118147	2.59324e+009
9.21	0.0117891	2.59324e+009
9.22	0.0117635	2.59324e+009
9.23	0.0117381	2.59324e+009
9.24	0.0117127	2.59324e+009
9.25	0.0116874	2.59324e+009
9.26	0.0116621	2.59324e+009
9.27	0.011637	2.59324e+009
9.28	0.0116119	2.59324e+009
9.29	0.0115869	2.59324e+009
9.3	0.011562	2.59324e+009
9.31	0.0115372	2.59324e+009
9.32	0.0115125	2.59324e+009
9.33	0.0114878	2.59324e+009
9.34	0.0114632	2.59324e+009
9.35	0.0114387	2.59324e+009
9.36	0.0114143	2.59324e+009
9.37	0.0113899	2.59324e+009
9.38	0.0113657	2.59324e+009
9.39	0.0113415	2.59324e+009
9.4	0.0113173	2.59324e+009
9.41	0.0112933	2.59324e+009
9.42	0.0112693	2.59324e+009
9.43	0.0112454	2.59324e+009
9.44	0.0112216	2.59324e+009
9.45	0.0111979	2.59324e+009
9.46	0.0111742	2.59324e+009
9.47	0.0111506	2.59324e+009
9.48	0.0111271	2.59324e+009
9.49	0.0111037	2.59324e+009
9.5	0.0110803	2.59324e+009
9.51	0.011057	2.59324e+009
9.52	0.0110338	2.59324e+009
9.53	0.0110107	2.59324e+009
9.54	0.0109876	2.59324e+009
9.55	0.0109646	2.59324e+009
9.56	0.0109417	2.59324e+009
9.57	0.0109188	2.59324e+009
9.58	0.010896	2.59324e+009
9.59	0.0108733	2.59324e+009
9.6	0.0108507	2.59324e+009
9.61	0.0108281	2.59324e+009
9.62	0.0108056	2.59324e+009
9.63	0.0107832	2.59324e+009
9.64	0.0107608	2.59324e+009
9.65	0.0107385	2.59324e+009
9.66	0.0107163	2.59324e+009
9.67	0.0106942	2.59324e+009
9.68	0.0106721	2.59324e+009
9.69	0.0106501	2.59324e+009
9.7	0.0106281	2.59324e+009
9.71	0.0106062	2.59324e+009
9.72	0.0105844	2.59324e+009
9.73	0.0105627	2.59324e+009
9.74	0.010541	2.59324e+009
9.75	0.0105194	2.59324e+009
9.76	0.0104979	2.59324e+009
9.77	0.0104764	2.59324e+009
9.78	0.010455	2.59324e+009
9.79	0.0104336	2.59324e+009
9.8	0.0104123	2.59324e+009
9.81	0.0103911	2.59324e+009
9.82	0.01037	2.59324e+009
9.83	0.0103489	2.59324e+009
9.84	0.0103278	2.59324e+009
9.85	0.0103069	2.59324e+009
9.86	0.010286	2.59324e+009
9.87	0.0102652	2.59324e+009
9.88	0.0102444	2.59324e+009
9.89	0.0102237	2.59324e+009
9.9	0.010203	2.59324e+009
9.91	0.0101825	2.59324e+009
9.92	0.0101619	2.59324e+009
9.93	0.0101415	2.59324e+009
9.94	0.0101211	2.59324e+009
9.95	0.0101008	2.59324e+009
9.96	0.0100805	2.59324e+009
9.97	0.0100603	2.59324e+009
9.98	0.0100401	2.59324e+009
9.99	0.01002	2.59324e+009
10	0.01	2.59324e+009
10.01	0.00998003	2.59324e+009
10.02	0.00996012	2.59324e+009
10.03	0.00994027	2.59324e+009
10.04	0.00992048	2.59324e+009
10.05	0.00990075	2.59324e+009
10.06	0.00988107	2.59324e+009
10.07	0.00986146	2.59324e+009
10.08	0.0098419	2.59324e+009
10.09	0.0098224	2.59324e+009
10.1	0.00980296	2.59324e+009
10.11	0.00978358	2.59324e+009
10.12	0.00976425	2.59324e+009
10.13	0.00974498	2.59324e+009
10.14	0.00972577	2.59324e+009
10.15	0.00970662	2.59324e+009
10.16	0.00968752	2.59324e+009
10.17	0.00966848	2.59324e+009
10.18	0.00964949	2.59324e+009
10.19	0.00963056	2.59324e+009
10.2	0.00961169	2.59324e+009
10.21	0.00959287	2.59324e+009
10.22	0.00957411	2.59324e+009
10.23	0.0095554	2.59324e+009
10.24	0.00953674	2.59324e+009
10.25	0.00951814	2.59324e+009
10.26	0.0094996	2.59324e+009
10.27	0.00948111	2.59324e+009
10.28	0.00946267	2.59324e+009
10.29	0.00944429	2.59324e+009
10.3	0.00942596	2.59324e+009
10.31	0.00940768	2.59324e+009
10.32	0.00938946	2.59324e+009
10.33	0.00937129	2.59324e+009
10.34	0.00935317	2.59324e+009
10.35	0.00933511	2.59324e+009
10.36	0.00931709	2.59324e+009
10.37	0.00929913	2.59324e+009
10.38	0.00928122	2.59324e+009
10.39	0.00926337	2.59324e+009
10.4	0.00924556	2.59324e+009
10.41	0.00922781	2.59324e+009
10.42	0.0092101	2.59324e+009
10.43	0.00919245	2.59324e+009
10.44	0.00917485	2.59324e+009
10.45	0.0091573	2.59324e+009
10.46	0.0091398	2.59324e+009
10.47	0.00912235	2.59324e+009
10.48	0.00910495	2.59324e+009
10.49	0.0090876	2.59324e+009
10.5	0.00907029	2.59324e+009
10.51	0.00905304	2.59324e+009
10.52	0.00903584	2.59324e+009
10.53	0.00901869	2.59324e+009
10.54	0.00900158	2.59324e+009
10.55	0.00898452	2.59324e+009
10.56	0.00896752	2.59324e+009
10.57	0.00895056	2.59324e+009
10.58	0.00893364	2.59324e+009
10.59	0.00891678	2.59324e+009
10.6	0.00889996	2.59324e+009
10.61	0.0088832	2.59324e+009
10.62	0.00886647	2.59324e+009
10.63	0.0088498	2.59324e+009
10.64	0.00883317	2.59324e+009
10.65	0.00881659	2.59324e+009
10.66	0.00880006	2.59324e+009
10.67	0.00878357	2.59324e+009
10.68	0.00876713	2.59324e+009
10.69	0.00875074	2.59324e+009
10.7	0.00873439	2.59324e+009
10.71	0.00871808	2.59324e+009
10.72	0.00870183	2.59324e+009
10.73	0.00868561	2.59324e+009
10.74	0.00866945	2.59324e+009
10.75	0.00865333	2.59324e+009
10.76	0.00863725	2.59324e+009
10.77	0.00862122	2.59324e+009
10.78	0.00860523	2.59324e+009
10.79	0.00858929	2.59324e+009
10.8	0.00857339	2.59324e+009
10.81	0.00855753	2.59324e+009
10.82	0.00854172	2.59324e+009
10.83	0.00852596	2.59324e+009
10.84	0.00851023	2.59324e+009
10.85	0.00849455	2.59324e+009
10.86	0.00847892	2.59324e+009
10.87	0.00846332	2.59324e+009
10.88	0.00844777	2.59324e+009
10.89	0.00843226	2.59324e+009
10.9	0.0084168	2.59324e+009
10.91	0.00840138	2.59324e+009
10.92	0.008386	2.59324e+009
10.93	0.00837066	2.59324e+009
10.94	0.00835536	2.59324e+009
10.95	0.00834011	2.59324e+009
10.96	0.0083249	2.59324e+009
10.97	0.00830973	2.59324e+009
10.98	0.0082946	2.59324e+009
10.99	0.00827951	2.59324e+009
11	0.00826446	2.59324e+009
11.01	0.00824946	2.59324e+009
11.02	0.00823449	2.59324e+009
11.03	0.00821957	2.59324e+009
11.04	0.00820468	2.59324e+009
11.05	0.00818984	2.59324e+009
11.06	0.00817504	2.59324e+009
11.07	0.00816027	2.59324e+009
11.08	0.00814555	2.59324e+009
11.09	0.00813087	2.59324e+009
11.1	0.00811622	2.59324e+009
11.11	0.00810162	2.59324e+009
11.12	0.00808706	2.59324e+009
11.13	0.00807253	2.59324e+009
11.14	0.00805804	2.59324e+009
11.15	0.0080436	2.59324e+009
11.16	0.00802919	2.59324e+009
11.17	0.00801482	2.59324e+009
11.18	0.00800049	2.59324e+009
11.19	0.00798619	2.59324e+009
11.2	0.00797194	2.59324e+009
11.21	0.00795772	2.59324e+009
11.22	0.00794354	2.59324e+009
11.23	0.0079294	2.59324e+009
11.24	0.0079153	2.59324e+009
11.25	0.00790123	2.59324e+009
11.26	0.00788721	2.59324e+009
11.27	0.00787322	2.59324e+009
11.28	0.00785926	2.59324e+009
11.29	0.00784535	2.59324e+009
11.3	0.00783147	2.59324e+009
11.31	0.00781762	2.59324e+009
11.32	0.00780382	2.59324e+009
11.33	0.00779005	2.59324e+009
11.34	0.00777632	2.59324e+009
11.35	0.00776262	2.59324e+009
11.36	0.00774896	2.59324e+009
11.37	0.00773533	2.59324e+009
11.38	0.00772175	2.59324e+009
11.39	0.00770819	2.59324e+009
11.4	0.00769468	2.59324e+009
11.41	0.00768119	2.59324e+009
11.42	0.00766775	2.59324e+009
11.43	0.00765434	2.59324e+009
11.44	0.00764096	2.59324e+009
11.45	0.00762762	2.59324e+009
11.46	0.00761431	2.59324e+009
11.47	0.00760104	2.59324e+009
11.48	0.00758781	2.59324e+009
11.49	0.0075746	2.59324e+009
11.5	0.00756144	2.59324e+009
11.51	0.0075483	2.59324e+009
11.52	0.0075352	2.59324e+009
11.53	0.00752214	2.59324e+009
11.54	0.00750911	2.59324e+009
11.55	0.00749611	2.59324e+009
11.56	0.00748315	2.59324e+009
11.57	0.00747022	2.59324e+009
11.58	0.00745732	2.59324e+009
11.59	0.00744446	2.59324e+009
11.6	0.00743163	2.59324e+009
11.61	0.00741883	2.59324e+009
11.62	0.00740607	2.59324e+009
11.63	0.00739334	2.59324e+009
11.64	0.00738064	2.59324e+009
11.65	0.00736798	2.59324e+009
11.66	0.00735534	2.59324e+009
11.67	0.00734274	2.59324e+009
11.68	0.00733017	2.59324e+009
11.69	0.00731764	2.59324e+009
11.7	0.00730514	2.59324e+009
11.71	0.00729266	2.59324e+009
11.72	0.00728022	2.59324e+009
11.73	0.00726782	2.59324e+009
11.74	0.00725544	2.59324e+009
11.75	0.0072431	2.59324e+009
11.76	0.00723078	2.59324e+009
11.77	0.0072185	2.59324e+009
11.78	0.00720625	2.59324e+009
11.79	0.00719403	2.59324e+009
11.8	0.00718184	2.59324e+009
11.81	0.00716969	2.59324e+009
11.82	0.00715756	2.59324e+009
11.83	0.00714547	2.59324e+009
11.84	0.0071334	2.59324e+009
11.85	0.00712137	2.59324e+009
11.86	0.00710936	2.59324e+009
11.87	0.00709739	2.59324e+009
11.88	0.00708544	2.59324e+009
11.89	0.00707353	2.59324e+009
11.9	0.00706165	2.59324e+009
11.91	0.00704979	2.59324e+009
11.92	0.00703797	2.59324e+009
11.93	0.00702618	2.59324e+009
11.94	0.00701441	2.59324e+009
11.95	0.00700268	2.59324e+009
11.96	0.00699097	2.59324e+009
11.97	0.0069793	2.59324e+009
11.98	0.00696765	2.59324e+009
11.99	0.00695603	2.59324e+009
12	0.00694444	2.59324e+009
12.01	0.00693288	2.59324e+009
12.02	0.00692135	2.59324e+009
12.03	0.00690985	2.59324e+009
12.04	0.00689838	2.59324e+009
12.05	0.00688693	2.59324e+009
12.06	0.00687552	2.59324e+009
12.07	0.00686413	2.59324e+009
12.08	0.00685277	2.59324e+009
12.09	0.00684144	2.59324e+009
12.1	0.00683013	2.59324e+009
12.11	0.00681886	2.59324e+009
12.12	0.00680761	2.59324e+009
12.13	0.00679639	2.59324e+009
12.14	0.0067852	2.59324e+009
12.15	0.00677404	2.59324e+009
12.16	0.0067629	2.59324e+009
12.17	0.00675179	2.59324e+009
12.18	0.00674071	2.59324e+009
12.19	0.00672965	2.59324e+009
12.2	0.00671862	2.59324e+009
12.21	0.00670762	2.59324e+009
12.22	0.00669665	2.59324e+009
12.23	0.0066857	2.59324e+009
12.24	0.00667478	2.59324e+009
12.25	0.00666389	2.59324e+009
12.26	0.00665302	2.59324e+009
12.27	0.00664218	2.59324e+009
12.28	0.00663137	2.59324e+009
12.29	0.00662058	2.59324e+009
12.3	0.00660982	2.59324e+009
12.31	0.00659909	2.59324e+009
12.32	0.00658838	2.59324e+009
12.33	0.0065777	2.59324e+009
12.34	0.00656704	2.59324e+009
12.35	0.00655641	2.59324e+009
12.36	0.0065458	2.59324e+009
12.37	0.00653523	2.59324e+009
12.38	0.00652467	2.59324e+009
12.39	0.00651414	2.59324e+009
12.4	0.00650364	2.59324e+009
12.41	0.00649316	2.59324e+009
12.42	0.00648271	2.59324e+009
12.43	0.00647229	2.59324e+009
12.44	0.00646189	2.59324e+009
12.45	0.00645151	2.59324e+009
12.46	0.00644116	2.59324e+009
12.47	0.00643083	2.59324e+009
12.48	0.00642053	2.59324e+009
12.49	0.00641025	2.59324e+009
12.5	0.0064	2.59324e+009
12.51	0.00638977	2.59324e+009
12.52	0.00637957	2.59324e+009
12.53	0.00636939	2.59324e+009
12.54	0.00635924	2.59324e+009
12.55	0.00634911	2.59324e+009
12.56	0.006339	2.59324e+009
12.57	0.00632892	2.59324e+009
12.58	0.00631886	2.59324e+009
12.59	0.00630883	2.59324e+009
12.6	0.00629882	2.59324e+009
12.61	0.00628883	2.59324e+009
12.62	0.00627887	2.59324e+009
12.63	0.00626893	2.59324e+009
12.64	0.00625901	2.59324e+009
12.65	0.00624912	2.59324e+009
12.66	0.00623925	2.59324e+009
12.67	0.00622941	2.59324e+009
12.68	0.00621959	2.59324e+009
12.69	0.00620979	2.59324e+009
12.7	0.00620001	2.59324e+009
12.71	0.00619026	2.59324e+009
12.72	0.00618053	2.59324e+009
12.73	0.00617082	2.59324e+009
12.74	0.00616114	2.59324e+009
12.75	0.00615148	2.59324e+009
12.76	0.00614184	2.59324e+009
12.77	0.00613223	2.59324e+009
12.78	0.00612263	2.59324e+009
12.79	0.00611306	2.59324e+009
12.8	0.00610352	2.59324e+009
12.81	0.00609399	2.59324e+009
12.82	0.00608449	2.59324e+009
12.83	0.00607501	2.59324e+009
12.84	0.00606555	2.59324e+009
12.85	0.00605611	2.59324e+009
12.86	0.00604669	2.59324e+009
12.87	0.0060373	2.59324e+009
12.88	0.00602793	2.59324e+009
12.89	0.00601858	2.59324e+009
12.9	0.00600925	2.59324e+009
12.91	0.00599995	2.59324e+009
12.92	0.00599066	2.59324e+009
12.93	0.0059814	2.59324e+009
12.94	0.00597216	2.59324e+009
12.95	0.00596294	2.59324e+009
12.96	0.00595374	2.59324e+009
12.97	0.00594456	2.59324e+009
12.98	0.00593541	2.59324e+009
12.99	0.00592627	2.59324e+009
13	0.00591716	2.59324e+009
13.01	0.00590807	2.59324e+009
13.02	0.005899	2.59324e+009
13.03	0.00588994	2.59324e+009
13.04	0.00588091	2.59324e+009
13.05	0.0058719	2.59324e+009
13.06	0.00586292	2.59324e+009
13.07	0.00585395	2.59324e+009
13.08	0.005845	2.59324e+009
13.09	0.00583607	2.59324e+009
13.1	0.00582717	2.59324e+009
13.11	0.00581828	2.59324e+009
13.12	0.00580941	2.59324e+009
13.13	0.00580057	2.59324e+009
13.14	0.00579174	2.59324e+009
13.15	0.00578294	2.59324e+009
13.16	0.00577415	2.59324e+009
13.17	0.00576539	2.59324e+009
13.18	0.00575664	2.59324e+009
13.19	0.00574792	2.59324e+009
13.2	0.00573921	2.59324e+009
13.21	0.00573052	2.59324e+009
13.22	0.00572186	2.59324e+009
13.23	0.00571321	2.59324e+009
13.24	0.00570458	2.59324e+009
13.25	0.00569598	2.59324e+009
13.26	0.00568739	2.59324e+009
13.27	0.00567882	2.59324e+009
13.28	0.00567027	2.59324e+009
13.29	0.00566174	2.59324e+009
13.3	0.00565323	2.59324e+009
13.31	0.00564474	2.59324e+009
13.32	0.00563627	2.59324e+009
13.33	0.00562781	2.59324e+009
13.34	0.00561938	2.59324e+009
13.35	0.00561096	2.59324e+009
13.36	0.00560257	2.59324e+009
13.37	0.00559419	2.59324e+009
13.38	0.00558583	2.59324e+009
13.39	0.00557749	2.59324e+009
13.4	0.00556917	2.59324e+009
13.41	0.00556087	2.59324e+009
13.42	0.00555258	2.59324e+009
13.43	0.00554432	2.59324e+009
13.44	0.00553607	2.59324e+009
13.45	0.00552784	2.59324e+009
13.46	0.00551963	2.59324e+009
13.47	0.00551144	2.59324e+009
13.48	0.00550326	2.59324e+009
13.49	0.00549511	2.59324e+009
13.5	0.00548697	2.59324e+009
13.51	0.00547885	2.59324e+009
13.52	0.00547075	2.59324e+009
13.53	0.00546266	2.59324e+009
13.54	0.0054546	2.59324e+009
13.55	0.00544655	2.59324e+009
13.56	0.00543852	2.59324e+009
13.57	0.00543051	2.59324e+009
13.58	0.00542251	2.59324e+009
13.59	0.00541453	2.59324e+009
13.6	0.00540657	2.59324e+009
13.61	0.00539863	2.59324e+009
13.62	0.00539071	2.59324e+009
13.63	0.0053828	2.59324e+009
13.64	0.00537491	2.59324e+009
13.65	0.00536704	2.59324e+009
13.66	0.00535918	2.59324e+009
13.67	0.00535135	2.59324e+009
13.68	0.00534352	2.59324e+009
13.69	0.00533572	2.59324e+009
13.7	0.00532793	2.59324e+009
13.71	0.00532016	2.59324e+009
13.72	0.00531241	2.59324e+009
13.73	0.00530468	2.59324e+009
13.74	0.00529696	2.59324e+009
13.75	0.00528926	2.59324e+009
13.76	0.00528157	2.59324e+009
13.77	0.0052739	2.59324e+009
13.78	0.00526625	2.59324e+009
13.79	0.00525862	2.59324e+009
13.8	0.005251	2.59324e+009
13.81	0.0052434	2.59324e+009
13.82	0.00523581	2.59324e+009
13.83	0.00522824	2.59324e+009
13.84	0.00522069	2.59324e+009
13.85	0.00521315	2.59324e+009
13.86	0.00520563	2.59324e+009
13.87	0.00519813	2.59324e+009
13.88	0.00519064	2.59324e+009
13.89	0.00518317	2.59324e+009
13.9	0.00517572	2.59324e+009
13.91	0.00516828	2.59324e+009
13.92	0.00516085	2.59324e+009
13.93	0.00515345	2.59324e+009
13.94	0.00514606	2.59324e+009
13.95	0.00513868	2.59324e+009
13.96	0.00513132	2.59324e+009
13.97	0.00512398	2.59324e+009
13.98	0.00511665	2.59324e+009
13.99	0.00510934	2.59324e+009
14	0.00510204	2.59324e+009
14.01	0.00509476	2.59324e+009
14.02	0.00508749	2.59324e+009
14.03	0.00508025	2.59324e+009
14.04	0.00507301	2.59324e+009
14.05	0.00506579	2.59324e+009
14.06	0.00505859	2.59324e+009
14.07	0.0050514	2.59324e+009
14.08	0.00504423	2.59324e+009
14.09	0.00503707	2.59324e+009
14.1	0.00502993	2.59324e+009
14.11	0.0050228	2.59324e+009
14.12	0.00501569	2.59324e+009
14.13	0.00500859	2.59324e+009
14.14	0.00500151	2.59324e+009
14.15	0.00499444	2.59324e+009
14.16	0.00498739	2.59324e+009
14.17	0.00498035	2.59324e+009
14.18	0.00497333	2.59324e+009
14.19	0.00496633	2.59324e+009
14.2	0.00495933	2.59324e+009
14.21	0.00495236	2.59324e+009
14.22	0.00494539	2.59324e+009
14.23	0.00493844	2.59324e+009
14.24	0.00493151	2.59324e+009
14.25	0.00492459	2.59324e+009
14.26	0.00491769	2.59324e+009
14.27	0.0049108	2.59324e+009
14.28	0.00490392	2.59324e+009
14.29	0.00489706	2.59324e+009
14.3	0.00489021	2.59324e+009
14.31	0.00488338	2.59324e+009
14.32	0.00487656	2.59324e+009
14.33	0.00486976	2.59324e+009
14.34	0.00486297	2.59324e+009
14.35	0.0048562	2.59324e+009
14.36	0.00484943	2.59324e+009
14.37	0.00484269	2.59324e+009
14.38	0.00483595	2.59324e+009
14.39	0.00482924	2.59324e+009
14.4	0.00482253	2.59324e+009
14.41	0.00481584	2.59324e+009
14.42	0.00480916	2.59324e+009
14.43	0.0048025	2.59324e+009
14.44	0.00479585	2.59324e+009
14.45	0.00478921	2.59324e+009
14.46	0.00478259	2.59324e+009
14.47	0.00477598	2.59324e+009
14.48	0.00476939	2.59324e+009
14.49	0.00476281	2.59324e+009
14.5	0.00475624	2.59324e+009
14.51	0.00474969	2.59324e+009
14.52	0.00474315	2.59324e+009
14.53	0.00473662	2.59324e+009
14.54	0.00473011	2.59324e+009
14.55	0.00472361	2.59324e+009
14.56	0.00471712	2.59324e+009
14.57	0.00471065	2.59324e+009
14.58	0.00470419	2.59324e+009
14.59	0.00469774	2.59324e+009
14.6	0.00469131	2.59324e+009
14.61	0.00468489	2.59324e+009
14.62	0.00467849	2.59324e+009
14.63	0.00467209	2.59324e+009
14.64	0.00466571	2.59324e+009
14.65	0.00465934	2.59324e+009
14.66	0.00465299	2.59324e+009
14.67	0.00464665	2.59324e+009
14.68	0.00464032	2.59324e+009
14.69	0.004634	2.59324e+009
14.7	0.0046277	2.59324e+009
14.71	0.00462141	2.59324e+009
14.72	0.00461513	2.59324e+009
14.73	0.00460887	2.59324e+009
14.74	0.00460262	2.59324e+009
14.75	0.00459638	2.59324e+009
14.76	0.00459015	2.59324e+009
14.77	0.00458394	2.59324e+009
14.78	0.00457774	2.59324e+009
14.79	0.00457155	2.59324e+009
14.8	0.00456538	2.59324e+009
14.81	0.00455921	2.59324e+009
14.82	0.00455306	2.59324e+009
14.83	0.00454692	2.59324e+009
14.84	0.0045408	2.59324e+009
14.85	0.00453468	2.59324e+009
14.86	0.00452858	2.59324e+009
14.87	0.00452249	2.59324e+009
14.88	0.00451642	2.59324e+009
14.89	0.00451035	2.59324e+009
14.9	0.0045043	2.59324e+009
14.91	0.00449826	2.59324e+009
14.92	0.00449223	2.59324e+009
14.93	0.00448622	2.59324e+009
14.94	0.00448021	2.59324e+009
14.95	0.00447422	2.59324e+009
14.96	0.00446824	2.59324e+009
14.97	0.00446228	2.59324e+009
14.98	0.00445632	2.59324e+009
14.99	0.00445038	2.59324e+009
15	0.00444444	2.59324e+009
15.01	0.00443852	2.59324e+009
15.02	0.00443262	2.59324e+009
15.03	0.00442672	2.59324e+009
15.04	0.00442084	2.59324e+009
15.05	0.00441496	2.59324e+009
15.06	0.0044091	2.59324e+009
15.07	0.00440325	2.59324e+009
15.08	0.00439741	2.59324e+009
15.09	0.00439159	2.59324e+009
15.1	0.00438577	2.59324e+009
15.11	0.00437997	2.59324e+009
15.12	0.00437418	2.59324e+009
15.13	0.0043684	2.59324e+009
15.14	0.00436263	2.59324e+009
15.15	0.00435687	2.59324e+009
15.16	0.00435113	2.59324e+009
15.17	0.00434539	2.59324e+009
15.18	0.00433967	2.59324e+009
15.19	0.00433396	2.59324e+009
15.2	0.00432825	2.59324e+009
15.21	0.00432257	2.59324e+009
15.22	0.00431689	2.59324e+009
15.23	0.00431122	2.59324e+009
15.24	0.00430556	2.59324e+009
15.25	0.00429992	2.59324e+009
15.26	0.00429429	2.59324e+009
15.27	0.00428866	2.59324e+009
15.28	0.00428305	2.59324e+009
15.29	0.00427745	2.59324e+009
15.3	0.00427186	2.59324e+009
15.31	0.00426628	2.59324e+009
15.32	0.00426071	2.59324e+009
15.33	0.00425516	2.59324e+009
15.34	0.00424961	2.59324e+009
15.35	0.00424408	2.59324e+009
15.36	0.00423855	2.59324e+009
15.37	0.00423304	2.59324e+009
15.38	0.00422754	2.59324e+009
15.39	0.00422204	2.59324e+009
15.4	0.00421656	2.59324e+009
15.41	0.00421109	2.59324e+009
15.42	0.00420563	2.59324e+009
15.43	0.00420018	2.59324e+009
15.44	0.00419474	2.59324e+009
15.45	0.00418932	2.59324e+009
15.46	0.0041839	2.59324e+009
15.47	0.00417849	2.59324e+009
15.48	0.00417309	2.59324e+009
15.49	0.00416771	2.59324e+009
15.5	0.00416233	2.59324e+009
15.51	0.00415697	2.59324e+009
15.52	0.00415161	2.59324e+009
15.53	0.00414627	2.59324e+009
15.54	0.00414093	2.59324e+009
15.55	0.00413561	2.59324e+009
15.56	0.00413029	2.59324e+009
15.57	0.00412499	2.59324e+009
15.58	0.0041197	2.59324e+009
15.59	0.00411441	2.59324e+009
15.6	0.00410914	2.59324e+009
15.61	0.00410388	2.59324e+009
15.62	0.00409862	2.59324e+009
15.63	0.00409338	2.59324e+009
15.64	0.00408815	2.59324e+009
15.65	0.00408292	2.59324e+009
15.66	0.00407771	2.59324e+009
15.67	0.00407251	2.59324e+009
15.68	0.00406732	2.59324e+009
15.69	0.00406213	2.59324e+009
15.7	0.00405696	2.59324e+009
15.71	0.0040518	2.59324e+009
15.72	0.00404664	2.59324e+009
15.73	0.0040415	2.59324e+009
15.74	0.00403637	2.59324e+009
15.75	0.00403124	2.59324e+009
15.76	0.00402613	2.59324e+009
15.77	0.00402102	2.59324e+009
15.78	0.00401593	2.59324e+009
15.79	0.00401084	2.59324e+009
15.8	0.00400577	2.59324e+009
15.81	0.0040007	2.59324e+009
15.82	0.00399565	2.59324e+009
15.83	0.0039906	2.59324e+009
15.84	0.00398556	2.59324e+009
15.85	0.00398054	2.59324e+009
15.86	0.00397552	2.59324e+009
15.87	0.00397051	2.59324e+009
15.88	0.00396551	2.59324e+009
15.89	0.00396052	2.59324e+009
15.9	0.00395554	2.59324e+009
15.91	0.00395057	2.59324e+009
15.92	0.00394561	2.59324e+009
15.93	0.00394066	2.59324e+009
15.94	0.00393571	2.59324e+009
15.95	0.00393078	2.59324e+009
15.96	0.00392585	2.59324e+009
15.97	0.00392094	2.59324e+009
15.98	0.00391603	2.59324e+009
15.99	0.00391114	2.59324e+009
16	0.00390625	2.59324e+009
16.01	0.00390137	2.59324e+009
16.02	0.0038965	2.59324e+009
16.03	0.00389164	2.59324e+009
16.04	0.00388679	2.59324e+009
16.05	0.00388195	2.59324e+009
16.06	0.00387712	2.59324e+009
16.07	0.00387229	2.59324e+009
16.08	0.00386748	2.59324e+009
16.09	0.00386267	2.59324e+009
16.1	0.00385788	2.59324e+009
16.11	0.00385309	2.59324e+009
16.12	0.00384831	2.59324e+009
16.13	0.00384354	2.59324e+009
16.14	0.00383878	2.59324e+009
16.15	0.00383403	2.59324e+009
16.16	0.00382928	2.59324e+009
16.17	0.00382455	2.59324e+009
16.18	0.00381982	2.59324e+009
16.19	0.0038151	2.59324e+009
16.2	0.00381039	2.59324e+009
16.21	0.00380569	2.59324e+009
16.22	0.003801	2.59324e+009
16.23	0.00379632	2.59324e+009
16.24	0.00379165	2.59324e+009
16.25	0.00378698	2.59324e+009
16.26	0.00378233	2.59324e+009
16.27	0.00377768	2.59324e+009
16.28	0.00377304	2.59324e+009
16.29	0.00376841	2.59324e+009
16.3	0.00376378	2.59324e+009
16.31	0.00375917	2.59324e+009
16.32	0.00375457	2.59324e+009
16.33	0.00374997	2.59324e+009
16.34	0.00374538	2.59324e+009
16.35	0.0037408	2.59324e+009
16.36	0.00373623	2.59324e+009
16.37	0.00373166	2.59324e+009
16.38	0.00372711	2.59324e+009
16.39	0.00372256	2.59324e+009
16.4	0.00371802	2.59324e+009
16.41	0.00371349	2.59324e+009
16.42	0.00370897	2.59324e+009
16.43	0.00370446	2.59324e+009
16.44	0.00369995	2.59324e+009
16.45	0.00369546	2.59324e+009
16.46	0.00369097	2.59324e+009
16.47	0.00368649	2.59324e+009
16.48	0.00368202	2.59324e+009
16.49	0.00367755	2.59324e+009
16.5	0.00367309	2.59324e+009
16.51	0.00366865	2.59324e+009
16.52	0.00366421	2.59324e+009
16.53	0.00365977	2.59324e+009
16.54	0.00365535	2.59324e+009
16.55	0.00365093	2.59324e+009
16.56	0.00364653	2.59324e+009
16.57	0.00364213	2.59324e+009
16.58	0.00363773	2.59324e+009
16.59	0.00363335	2.59324e+009
16.6	0.00362897	2.59324e+009
16.61	0.00362461	2.59324e+009
16.62	0.00362024	2.59324e+009
16.63	0.00361589	2.59324e+009
16.64	0.00361155	2.59324e+009
16.65	0.00360721	2.59324e+009
16.66	0.00360288	2.59324e+009
16.67	0.00359856	2.59324e+009
16.68	0.00359425	2.59324e+009
16.69	0.00358994	2.59324e+009
16.7	0.00358564	2.59324e+009
16.71	0.00358135	2.59324e+009
16.72	0.00357707	2.59324e+009
16.73	0.0035728	2.59324e+009
16.74	0.00356853	2.59324e+009
16.75	0.00356427	2.59324e+009
16.76	0.00356002	2.59324e+009
16.77	0.00355577	2.59324e+009
16.78	0.00355153	2.59324e+009
16.79	0.00354731	2.59324e+009
16.8	0.00354308	2.59324e+009
16.81	0.00353887	2.59324e+009
16.82	0.00353466	2.59324e+009
16.83	0.00353046	2.59324e+009
16.84	0.00352627	2.59324e+009
16.85	0.00352209	2.59324e+009
16.86	0.00351791	2.59324e+009
16.87	0.00351374	2.59324e+009
16.88	0.00350958	2.59324e+009
16.89	0.00350543	2.59324e+009
16.9	0.00350128	2.59324e+009
16.91	0.00349714	2.59324e+009
16.92	0.00349301	2.59324e+009
16.93	0.00348888	2.59324e+009
16.94	0.00348476	2.59324e+009
16.95	0.00348065	2.59324e+009
16.96	0.00347655	2.59324e+009
16.97	0.00347245	2.59324e+009
16.98	0.00346836	2.59324e+009
16.99	0.00346428	2.59324e+009
17	0.00346021	2.59324e+009
17.01	0.00345614	2.59324e+009
17.02	0.00345208	2.59324e+009
17.03	0.00344803	2.59324e+009
17.04	0.00344398	2.59324e+009
17.05	0.00343994	2.59324e+009
17.06	0.00343591	2.59324e+009
17.07	0.00343189	2.59324e+009
17.08	0.00342787	2.59324e+009
17.09	0.00342386	2.59324e+009
17.1	0.00341986	2.59324e+009
17.11	0.00341586	2.59324e+009
17.12	0.00341187	2.59324e+009
17.13	0.00340789	2.59324e+009
17.14	0.00340391	2.59324e+009
17.15	0.00339994	2.59324e+009
17.16	0.00339598	2.59324e+009
17.17	0.00339203	2.59324e+009
17.18	0.00338808	2.59324e+009
17.19	0.00338414	2.59324e+009
17.2	0.00338021	2.59324e+009
17.21	0.00337628	2.59324e+009
17.22	0.00337236	2.59324e+009
17.23	0.00336844	2.59324e+009
17.24	0.00336454	2.59324e+009
17.25	0.00336064	2.59324e+009
17.26	0.00335675	2.59324e+009
17.27	0.00335286	2.59324e+009
17.28	0.00334898	2.59324e+009
17.29	0.00334511	2.59324e+009
17.3	0.00334124	2.59324e+009
17.31	0.00333738	2.59324e+009
17.32	0.00333353	2.59324e+009
17.33	0.00332968	2.59324e+009
17.34	0.00332584	2.59324e+009
17.35	0.00332201	2.59324e+009
17.36	0.00331818	2.59324e+009
17.37	0.00331437	2.59324e+009
17.38	0.00331055	2.59324e+009
17.39	0.00330675	2.59324e+009
17.4	0.00330295	2.59324e+009
17.41	0.00329915	2.59324e+009
17.42	0.00329537	2.59324e+009
17.43	0.00329159	2.59324e+009
17.44	0.00328781	2.59324e+009
17.45	0.00328405	2.59324e+009
17.46	0.00328028	2.59324e+009
17.47	0.00327653	2.59324e+009
17.48	0.00327278	2.59324e+009
17.49	0.00326904	2.59324e+009
17.5	0.00326531	2.59324e+009
17.51	0.00326158	2.59324e+009
17.52	0.00325786	2.59324e+009
17.53	0.00325414	2.59324e+009
17.54	0.00325043	2.59324e+009
17.55	0.00324673	2.59324e+009
17.56	0.00324303	2.59324e+009
17.57	0.00323934	2.59324e+009
17.58	0.00323566	2.59324e+009
17.59	0.00323198	2.59324e+009
17.6	0.00322831	2.59324e+009
17.61	0.00322464	2.59324e+009
17.62	0.00322098	2.59324e+009
17.63	0.00321733	2.59324e+009
17.64	0.00321368	2.59324e+009
17.65	0.00321004	2.59324e+009
17.66	0.00320641	2.59324e+009
17.67	0.00320278	2.59324e+009
17.68	0.00319916	2.59324e+009
17.69	0.00319554	2.59324e+009
17.7	0.00319193	2.59324e+009
17.71	0.00318833	2.59324e+009
17.72	0.00318473	2.59324e+009
17.73	0.00318114	2.59324e+009
17.74	0.00317755	2.59324e+009
17.75	0.00317397	2.59324e+009
17.76	0.0031704	2.59324e+009
17.77	0.00316683	2.59324e+009
17.78	0.00316327	2.59324e+009
17.79	0.00315972	2.59324e+009
17.8	0.00315617	2.59324e+009
17.81	0.00315262	2.59324e+009
17.82	0.00314909	2.59324e+009
17.83	0.00314556	2.59324e+009
17.84	0.00314203	2.59324e+009
17.85	0.00313851	2.59324e+009
17.86	0.003135	2.59324e+009
17.87	0.00313149	2.59324e+009
17.88	0.00312799	2.59324e+009
17.89	0.00312449	2.59324e+009
17.9	0.003121	2.59324e+009
17.91	0.00311752	2.59324e+009
17.92	0.00311404	2.59324e+009
17.93	0.00311057	2.59324e+009
17.94	0.0031071	2.59324e+009
17.95	0.00310364	2.59324e+009
17.96	0.00310018	2.59324e+009
17.97	0.00309673	2.59324e+009
17.98	0.00309329	2.59324e+009
17.99	0.00308985	2.59324e+009
18	0.00308642	2.59324e+009
18.01	0.00308299	2.59324e+009
18.02	0.00307957	2.59324e+009
18.03	0.00307616	2.59324e+009
18.04	0.00307275	2.59324e+009
18.05	0.00306934	2.59324e+009
18.06	0.00306595	2.59324e+009
18.07	0.00306255	2.59324e+009
18.08	0.00305917	2.59324e+009
18.09	0.00305579	2.59324e+009
18.1	0.00305241	2.59324e+009
18.11	0.00304904	2.59324e+009
18.12	0.00304568	2.59324e+009
18.13	0.00304232	2.59324e+009
18.14	0.00303896	2.59324e+009
18.15	0.00303562	2.59324e+009
18.16	0.00303227	2.59324e+009
18.17	0.00302894	2.59324e+009
18.18	0.00302561	2.59324e+009
18.19	0.00302228	2.59324e+009
18.2	0.00301896	2.59324e+009
18.21	0.00301564	2.59324e+009
18.22	0.00301233	2.59324e+009
18.23	0.00300903	2.59324e+009
18.24	0.00300573	2.59324e+009
18.25	0.00300244	2.59324e+009
18.26	0.00299915	2.59324e+009
18.27	0.00299587	2.59324e+009
18.28	0.00299259	2.59324e+009
18.29	0.00298932	2.59324e+009
18.3	0.00298606	2.59324e+009
18.31	0.00298279	2.59324e+009
18.32	0.00297954	2.59324e+009
18.33	0.00297629	2.59324e+009
18.34	0.00297304	2.59324e+009
18.35	0.0029698	2.59324e+009
18.36	0.00296657	2.59324e+009
18.37	0.00296334	2.59324e+009
18.38	0.00296012	2.59324e+009
18.39	0.0029569	2.59324e+009
18.4	0.00295369	2.59324e+009
18.41	0.00295048	2.59324e+009
18.42	0.00294728	2.59324e+009
18.43	0.00294408	2.59324e+009
18.44	0.00294089	2.59324e+009
18.45	0.0029377	2.59324e+009
18.46	0.00293452	2.59324e+009
18.47	0.00293134	2.59324e+009
18.48	0.00292817	2.59324e+009
18.49	0.002925	2.59324e+009
18.5	0.00292184	2.59324e+009
18.51	0.00291868	2.59324e+009
18.52	0.00291553	2.59324e+009
18.53	0.00291239	2.59324e+009
18.54	0.00290925	2.59324e+009
18.55	0.00290611	2.59324e+009
18.56	0.00290298	2.59324e+009
18.57	0.00289985	2.59324e+009
18.58	0.00289673	2.59324e+009
18.59	0.00289362	2.59324e+009
18.6	0.00289051	2.59324e+009
18.61	0.0028874	2.59324e+009
18.62	0.0028843	2.59324e+009
18.63	0.00288121	2.59324e+009
18.64	0.00287812	2.59324e+009
18.65	0.00287503	2.59324e+009
18.66	0.00287195	2.59324e+009
18.67	0.00286887	2.59324e+009
18.68	0.0028658	2.59324e+009
18.69	0.00286274	2.59324e+009
18.7	0.00285968	2.59324e+009
18.71	0.00285662	2.59324e+009
18.72	0.00285357	2.59324e+009
18.73	0.00285052	2.59324e+009
18.74	0.00284748	2.59324e+009
18.75	0.00284444	2.59324e+009
18.76	0.00284141	2.59324e+009
18.77	0.00283839	2.59324e+009
18.78	0.00283536	2.59324e+009
18.79	0.00283235	2.59324e+009
18.8	0.00282933	2.59324e+009
18.81	0.00282633	2.59324e+009
18.82	0.00282332	2.59324e+009
18.83	0.00282033	2.59324e+009
18.84	0.00281733	2.59324e+009
18.85	0.00281434	2.59324e+009
18.86	0.00281136	2.59324e+009
18.87	0.00280838	2.59324e+009
18.88	0.00280541	2.59324e+009
18.89	0.00280244	2.59324e+009
18.9	0.00279947	2.59324e+009
18.91	0.00279651	2.59324e+009
18.92	0.00279356	2.59324e+009
18.93	0.00279061	2.59324e+009
18.94	0.00278766	2.59324e+009
18.95	0.00278472	2.59324e+009
18.96	0.00278178	2.59324e+009
18.97	0.00277885	2.59324e+009
18.98	0.00277592	2.59324e+009
18.99	0.002773	2.59324e+009
19	0.00277008	2.59324e+009
19.01	0.00276717	2.59324e+009
19.02	0.00276426	2.59324e+009
19.03	0.00276136	2.59324e+009
19.04	0.00275846	2.59324e+009
19.05	0.00275556	2.59324e+009
19.06	0.00275267	2.59324e+009
19.07	0.00274978	2.59324e+009
19.08	0.0027469	2.59324e+009
19.09	0.00274403	2.59324e+009
19.1	0.00274115	2.59324e+009
19.11	0.00273828	2.59324e+009
19.12	0.00273542	2.59324e+009
19.13	0.00273256	2.59324e+009
19.14	0.00272971	2.59324e+009
19.15	0.00272686	2.59324e+009
19.16	0.00272401	2.59324e+009
19.17	0.00272117	2.59324e+009
19.18	0.00271833	2.59324e+009
19.19	0.0027155	2.59324e+009
19.2	0.00271267	2.59324e+009
19.21	0.00270985	2.59324e+009
19.22	0.00270703	2.59324e+009
19.23	0.00270422	2.59324e+009
19.24	0.00270141	2.59324e+009
19.25	0.0026986	2.59324e+009
19.26	0.0026958	2.59324e+009
19.27	0.002693	2.59324e+009
19.28	0.00269021	2.59324e+009
19.29	0.00268742	2.59324e+009
19.3	0.00268464	2.59324e+009
19.31	0.00268186	2.59324e+009
19.32	0.00267908	2.59324e+009
19.33	0.00267631	2.59324e+009
19.34	0.00267354	2.59324e+009
19.35	0.00267078	2.59324e+009
19.36	0.00266802	2.59324e+009
19.37	0.00266527	2.59324e+009
19.38	0.00266252	2.59324e+009
19.39	0.00265977	2.59324e+009
19.4	0.00265703	2.59324e+009
19.41	0.00265429	2.59324e+009
19.42	0.00265156	2.59324e+009
19.43	0.00264883	2.59324e+009
19.44	0.00264611	2.59324e+009
19.45	0.00264339	2.59324e+009
19.46	0.00264067	2.59324e+009
19.47	0.00263796	2.59324e+009
19.48	0.00263525	2.59324e+009
19.49	0.00263255	2.59324e+009
19.5	0.00262985	2.59324e+009
19.51	0.00262715	2.59324e+009
19.52	0.00262446	2.59324e+009
19.53	0.00262178	2.59324e+009
19.54	0.00261909	2.59324e+009
19.55	0.00261641	2.59324e+009
19.56	0.00261374	2.59324e+009
19.57	0.00261107	2.59324e+009
19.58	0.0026084	2.59324e+009
19.59	0.00260574	2.59324e+009
19.6	0.00260308	2.59324e+009
19.61	0.00260043	2.59324e+009
19.62	0.00259778	2.59324e+009
19.63	0.00259513	2.59324e+009
19.64	0.00259249	2.59324e+009
19.65	0.00258985	2.59324e+009
19.66	0.00258722	2.59324e+009
19.67	0.00258459	2.59324e+009
19.68	0.00258196	2.59324e+009
19.69	0.00257934	2.59324e+009
19.7	0.00257672	2.59324e+009
19.71	0.00257411	2.59324e+009
19.72	0.0025715	2.59324e+009
19.73	0.00256889	2.59324e+009
19.74	0.00256629	2.59324e+009
19.75	0.00256369	2.59324e+009
19.76	0.0025611	2.59324e+009
19.77	0.00255851	2.59324e+009
19.78	0.00255592	2.59324e+009
19.79	0.00255334	2.59324e+009
19.8	0.00255076	2.59324e+009
19.81	0.00254819	2.59324e+009
19.82	0.00254561	2.59324e+009
19.83	0.00254305	2.59324e+009
19.84	0.00254049	2.59324e+009
19.85	0.00253793	2.59324e+009
19.86	0.00253537	2.59324e+009
19.87	0.00253282	2.59324e+009
19.88	0.00253027	2.59324e+009
19.89	0.00252773	2.59324e+009
19.9	0.00252519	2.59324e+009
19.91	0.00252265	2.59324e+009
19.92	0.00252012	2.59324e+009
19.93	0.00251759	2.59324e+009
19.94	0.00251507	2.59324e+009
19.95	0.00251255	2.59324e+009
19.96	0.00251003	2.59324e+009
19.97	0.00250752	2.59324e+009
19.98	0.00250501	2.59324e+009
19.99	0.0025025	2.59324e+009
