0	1
0	0.997654	0.666666	-4.29501e+008	-1.#INF	1.#INF
0.01	0.997608	0.666666	-4.29501e+008	-6400	6.3705e-007
0.02	0.997623	0.666666	-4.29501e+008	-2400	3.43412e-007
0.03	0.997608	0.666666	-4.29501e+008	-1066.67	2.28227e-007
0.04	0.997654	0.666666	-4.29501e+008	-600	1.48605e-007
0.05	0.997639	0.666666	-4.29501e+008	-384	1.28172e-007
0.06	0.997577	0.666666	-4.29501e+008	-266.667	1.29037e-007
0.07	0.99767	0.666666	-4.29501e+008	-195.918	9.18237e-008
0.08	0.997623	0.666666	-4.29501e+008	-100	8.5853e-008
0.09	0.99767	0.666666	-4.29501e+008	-118.519	7.14184e-008
0.1	0.997608	0.666666	-4.29501e+008	-96	7.3231e-008
0.11	0.997608	0.666666	-4.29501e+008	-52.8926	5.79137e-008
0.12	0.997623	0.666666	-4.29501e+008	-88.8889	5.32661e-008
0.13	0.997623	0.666666	-4.29501e+008	-37.8698	5.64964e-008
0.14	0.997623	0.666666	-4.29501e+008	-65.3061	4.90588e-008
0.15	0.997593	0.666666	-4.29501e+008	-42.6667	4.8646e-008
0.16	0.997593	0.666666	-4.29501e+008	-37.5	3.96519e-008
0.17	0.997623	0.666666	-4.29501e+008	-22.1453	3.75996e-008
0.18	0.997608	0.666666	-4.29501e+008	-39.5062	4.333e-008
0.19	0.997654	0.666666	-4.29501e+008	-26.5928	3.37922e-008
0.2	0.997593	0.666666	-4.29501e+008	-16	3.8866e-008
0.21	0.997623	0.666666	-4.29501e+008	-14.5125	3.27059e-008
0.22	0.997593	0.666666	-4.29501e+008	-13.2231	3.10028e-008
0.23	0.997623	0.666666	-4.29501e+008	-18.1474	2.98619e-008
0.24	0.997654	0.666666	-4.29501e+008	-16.6667	2.87367e-008
0.25	0.997654	0.666666	-4.29501e+008	-20.48	2.56821e-008
0.26	0.997623	0.666666	-4.29501e+008	-9.46746	2.64163e-008
0.27	0.997593	0.666666	-4.29501e+008	-8.77915	2.70256e-008
0.28	0.997639	0.666666	-4.29501e+008	-12.2449	2.4589e-008
0.29	0.997546	0.666666	-4.29501e+008	-15.22	2.8077e-008
0.3	0.997623	0.666666	-4.29501e+008	-10.6667	2.28941e-008
0.31	0.99767	0.666666	-4.29501e+008	-9.98959	2.07344e-008
0.32	0.99767	0.666666	-4.29501e+008	-9.375	1.8598e-008
0.33	0.99767	0.666666	-4.29501e+008	-8.81543	1.80344e-008
0.34	0.997608	0.666666	-4.29501e+008	-8.3045	2.01377e-008
0.35	0.997623	0.666666	-4.29501e+008	-5.22449	1.96235e-008
0.36	0.99767	0.666666	-4.29501e+008	-7.40741	1.78546e-008
0.37	0.99767	0.666666	-4.29501e+008	-7.01242	1.60848e-008
0.38	0.997593	0.666666	-4.29501e+008	-6.6482	2.17092e-008
0.39	0.997608	0.666666	-4.29501e+008	-6.31164	1.87772e-008
0.4	0.997623	0.666666	-4.29501e+008	-8	1.71706e-008
0.41	0.99767	0.666666	-4.29501e+008	-5.71089	1.45155e-008
0.42	0.997623	0.666666	-4.29501e+008	-1.81406	1.63529e-008
0.43	0.997623	0.666666	-4.29501e+008	-3.46133	1.59726e-008
0.44	0.997639	0.666666	-4.29501e+008	-4.95868	1.4565e-008
0.45	0.99767	0.666666	-4.29501e+008	-4.74074	1.42837e-008
0.46	0.99767	0.666666	-4.29501e+008	-4.53686	1.39732e-008
0.47	0.997608	0.666666	-4.29501e+008	-5.79448	1.55811e-008
0.48	0.997593	0.666665	-4.29501e+008	-4.16667	1.81788e-008
0.49	0.99767	0.666666	-4.29501e+008	-3.99833	1.31177e-008
0.5	0.997654	0.666666	-4.29501e+008	-3.84	1.37936e-008
0.51	0.997593	0.666666	-4.29501e+008	-3.69089	1.33737e-008
0.52	0.997593	0.666666	-4.29501e+008	-3.5503	1.31166e-008
0.53	0.997623	0.666666	-4.29501e+008	-3.41759	1.29589e-008
0.54	0.997577	0.666666	-4.29501e+008	-3.29218	1.43375e-008
0.55	0.997654	0.666666	-4.29501e+008	-3.17355	1.08077e-008
0.56	0.99767	0.666666	-4.29501e+008	-4.08163	1.06274e-008
0.57	0.997685	0.666666	-4.29501e+008	-3.93967	1.04452e-008
0.58	0.997639	0.666666	-4.29501e+008	-2.85375	1.18705e-008
0.59	0.997639	0.666666	-4.29501e+008	-2.75783	1.00548e-008
0.6	0.997639	0.666666	-4.29501e+008	-2.66667	1.0681e-008
0.61	0.997577	0.666666	-4.29501e+008	-1.71997	1.26922e-008
0.62	0.997654	0.666666	-4.29501e+008	-2.4974	1.03557e-008
0.63	0.99767	0.666666	-4.29501e+008	-2.41875	1.02026e-008
0.64	0.997623	0.666666	-4.29501e+008	-3.125	1.14758e-008
0.65	0.997639	0.666666	-4.29501e+008	-2.27219	9.8594e-009
0.66	0.997623	0.666666	-4.29501e+008	-2.20386	9.68475e-009
0.67	0.997654	0.666666	-4.29501e+008	-2.13856	8.87196e-009
0.68	0.997623	0.666666	-4.29501e+008	-1.38408	1.01003e-008
0.69	0.997623	0.666666	-4.29501e+008	-2.01638	1.06443e-008
0.7	0.997654	0.666666	-4.29501e+008	-1.95918	9.85259e-009
0.71	0.997654	0.666666	-4.29501e+008	-1.90438	8.37214e-009
0.72	0.997654	0.666666	-4.29501e+008	-1.23457	8.25586e-009
0.73	0.997562	0.666666	-4.29501e+008	-1.80146	8.59949e-009
0.74	0.997623	0.666666	-4.29501e+008	-1.7531	8.63775e-009
0.75	0.997623	0.666666	-4.29501e+008	-1.70667	9.15765e-009
0.76	0.997608	0.666666	-4.29501e+008	-1.66205	9.00895e-009
0.77	0.997639	0.666666	-4.29501e+008	-2.15888	8.32287e-009
0.78	0.997639	0.666666	-4.29501e+008	-1.57791	8.8268e-009
0.79	0.997608	0.666666	-4.29501e+008	-1.02548	8.66684e-009
0.8	0.997623	0.666666	-4.29501e+008	-1.5	7.98992e-009
0.81	0.997593	0.666665	-4.29501e+008	-1.95092	1.07726e-008
0.82	0.997562	0.666666	-4.29501e+008	-1.42772	8.81735e-009
0.83	0.997546	0.666666	-4.29501e+008	-0.929017	9.23619e-009
0.84	0.997639	0.666666	-4.29501e+008	-1.81406	7.62929e-009
0.85	0.997546	0.666666	-4.29501e+008	-0.442907	9.57922e-009
0.86	0.997577	0.666666	-4.29501e+008	-0.865333	8.44878e-009
0.87	0.997577	0.666666	-4.29501e+008	-0.845554	8.35166e-009
0.88	0.997562	0.666666	-4.29501e+008	-0.826446	8.75741e-009
0.89	0.997623	0.666666	-4.29501e+008	-1.21197	7.18195e-009
0.9	0.997608	0.666666	-4.29501e+008	-1.18519	8.666e-009
0.91	0.997623	0.666666	-4.29501e+008	-1.15928	7.54751e-009
0.92	0.997577	0.666666	-4.29501e+008	-0.378072	7.38005e-009
0.93	0.997593	0.666666	-4.29501e+008	-1.10995	7.33399e-009
0.94	0.997639	0.666666	-4.29501e+008	-1.08646	7.32437e-009
0.95	0.997593	0.666666	-4.29501e+008	-0.709141	8.68369e-009
0.96	0.997608	0.666666	-4.29501e+008	-1.04167	8.62052e-009
0.97	0.997577	0.666666	-4.29501e+008	-1.3604	7.9817e-009
0.98	0.997577	0.666666	-4.29501e+008	-0.666389	7.90025e-009
0.99	0.997608	0.666666	-4.29501e+008	-1.30599	8.35929e-009
1	0.997608	0.666666	-4.29501e+008	-0.64	7.3231e-009
1.01	0.997423	0.666665	-4.29501e+008	-0.627389	9.92919e-009
1.02	0.99767	0.666666	-4.29501e+008	-0.922722	5.83467e-009
1.03	0.997608	0.666666	-4.29501e+008	-0.904892	6.64738e-009
1.04	0.997608	0.666666	-4.29501e+008	-0.887574	7.49942e-009
1.05	0.997593	0.666666	-4.29501e+008	-0.580499	6.94943e-009
1.06	0.997608	0.666666	-4.29501e+008	-0.854397	7.35793e-009
1.07	0.997562	0.666666	-4.29501e+008	-0.559001	7.20236e-009
1.08	0.997639	0.666666	-4.29501e+008	-0.823045	6.37491e-009
1.09	0.997562	0.666666	-4.29501e+008	-0.269338	5.32232e-009
1.1	0.997546	0.666666	-4.29501e+008	-0.528926	7.40212e-009
1.11	0.997562	0.666666	-4.29501e+008	-0.259719	7.80101e-009
1.12	0.997562	0.666666	-4.29501e+008	-0.255102	6.45556e-009
1.13	0.997531	0.666666	-4.29501e+008	-0.751821	6.74406e-009
1.14	0.997438	0.666665	-4.29501e+008	0	8.86585e-009
1.15	0.997562	0.666666	-4.29501e+008	-0.725898	7.1155e-009
1.16	0.997454	0.666666	-4.29501e+008	-0.713436	7.13423e-009
1.17	0.997407	0.666665	-4.29501e+008	-0.701293	9.3143e-009
1.18	0.997515	0.666666	-4.29501e+008	0	6.81956e-009
1.19	0.997454	0.666665	-4.29501e+008	-0.451945	8.15513e-009
1.2	0.997515	0.666666	-4.29501e+008	-0.666667	7.10281e-009
1.21	0.997485	0.666666	-4.29501e+008	-0.655693	6.94964e-009
1.22	0.997454	0.666665	-4.29501e+008	-0.644988	8.345e-009
1.23	0.997485	0.666666	-4.29501e+008	-0.211514	6.83664e-009
1.24	0.997315	0.666665	-4.29501e+008	-0.208117	1.02251e-008
1.25	0.997377	0.666665	-4.29501e+008	-0.6144	8.57339e-009
1.26	0.997253	0.666665	-4.29501e+008	-0.403124	1.11817e-008
1.27	0.997392	0.666665	-4.29501e+008	-0.396801	9.26158e-009
1.28	0.997377	0.666665	-4.29501e+008	0.195312	8.37245e-009
1.29	0.997222	0.666665	-4.29501e+008	0.192296	1.10767e-008
1.3	0.996466	0.666654	-4.29501e+008	0.189349	7.48504e-008
1.31	0.997361	0.666665	-4.29501e+008	-0.559408	7.01542e-009
1.32	0.997361	0.666665	-4.29501e+008	-0.183655	6.96227e-009
1.33	0.996944	0.666664	-4.29501e+008	-0.180903	1.39595e-008
1.34	0.997253	0.666665	-4.29501e+008	-0.178213	9.09234e-009
1.35	0.997238	0.666665	-4.29501e+008	-0.351166	1.06885e-008
1.36	0.996836	0.666663	-4.29501e+008	0	1.93934e-008
1.37	0.996852	0.666663	-4.29501e+008	-0.170494	2.15273e-008
1.38	0.99696	0.666664	-4.29501e+008	0	1.53434e-008
1.39	0.997052	0.666663	-4.29501e+008	-0.165623	1.78509e-008
1.4	0.997068	0.666664	-4.29501e+008	-0.163265	1.20776e-008
1.41	0.996867	0.666665	-4.29501e+008	0	9.94993e-009
1.42	0.996759	0.666664	-4.29501e+008	0.476096	1.55971e-008
1.43	0.996775	0.666664	-4.29501e+008	0.156487	1.43539e-008
1.44	0.996867	0.666664	-4.29501e+008	-0.154321	1.47041e-008
1.45	0.996759	0.666664	-4.29501e+008	0.3044	1.62599e-008
1.46	0.996728	0.666664	-4.29501e+008	0	1.47718e-008
1.47	0.996682	0.666664	-4.29501e+008	0.296173	1.50261e-008
1.48	0.996605	0.666663	-4.29501e+008	0.438276	1.77003e-008
1.49	0.996682	0.666664	-4.29501e+008	0.288275	1.32261e-008
1.5	0.996204	0.666662	-4.29501e+008	0.284444	2.42659e-008
1.51	0.996543	0.666664	-4.29501e+008	0	1.39168e-008
1.52	0.996312	0.666662	-4.29501e+008	0.138504	2.2842e-008
1.53	0.995509	0.666637	-4.29501e+008	0.410099	1.44476e-007
1.54	0.996142	0.666662	-4.29501e+008	0.26986	2.02582e-008
1.55	0.996142	0.666661	-4.29501e+008	0.133195	2.62733e-008
1.56	0.995926	0.66666	-4.29501e+008	0.394477	3.22174e-008
1.57	0.996219	0.666662	-4.29501e+008	0.389468	2.28669e-008
1.58	0.99591	0.66666	-4.29501e+008	0.640923	3.08615e-008
1.59	0.995756	0.666661	-4.29501e+008	0.759464	2.46762e-008
1.6	0.995725	0.666661	-4.29501e+008	0.5	2.40695e-008
1.61	0.995756	0.666662	-4.29501e+008	0.370356	2.3778e-008
1.62	0.995849	0.666662	-4.29501e+008	0.243865	2.31373e-008
1.63	0.995401	0.66666	-4.29501e+008	0.843088	3.0676e-008
1.64	0.995463	0.666661	-4.29501e+008	0.594884	2.6667e-008
1.65	0.99517	0.666658	-4.29501e+008	0.352617	3.9159e-008
1.66	0.995324	0.666661	-4.29501e+008	0.580636	2.62409e-008
1.67	0.99483	0.666656	-4.29501e+008	0.688443	4.91629e-008
1.68	0.994336	0.666654	-4.29501e+008	1.02041	5.44498e-008
1.69	0.994954	0.666656	-4.29501e+008	0.448164	4.73072e-008
1.7	0.99483	0.66666	-4.29501e+008	0.66436	2.81227e-008
1.71	0.99446	0.66665	-4.29501e+008	0.766048	7.18892e-008
1.72	0.994367	0.666652	-4.29501e+008	0.865333	6.21335e-008
1.73	0.994043	0.66665	-4.29501e+008	0.748438	7.40659e-008
1.74	0.99412	0.666657	-4.29501e+008	0.845554	3.96081e-008
1.75	0.993441	0.666646	-4.29501e+008	1.25388	8.69246e-008
1.76	0.994275	0.666659	-4.29501e+008	0.619835	3.25548e-008
1.77	0.993812	0.666655	-4.29501e+008	1.02142	4.7494e-008
1.78	0.993997	0.666657	-4.29501e+008	0.605984	3.82364e-008
1.79	0.993225	0.666648	-4.29501e+008	1.29834	7.63396e-008
1.8	0.993627	0.666656	-4.29501e+008	0.888889	4.46279e-008
1.81	0.993086	0.666653	-4.29501e+008	0.976771	5.40718e-008
1.82	0.993086	0.666632	-4.29501e+008	1.35249	1.42492e-007
1.83	0.992917	0.666653	-4.29501e+008	0.859984	5.44218e-008
1.84	0.992948	0.66664	-4.29501e+008	0.94518	1.07492e-007
1.85	0.992623	0.666648	-4.29501e+008	1.21549	7.66147e-008
1.86	0.991682	0.666629	-4.29501e+008	1.38744	1.52338e-007
1.87	0.992377	0.666654	-4.29501e+008	0.915096	5.06406e-008
1.88	0.992238	0.666648	-4.29501e+008	1.53916	7.20669e-008
1.89	0.992577	0.666654	-4.29501e+008	1.075	4.88131e-008
1.9	0.991883	0.666653	-4.29501e+008	1.32964	5.45538e-008
1.91	0.991219	0.666644	-4.29501e+008	1.49119	8.69546e-008
1.92	0.991389	0.666646	-4.29501e+008	1.64931	7.94279e-008
1.93	0.99108	0.666647	-4.29501e+008	1.80408	7.66472e-008
1.94	0.990679	0.66664	-4.29501e+008	2.0406	1.03342e-007
1.95	0.990525	0.666637	-4.29501e+008	1.85141	1.13828e-007
1.96	0.990509	0.666654	-4.29501e+008	0.749688	4.5777e-008
1.97	0.98966	0.666619	-4.29501e+008	2.06138	1.8097e-007
1.98	0.989938	0.666637	-4.29501e+008	1.63249	1.09328e-007
1.99	0.989722	0.666641	-4.29501e+008	1.85854	9.62699e-008
2	0.989815	0.666641	-4.29501e+008	2.08	9.3831e-008
2.01	0.988951	0.666646	-4.29501e+008	1.3465	7.71842e-008
2.02	0.986836	0.666595	-4.29501e+008	1.88217	2.616e-007
2.03	0.988056	0.666611	-4.29501e+008	2.6402	2.02631e-007
2.04	0.988086	0.666635	-4.29501e+008	2.53749	1.13723e-007
2.05	0.988225	0.666643	-4.29501e+008	1.97977	8.61184e-008
2.06	0.987469	0.666626	-4.29501e+008	2.03601	1.44573e-007
2.07	0.984815	0.666576	-4.29501e+008	2.16574	3.2046e-007
2.08	0.987623	0.666637	-4.29501e+008	1.92308	1.04415e-007
2.09	0.986806	0.666627	-4.29501e+008	2.49079	1.39329e-007
2.1	0.986543	0.666637	-4.29501e+008	2.10431	1.03216e-007
2.11	0.985031	0.666586	-4.29501e+008	2.22816	2.83635e-007
2.12	0.983519	0.666543	-4.29501e+008	2.91919	4.31788e-007
2.13	0.985772	0.666632	-4.29501e+008	2.39811	1.20658e-007
2.14	0.985633	0.666633	-4.29501e+008	2.37575	1.15223e-007
2.15	0.984429	0.666605	-4.29501e+008	1.93835	2.107e-007
2.16	0.985262	0.666626	-4.29501e+008	2.53772	1.38783e-007
2.17	0.984398	0.666629	-4.29501e+008	2.10665	1.27941e-007
2.18	0.983935	0.666617	-4.29501e+008	3.16472	1.65415e-007
2.19	0.982809	0.666624	-4.29501e+008	2.66884	1.42894e-007
2.2	0.981867	0.666601	-4.29501e+008	3.30579	2.16364e-007
2.21	0.980463	0.666572	-4.29501e+008	2.62075	3.11258e-007
2.22	0.98287	0.66662	-4.29501e+008	2.14268	1.54154e-007
2.23	0.982037	0.666607	-4.29501e+008	2.6383	1.95543e-007
2.24	0.978503	0.666542	-4.295e+008	3.95408	4.04483e-007
2.25	0.979213	0.666608	-4.295e+008	2.27556	1.88499e-007
2.26	0.981713	0.666624	-4.295e+008	2.25546	1.35593e-007
2.27	0.980772	0.666614	-4.295e+008	2.23563	1.68996e-007
2.28	0.980648	0.666614	-4.295e+008	2.83164	1.66584e-007
2.29	0.976898	0.666557	-4.295e+008	3.47819	3.43904e-007
2.3	0.977222	0.666567	-4.295e+008	3.75047	3.11897e-007
2.31	0.977438	0.666562	-4.295e+008	3.53816	3.28622e-007
2.32	0.976759	0.666559	-4.295e+008	4.10226	3.35836e-007
2.33	0.979352	0.666624	-4.295e+008	2.29881	1.31806e-007
2.34	0.974907	0.666595	-4.295e+008	3.74023	2.17514e-007
2.35	0.976188	0.666578	-4.295e+008	3.47669	2.68806e-007
2.36	0.971636	0.666392	-4.295e+008	4.59638	8.41351e-007
2.37	0.975972	0.666581	-4.295e+008	3.87402	2.59102e-007
2.38	0.97162	0.666497	-4.295e+008	4.63244	5.09699e-007
2.39	0.975386	0.666599	-4.295e+008	3.02516	2.02751e-007
2.4	0.971728	0.666554	-4.295e+008	4.22222	3.32592e-007
2.41	0.97	0.666485	-4.295e+008	4.24235	5.39408e-007
2.42	0.966852	0.666431	-4.295e+008	3.60631	6.94862e-007
2.43	0.972068	0.666581	-4.295e+008	3.46831	2.504e-007
2.44	0.972022	0.666578	-4.295e+008	3.49368	2.57993e-007
2.45	0.965278	0.666457	-4.295e+008	3.89171	6.04317e-007
2.46	0.970154	0.666573	-4.295e+008	4.07165	2.70139e-007
2.47	0.967114	0.666558	-4.295e+008	4.40591	3.07704e-007
2.48	0.967222	0.666579	-4.295e+008	3.59001	2.48736e-007
2.49	0.967917	0.666544	-4.295e+008	5.26443	3.45517e-007
2.5	0.963488	0.666538	-4.295e+008	5.1712	3.586e-007
2.51	0.961451	0.666371	-4.295e+008	5.89197	8.28112e-007
2.52	0.963565	0.666529	-4.295e+008	4.98866	3.83288e-007
2.53	0.962639	0.66646	-4.295e+008	4.39938	5.79898e-007
2.54	0.962901	0.666493	-4.295e+008	5.10881	4.76847e-007
2.55	0.96054	0.666508	-4.295e+008	4.37985	4.32826e-007
2.56	0.959799	0.666442	-4.295e+008	5.71289	6.17212e-007
2.57	0.961991	0.666509	-4.295e+008	5.81387	4.26567e-007
2.58	0.961003	0.666445	-4.295e+008	5.72081	6.03101e-007
2.59	0.957623	0.666443	-4.295e+008	6.7262	6.00141e-007
2.6	0.949136	0.666252	-4.295e+008	5.86982	1.08485e-006
2.61	0.955849	0.666432	-4.295e+008	7.14024	6.16615e-007
2.62	0.956574	0.666453	-4.295e+008	6.7129	5.62473e-007
2.63	0.955756	0.666473	-4.295e+008	6.29184	5.06916e-007
2.64	0.956559	0.666518	-4.295e+008	5.18825	3.87963e-007
2.65	0.953441	0.666492	-4.295e+008	5.60484	4.50427e-007
2.66	0.951543	0.666271	-4.295e+008	8.14065	1.03622e-006
2.67	0.947762	0.666364	-4.295e+008	6.55361	7.73563e-007
2.68	0.935046	0.66586	-4.295e+008	7.21764	2.04615e-006
2.69	0.947083	0.666439	-4.295e+008	6.27963	5.73736e-007
2.7	0.948657	0.666384	-4.295e+008	6.71605	7.14071e-007
2.71	0.948287	0.666434	-4.295e+008	6.75372	5.79731e-007
2.72	0.949352	0.666398	-4.295e+008	6.7474	6.72839e-007
2.73	0.950031	0.666479	-4.295e+008	5.7964	4.71376e-007
2.74	0.942037	0.666288	-4.295e+008	7.37386	9.29882e-007
2.75	0.944583	0.666424	-4.295e+008	6.89719	5.93399e-007
2.76	0.938503	0.666341	-4.295e+008	8.4436	7.85096e-007
2.77	0.937253	0.666308	-4.295e+008	7.67376	8.69757e-007
2.78	0.935941	0.666323	-4.295e+008	8.44677	8.13563e-007
2.79	0.939043	0.666333	-4.295e+008	8.63298	7.97844e-007
2.8	0.938534	0.666426	-4.295e+008	6.12245	5.70378e-007
2.81	0.93679	0.666371	-4.295e+008	7.86211	6.98502e-007
2.82	0.915571	0.665601	-4.295e+008	6.63951	2.47039e-006
2.83	0.930216	0.666151	-4.295e+008	8.59044	1.20414e-006
2.84	0.922037	0.665856	-4.295e+008	10.6725	1.86117e-006
2.85	0.924213	0.666141	-4.295e+008	10.7159	1.19441e-006
2.86	0.932531	0.666338	-4.295e+008	7.394	7.55431e-007
2.87	0.91858	0.665872	-4.295e+008	9.0131	1.79867e-006
2.88	0.92358	0.666233	-4.295e+008	8.17901	9.73516e-007
2.89	0.924429	0.666305	-4.295e+008	8.04588	8.05828e-007
2.9	0.921682	0.665964	-4.295e+008	10.8823	1.58253e-006
2.91	0.923009	0.666228	-4.295e+008	8.91818	9.71077e-007
2.92	0.919522	0.665961	-4.295e+008	11.109	1.54477e-006
2.93	0.91767	0.666022	-4.295e+008	10.7351	1.41335e-006
2.94	0.920478	0.666209	-4.295e+008	10.3661	9.89448e-007
2.95	0.906512	0.665867	-4.295e+008	10.4797	1.68968e-006
2.96	0.905941	0.665965	-4.295e+008	9.64207	1.48737e-006
2.97	0.897361	0.665552	-4.295e+008	10.8832	2.30476e-006
2.98	0.914568	0.666336	-4.295e+008	6.55826	7.03184e-007
2.99	0.8975	0.66549	-4.295e+008	15.6061	2.43425e-006
3	0.887886	0.664939	-4.295e+008	10.3822	3.63343e-006
3.01	0.90108	0.66588	-4.295e+008	12.8917	1.61475e-006
3.02	0.900278	0.665947	-4.295e+008	12.3152	1.46624e-006
3.03	0.884676	0.664679	-4.295e+008	13.1752	3.96018e-006
3.04	0.894784	0.665548	-4.295e+008	16.1704	2.27141e-006
3.05	0.881481	0.665105	-4.295e+008	14.2069	3.07674e-006
3.06	0.892886	0.66576	-4.295e+008	12.4055	1.78941e-006
3.07	0.886698	0.665778	-4.295e+008	11.7137	1.70726e-006
3.08	0.877716	0.665384	-4.295e+008	12.8184	2.42188e-006
3.09	0.887315	0.665605	-4.295e+008	10.9257	2.07028e-006
3.1	0.86713	0.664069	-4.295e+008	11.821	5.04378e-006
3.11	0.791466	0.647852	-4.295e+008	28.6846	3.20796e-005
3.12	0.872886	0.664903	-4.295e+008	15.0888	3.36717e-006
3.13	0.865154	0.664657	-4.295e+008	17.0503	3.72241e-006
3.14	0.87821	0.665701	-4.295e+008	13.8261	1.78956e-006
3.15	0.858997	0.664603	-4.295e+008	14.7705	3.75803e-006
3.16	0.867238	0.663835	-4.295e+008	16.2474	5.48595e-006
3.17	0.861404	0.66492	-4.295e+008	16.6227	3.09951e-006
3.18	0.867716	0.665432	-4.295e+008	10.316	2.22469e-006
3.19	0.868688	0.665572	-4.295e+008	12.1697	1.96165e-006
3.2	0.853441	0.665323	-4.295e+008	16.4688	2.29896e-006
3.21	0.852269	0.665552	-4.295e+008	12.5154	1.91452e-006
3.22	0.851605	0.665226	-4.295e+008	16.2031	2.4668e-006
3.23	0.841806	0.664593	-4.295e+008	19.2621	3.48237e-006
3.24	0.836852	0.66536	-4.295e+008	12.62	2.17791e-006
3.25	0.836296	0.66466	-4.295e+008	15.5115	3.24773e-006
3.26	0.823596	0.663455	-4.295e+008	16.109	5.17876e-006
3.27	0.826867	0.662139	-4.295e+008	22.5645	7.6777e-006
3.28	0.772978	0.662006	-4.295e+008	16.0024	6.43816e-006
3.29	0.802438	0.663239	-4.295e+008	18.3886	5.2943e-006
3.3	0.821898	0.661865	-4.295e+008	23.4197	8.07762e-006
3.31	0.80588	0.664023	-4.295e+008	16.0641	4.03377e-006
3.32	0.78534	0.654018	-4.295e+008	33.9382	2.01299e-005
3.33	0.779491	0.657544	-4.295e+008	23.7499	1.34741e-005
3.34	0.777994	0.662203	-4.295e+008	25.1856	6.33322e-006
3.35	0.775772	0.660855	-4.295e+008	23.4386	8.40953e-006
3.36	0.795216	0.663038	-4.295e+008	18.7642	5.1665e-006
3.37	0.794105	0.663159	-4.295e+008	18.9066	5.04456e-006
3.38	0.78963	0.661891	-4.295e+008	23.8087	6.74737e-006
3.39	0.768349	0.662687	-4.29499e+008	17.5425	5.41589e-006
3.4	0.765201	0.661098	-4.29499e+008	23.1972	7.39726e-006
3.41	0.68037	0.643214	-4.29499e+008	32.8859	2.5696e-005
3.42	0.774213	0.659919	-4.29499e+008	30.1768	9.19894e-006
3.43	0.766065	0.66235	-4.29499e+008	20.9165	5.73574e-006
3.44	0.671991	0.642997	-4.29499e+008	22.742	2.72581e-005
3.45	0.717238	0.659859	-4.29499e+008	17.8786	7.72169e-006
3.46	0.739985	0.659956	-4.29499e+008	25.1529	8.43993e-006
3.47	0.647701	0.640973	-4.29499e+008	29.8184	2.52007e-005
3.48	0.706667	0.656229	-4.29499e+008	30.5192	1.13627e-005
3.49	0.652238	0.646907	-4.29499e+008	33.0506	1.86642e-005
3.5	0.714352	0.659018	-4.29499e+008	25.809	8.87706e-006
3.51	0.691852	0.659285	-4.29499e+008	20.0258	7.57423e-006
3.52	0.641188	0.647128	-4.29499e+008	30.8626	1.86967e-005
3.53	0.637963	0.638662	-4.29499e+008	45.146	2.71939e-005
3.54	0.719043	0.660872	-4.29499e+008	26.5824	6.37189e-006
3.55	0.698673	0.660084	-4.29499e+008	23.2843	7.03898e-006
3.56	0.609012	0.631721	-4.29499e+008	22.9769	3.15252e-005
3.57	0.609414	0.641683	-4.29499e+008	41.8301	2.17268e-005
3.58	0.60463	0.653447	-4.29499e+008	18.726	9.98459e-006
3.59	0.612731	0.639726	-4.29499e+008	43.004	2.45437e-005
3.6	0.48517	0.616859	-4.29499e+008	42.2716	2.79928e-005
3.61	0.48037	0.598637	-4.29499e+008	32.8543	4.01301e-005
3.62	0.514151	0.625323	-4.29499e+008	17.8017	2.62588e-005
3.63	0.392407	0.47889	-4.29499e+008	39.633	0.000132419
3.64	0.447948	0.594329	-4.29499e+008	27.4363	4.36719e-005
3.65	0.462006	0.576644	-4.29499e+008	25.5087	5.79096e-005
3.66	0.180833	0.454934	-4.29498e+008	21.3802	1.83596e-005
3.67	0.216991	0.29435	-4.29498e+008	29.698	5.96063e-005
3.68	0.381821	0.54296	-4.29499e+008	34.6408	6.58976e-005
3.69	0.18412	-0.160797	-4.29498e+008	40.6578	8.08633e-005
3.7	0.269074	0.363651	-4.29498e+008	33.1454	8.21805e-005
3.71	0.279105	0.453569	-4.29498e+008	19.2966	3.08206e-005
3.72	0.211065	0.0702784	-4.29498e+008	28.327	7.44728e-005
3.73	0.226142	0.120522	-4.29498e+008	28.8193	9.17847e-005
3.74	0.402099	0.595407	-4.29498e+008	18.6908	2.48653e-005
3.75	0.412824	0.608188	-4.29498e+008	23.4837	2.06836e-005
3.76	0.326327	0.536711	-4.29498e+008	41.9421	3.53847e-005
3.77	0.193596	0.395668	-4.29498e+008	17.0212	2.75414e-005
3.78	0.113102	0.142171	-4.29498e+008	15.5203	1.56306e-005
3.79	0.19375	0.0674544	-4.29498e+008	32.6146	7.78706e-005
3.8	0.123333	-0.266501	-4.29498e+008	26.5042	2.9982e-005
3.81	0.349846	0.542035	-4.29498e+008	33.199	4.35203e-005
3.82	0.186543	0.0469965	-4.29498e+008	24.802	6.20701e-005
3.83	0.337392	0.481997	-4.29498e+008	35.4273	9.01776e-005
3.84	0.183071	0.178535	-4.29498e+008	22.0052	4.37791e-005
3.85	0.234136	0.310932	-4.29498e+008	30.138	4.40596e-005
3.86	0.218349	0.504159	-4.29498e+008	14.1749	2.02338e-005
3.87	0.145772	0.106673	-4.29498e+008	17.6912	3.49512e-005
3.88	0.187485	0.417556	-4.29498e+008	13.8166	2.68629e-005
3.89	0.135401	0.202419	-4.29498e+008	15.2259	2.61953e-005
3.9	0.159954	0.301894	-4.29498e+008	18.6404	2.86591e-005
3.91	0.113488	0.183788	-4.29498e+008	12.2239	1.41254e-005
3.92	0.162654	0.27661	-4.29498e+008	15.1187	2.63705e-005
3.93	0.164028	0.375121	-4.29498e+008	13.0529	2.18307e-005
3.94	0.14304	0.294132	-4.29498e+008	18.7998	2.18142e-005
3.95	0.172809	0.223952	-4.29498e+008	13.7619	3.73497e-005
3.96	0.0954784	0.205251	-4.29498e+008	12.2436	1.02088e-005
3.97	0.150093	0.312751	-4.29498e+008	16.0803	2.69649e-005
3.98	0.163241	0.0466774	-4.29498e+008	20.1409	3.17825e-005
3.99	0.13091	-0.203185	-4.29498e+008	12.6431	3.76528e-005
4	0.108287	0.287351	-4.29498e+008	16.28	1.31205e-005
4.01	0.0933796	0.247615	-4.29498e+008	19.7213	9.01791e-006
4.02	0.0935185	0.274446	-4.29498e+008	11.8611	9.23227e-006
4.03	0.0900309	0.221002	-4.29498e+008	10.0684	8.74349e-006
4.04	0.0862346	-0.0182551	-4.29498e+008	10.3127	1.11608e-005
4.05	0.122253	0.285838	-4.29498e+008	13.1882	1.46022e-005
4.06	0.117577	0.180863	-4.29498e+008	8.60006	1.65758e-005
4.07	0.121019	0.306164	-4.29498e+008	8.38399	1.38762e-005
4.08	0.095679	0.23668	-4.29498e+008	10.7651	8.30197e-006
4.09	0.0960957	0.0446549	-4.29498e+008	8.13003	1.20352e-005
4.1	0.0901543	0.204714	-4.29498e+008	9.53718	1.0547e-005
4.11	0.0803549	0.172447	-4.29498e+008	10.9306	8.13165e-006
4.12	0.112022	0.200727	-4.29498e+008	11.839	1.53511e-005
4.13	0.120957	0.394501	-4.29498e+008	11.9131	1.17418e-005
4.14	0.107562	0.173581	-4.29498e+008	10.698	1.35324e-005
4.15	0.0600309	-0.0202035	-4.29498e+008	8.10103	4.84534e-006
4.16	0.111019	0.244637	-4.29498e+008	10.5214	1.33304e-005
4.17	0.0774074	-0.0640975	-4.29498e+008	9.33009	8.64097e-006
4.18	0.0655864	-0.303522	-4.29498e+008	8.64449	7.07584e-006
4.19	0.0803704	0.187932	-4.29498e+008	6.92637	7.23392e-006
4.2	0.116096	0.29225	-4.29498e+008	8.50794	1.40998e-005
4.21	0.0986728	0.210173	-4.29498e+008	8.0162	9.68865e-006
4.22	0.0955247	0.135524	-4.29498e+008	9.37984	1.20215e-005
4.23	0.0621605	0.0208295	-4.29498e+008	7.5829	5.4493e-006
4.24	0.0981019	0.250016	-4.29498e+008	7.56497	1.08735e-005
4.25	0.0800772	-0.140198	-4.29498e+008	8.55696	1.139e-005
4.26	0.0658179	0.214018	-4.29498e+008	4.91966	4.56871e-006
4.27	0.065787	0.00988944	-4.29498e+008	6.61661	5.12102e-006
4.28	0.0786111	0.121368	-4.29498e+008	7.38929	6.67986e-006
4.29	0.109074	0.230112	-4.29498e+008	7.23317	1.326e-005
4.3	0.0797377	-0.138928	-4.29498e+008	4.55165	9.57396e-006
4.31	0.071142	0.236696	-4.29498e+008	5.59859	5.25526e-006
4.32	0.071142	0.0245181	-4.29498e+008	8.02469	6.88633e-006
4.33	0.0585185	0.0332242	-4.29498e+008	5.52992	4.84183e-006
4.34	0.074784	-0.134093	-4.29498e+008	7.98488	7.45018e-006
4.35	0.0927469	0.20158	-4.29498e+008	6.46003	1.03604e-005
4.36	0.0718827	0.0802039	-4.29498e+008	7.52462	6.68318e-006
4.37	0.0780247	0.0535979	-4.29498e+008	6.4178	9.04373e-006
4.38	0.0488117	0.0882991	-4.29498e+008	5.20423	3.27273e-006
4.39	0.0674074	-0.070816	-4.29498e+008	6.11039	6.70051e-006
4.4	0.0584105	0.0815223	-4.29498e+008	6.87603	4.39607e-006
4.41	0.0670062	0.239848	-4.29498e+008	4.62359	4.15506e-006
4.42	0.0666049	0.139739	-4.29498e+008	6.0441	4.99702e-006
4.43	0.0537191	-0.0860281	-4.29498e+008	4.89174	3.54308e-006
4.44	0.0620216	0.195375	-4.29498e+008	8.24608	3.92214e-006
4.45	0.0674537	0.0660938	-4.29498e+008	4.78323	6.08585e-006
4.46	0.0572377	0.11727	-4.29498e+008	4.89051	3.53477e-006
4.47	0.0582562	0.103509	-4.29498e+008	5.09286	4.38572e-006
4.48	0.0768673	0.0410243	-4.29498e+008	6.32972	6.34942e-006
4.49	0.0565895	0.22269	-4.29498e+008	3.98411	2.98032e-006
4.5	0.061713	0.0566514	-4.29498e+008	7.7116	4.35851e-006
4.51	0.0537191	0.00226712	-4.29498e+008	3.79153	3.31864e-006
4.52	0.0621759	-0.205104	-4.29498e+008	5.56034	6.03839e-006
4.53	0.0507407	0.160857	-4.29498e+008	4.52222	2.70589e-006
4.54	0.0684414	-0.15718	-4.29498e+008	5.1699	6.48715e-006
4.55	0.0543673	0.0203337	-4.29498e+008	5.50272	3.79154e-006
4.56	0.0496605	-0.384716	-4.29498e+008	4.24746	3.7393e-006
4.57	0.0525772	-0.300851	-4.29498e+008	5.86835	3.9506e-006
4.58	0.0608488	-0.0584164	-4.29498e+008	3.87483	5.29433e-006
4.59	0.0588735	-0.0905992	-4.29498e+008	4.20731	4.90821e-006
4.6	0.0527315	0.197733	-4.29498e+008	3.84121	2.71108e-006
4.61	0.0627932	0.153865	-4.29498e+008	3.61376	4.11898e-006
4.62	0.0605247	0.23163	-4.29498e+008	3.32827	3.38807e-006
4.63	0.0589969	0.201876	-4.29498e+008	5.59782	3.67654e-006
4.64	0.0522377	0.140271	-4.29498e+008	4.19144	3.24534e-006
4.65	0.0571759	0.1893	-4.29498e+008	4.39542	3.00882e-006
4.66	0.0507407	0.207818	-4.29497e+008	3.31559	2.42149e-006
4.67	0.0547222	-0.142903	-4.29498e+008	2.94925	3.39023e-006
4.68	0.045108	0.0996197	-4.29498e+008	4.04705	2.46361e-006
4.69	0.0562037	-0.0785377	-4.29498e+008	5.9356	4.67222e-006
4.7	0.0549846	0.166184	-4.29498e+008	3.96922	3.30518e-006
4.71	0.0540123	0.0392532	-4.29498e+008	4.06778	3.5055e-006
4.72	0.0485802	0.236941	-4.29497e+008	4.74002	2.34693e-006
4.73	0.0460802	0.22944	-4.29498e+008	3.44703	1.75053e-006
4.74	0.0582253	0.073475	-4.29498e+008	4.20161	3.72879e-006
4.75	0.0476543	0.134251	-4.29497e+008	3.67335	2.72907e-006
4.76	0.0506173	-0.00172367	-4.29498e+008	3.00826	3.12656e-006
4.77	0.0573302	-0.312847	-4.29497e+008	3.68481	4.75984e-006
4.78	0.055	0.188423	-4.29497e+008	3.22123	2.77295e-006
4.79	0.0464506	0.155033	-4.29497e+008	2.4965	2.47541e-006
4.8	0.0469136	-0.507938	-4.29497e+008	4.5	3.65282e-006
4.81	0.0515278	0.132299	-4.29497e+008	3.12585	2.80946e-006
4.82	0.0492284	0.236254	-4.29497e+008	2.78232	2.47997e-006
4.83	0.0443364	0.131934	-4.29497e+008	2.82568	2.28011e-006
4.84	0.0491512	0.0187792	-4.29497e+008	2.84134	2.28273e-006
4.85	0.0476852	0.250751	-4.29497e+008	2.96567	1.8966e-006
4.86	0.0475463	0.0609054	-4.29497e+008	2.51994	2.20222e-006
4.87	0.048966	0.122163	-4.29497e+008	3.98028	2.43195e-006
4.88	0.0455864	0.0517164	-4.29497e+008	3.96399	2.19336e-006
4.89	0.0422531	0.288736	-4.29497e+008	3.68015	1.46384e-006
4.9	0.0515741	-0.0911991	-4.29497e+008	2.18576	3.63418e-006
4.91	0.0419136	-0.222091	-4.29497e+008	3.13256	2.48497e-006
4.92	0.0553086	0.286451	-4.29497e+008	3.42389	2.37915e-006
4.93	0.0480401	0.290952	-4.29497e+008	2.59372	1.95125e-006
4.94	0.0528395	0.0610805	-4.29497e+008	3.16019	3.19652e-006
4.95	0.0574074	0.113853	-4.29497e+008	2.41608	3.48911e-006
4.96	0.0486111	0.260481	-4.29497e+008	3.17378	2.06043e-006
4.97	0.0496605	-0.0204903	-4.29497e+008	3.6274	3.19929e-006
4.98	0.0511111	0.13595	-4.29497e+008	3.49672	2.72737e-006
4.99	0.0482407	0.0422116	-4.29497e+008	3.68834	2.53533e-006
5	0.0459259	-0.0778032	-4.29497e+008	3.3024	2.57412e-006
5.01	0.041034	-0.197061	-4.29497e+008	3.13624	1.78599e-006
5.02	0.0565123	0.119767	-4.29497e+008	4.2285	3.07467e-006
5.03	0.0524846	0.0255747	-4.29497e+008	2.03629	3.06437e-006
5.04	0.0412963	0.110601	-4.29497e+008	2.25498	1.99234e-006
5.05	0.0431481	-0.01828	-4.29497e+008	2.53465	2.08392e-006
5.06	0.0425	0.10909	-4.29497e+008	2.53714	1.93639e-006
5.07	0.0433025	-0.204082	-4.29497e+008	3.01266	2.35696e-006
5.08	0.0400772	0.037078	-4.29497e+008	2.4552	1.94809e-006
5.09	0.0447377	0.0966164	-4.29497e+008	2.37146	2.3719e-006
5.1	0.0466667	-0.295542	-4.29497e+008	2.54671	2.62293e-006
5.11	0.039213	-0.207778	-4.29497e+008	2.73283	1.74284e-006
5.12	0.0424846	0.0243079	-4.29497e+008	3.4668	1.96161e-006
5.13	0.042037	0.272731	-4.29497e+008	2.93044	1.43151e-006
5.14	0.0393364	0.0401873	-4.29497e+008	2.90693	1.63531e-006
5.15	0.0440432	0.119573	-4.29497e+008	2.85946	1.73738e-006
5.16	0.0529321	0.0754012	-4.29497e+008	2.7282	2.6652e-006
5.17	0.0444599	0.327863	-4.29497e+008	2.58597	1.28147e-006
5.18	0.043966	-0.186045	-4.29497e+008	2.51636	2.47138e-006
5.19	0.0474537	0.246283	-4.29497e+008	1.92455	1.72609e-006
5.2	0.0458796	0.200473	-4.29497e+008	2.84024	1.92277e-006
5.21	0.0392593	0.0284317	-4.29497e+008	2.2399	1.68244e-006
5.22	0.0456636	-0.144539	-4.29497e+008	2.97118	2.515e-006
5.23	0.0476852	0.283719	-4.29497e+008	2.79605	1.70543e-006
5.24	0.0448611	0.239949	-4.29497e+008	2.6805	1.73034e-006
5.25	0.0327623	-0.417033	-4.29497e+008	2.44971	1.69144e-006
5.26	0.0392747	-0.0776148	-4.29497e+008	2.64859	1.91021e-006
5.27	0.0441975	0.0455417	-4.29497e+008	2.8229	2.2035e-006
5.28	0.0362191	-0.00801808	-4.29497e+008	2.38751	1.5002e-006
5.29	0.0464815	0.14498	-4.29497e+008	2.53858	2.02695e-006
5.3	0.0373765	-0.0855073	-4.29497e+008	1.8341	1.61543e-006
5.31	0.0394753	0.0737293	-4.29497e+008	2.13363	1.65137e-006
5.32	0.0356327	-0.0375974	-4.29497e+008	2.08039	1.12289e-006
5.33	0.0432407	0.0248333	-4.29497e+008	2.48936	2.12074e-006
5.34	0.0368673	-0.0544233	-4.29497e+008	1.98628	1.59943e-006
5.35	0.0475309	0.139746	-4.29497e+008	1.93414	1.97081e-006
5.36	0.0470988	-0.306661	-4.29497e+008	2.92938	2.80683e-006
5.37	0.0422531	0.0122134	-4.29497e+008	1.90867	1.96877e-006
5.38	0.0401543	-0.118195	-4.29497e+008	2.12269	1.97372e-006
5.39	0.0421142	-0.0496464	-4.29497e+008	2.87484	2.21557e-006
5.4	0.0374074	-0.016452	-4.29497e+008	1.83265	1.45881e-006
5.41	0.0453858	0.226073	-4.29497e+008	2.02268	1.81664e-006
5.42	0.0413426	0.037986	-4.29497e+008	2.30934	1.8902e-006
5.43	0.0364815	-0.0753566	-4.29497e+008	1.72563	1.52017e-006
5.44	0.0362191	-0.115006	-4.29497e+008	2.09775	1.5122e-006
5.45	0.0372068	-0.577387	-4.29497e+008	2.54255	1.64755e-006
5.46	0.0383951	-0.333962	-4.29497e+008	1.78186	2.03128e-006
5.47	0.0414043	0.0453558	-4.29497e+008	2.21384	1.94978e-006
5.48	0.0340741	-0.42181	-4.29497e+008	1.70494	1.63729e-006
5.49	0.0396451	0.141741	-4.29497e+008	2.21897	1.40128e-006
5.5	0.0467593	0.157658	-4.29497e+008	2.40132	1.65531e-006
5.51	0.0404321	0.148404	-4.29497e+008	1.79183	1.30382e-006
5.52	0.0437963	-0.0180439	-4.29497e+008	2.38395	1.71198e-006
5.53	0.0371296	0.0244422	-4.29497e+008	1.95678	1.4648e-006
5.54	0.0350154	0.0458997	-4.29497e+008	1.88716	1.19347e-006
5.55	0.0378395	0.0357406	-4.29497e+008	2.24397	1.50111e-006
5.56	0.0408796	0.25893	-4.29497e+008	1.73904	1.22643e-006
5.57	0.0454012	0.157195	-4.29497e+008	1.81532	1.91736e-006
5.58	0.0369907	0.0697668	-4.29497e+008	2.09658	1.40487e-006
5.59	0.0407562	0.126033	-4.29497e+008	1.69994	1.58083e-006
5.6	0.0362346	0.198806	-4.29497e+008	2.10204	1.11951e-006
5.61	0.0319907	0.12233	-4.29497e+008	1.43365	1.05472e-006
5.62	0.0358488	0.101904	-4.29497e+008	1.49947	1.19362e-006
5.63	0.0365741	0.0911179	-4.29497e+008	1.6052	1.13961e-006
5.64	0.0375463	-0.0591746	-4.29497e+008	2.18299	1.47611e-006
5.65	0.0363735	0.0308259	-4.29497e+008	1.82442	1.28072e-006
5.66	0.0414815	-0.0333122	-4.29497e+008	1.57824	1.88629e-006
5.67	0.0319907	0.200636	-4.29497e+008	2.14004	9.00084e-007
5.68	0.0325772	-0.079394	-4.29497e+008	1.84487	1.05842e-006
5.69	0.0366667	0.0530051	-4.29497e+008	2.02619	1.25111e-006
5.7	0.037392	0.209378	-4.29497e+008	1.60542	1.16985e-006
5.71	0.0376698	-0.0293026	-4.29497e+008	1.91387	1.50073e-006
5.72	0.0367747	-0.283089	-4.29497e+008	1.37904	1.55972e-006
5.73	0.0383642	-0.144823	-4.29497e+008	1.13057	1.65766e-006
5.74	0.0354475	-0.0362757	-4.29497e+008	2.07845	1.08582e-006
5.75	0.0392284	0.133959	-4.29497e+008	2.5358	1.26772e-006
5.76	0.0346296	0.252514	-4.29497e+008	2.07369	9.43446e-007
5.77	0.0352778	0.0123676	-4.29497e+008	1.42253	1.1768e-006
5.78	0.0383951	0.134951	-4.29497e+008	1.98273	1.18591e-006
5.79	0.0310494	0.0987925	-4.29497e+008	1.75635	7.05094e-007
5.8	0.0442438	0.120876	-4.29497e+008	1.92152	1.61195e-006
5.81	0.0359105	-0.143224	-4.29497e+008	1.53572	1.52136e-006
5.82	0.0380247	-0.019044	-4.29497e+008	2.05949	1.50472e-006
5.83	0.031713	-0.0873219	-4.29497e+008	2.08068	1.20851e-006
5.84	0.0366512	-0.0387777	-4.29497e+008	1.9422	1.4693e-006
5.85	0.0303395	0.101964	-4.29497e+008	1.6831	8.01992e-007
5.86	0.0344136	0.174772	-4.29497e+008	1.23939	9.7556e-007
5.87	0.0360648	-0.00579186	-4.29497e+008	1.37447	1.31625e-006
5.88	0.0322377	-0.0948347	-4.29497e+008	1.99917	1.11954e-006
5.89	0.0378395	0.130713	-4.29497e+008	1.73411	1.08396e-006
5.9	0.0342593	0.0111968	-4.29497e+008	1.55358	1.20197e-006
5.91	0.0394599	0.204388	-4.29497e+008	1.53916	1.07754e-006
5.92	0.0378241	-0.0296967	-4.29497e+008	1.62527	1.50264e-006
5.93	0.0433951	0.121026	-4.29497e+008	1.1284	1.76723e-006
5.94	0.034429	-0.131992	-4.29497e+008	1.55086	1.06684e-006
5.95	0.0293364	-0.203234	-4.29497e+008	1.56373	1.04678e-006
5.96	0.0358025	-0.0583005	-4.29497e+008	1.59452	1.28313e-006
5.97	0.0376235	0.147605	-4.29497e+008	1.81365	1.26261e-006
5.98	0.0346914	-0.0480664	-4.29497e+008	1.49439	1.25705e-006
5.99	0.0336574	0.202764	-4.29497e+008	1.73913	9.78417e-007
6	0.0345679	0.0546376	-4.29497e+008	1.37778	1.02603e-006
6.01	0.031034	0.023649	-4.29497e+008	1.43521	8.66841e-007
6.02	0.0337037	0.101187	-4.29497e+008	1.68652	1.04428e-006
6.03	0.0318056	-0.151966	-4.29497e+008	1.3905	1.14769e-006
6.04	0.0327469	0.0275014	-4.29497e+008	1.51748	1.01534e-006
6.05	0.0393364	-0.214744	-4.29497e+008	1.92337	1.51278e-006
6.06	0.0381636	-0.129657	-4.29497e+008	1.55105	1.75695e-006
6.07	0.0321605	-0.0245077	-4.29497e+008	1.46777	1.19865e-006
6.08	0.0339352	0.023661	-4.29497e+008	1.24654	1.12608e-006
6.09	0.0270216	-0.839007	-4.29497e+008	1.69974	1.08247e-006
6.1	0.0351698	-0.17733	-4.29497e+008	1.44477	1.38418e-006
6.11	0.0426389	0.0763193	-4.29497e+008	1.35433	1.58416e-006
6.12	0.0312191	-0.170253	-4.29497e+008	1.76855	1.10879e-006
6.13	0.0350772	-0.00772801	-4.29497e+008	1.74575	1.13487e-006
6.14	0.0384414	0.0426531	-4.29497e+008	1.44299	1.18308e-006
6.15	0.036034	-0.0368484	-4.29497e+008	1.64981	1.49003e-006
6.16	0.0330093	0.0177348	-4.29497e+008	1.04571	1.16213e-006
6.17	0.0386728	0.0967237	-4.29497e+008	1.42058	1.21451e-006
6.18	0.0378704	-0.166089	-4.29497e+008	1.39085	1.57706e-006
6.19	0.0387346	0.056151	-4.29497e+008	1.26109	1.34545e-006
6.2	0.0359259	0.055446	-4.29497e+008	1.32362	9.55294e-007
6.21	0.0290432	0.0687765	-4.29497e+008	1.20319	7.72002e-007
6.22	0.0327932	0.111746	-4.29497e+008	1.7535	1.10555e-006
6.23	0.0323765	0.109152	-4.29497e+008	1.48404	9.40365e-007
6.24	0.0341667	0.148506	-4.29497e+008	1.33136	8.18488e-007
6.25	0.0422531	0.0939839	-4.29497e+008	1.4336	1.57314e-006
6.26	0.0330864	0.190435	-4.29497e+008	1.08606	8.76385e-007
6.27	0.0337191	-0.086522	-4.29497e+008	1.52215	1.13775e-006
6.28	0.0315123	0.170484	-4.29497e+008	1.08727	8.47114e-007
6.29	0.0335648	-0.137417	-4.29497e+008	1.22131	1.05357e-006
6.3	0.038642	0.0899381	-4.29497e+008	1.20937	1.17502e-006
6.31	0.034321	0.124825	-4.29497e+008	1.16536	9.09809e-007
6.32	0.0321451	-0.504388	-4.29497e+008	1.24179	1.36273e-006
6.33	0.0359722	-0.0457581	-4.29497e+008	1.38162	1.10781e-006
6.34	0.0369753	0.0981598	-4.29497e+008	0.724457	1.06656e-006
6.35	0.0340586	-0.0806069	-4.29497e+008	1.46816	1.12859e-006
6.36	0.035	0.113779	-4.29497e+008	1.32906	9.65171e-007
6.37	0.0315586	0.174333	-4.29497e+008	1.39587	6.73876e-007
6.38	0.0314969	0.155161	-4.29497e+008	1.20282	7.31627e-007
6.39	0.0339506	-0.0612424	-4.29497e+008	1.40282	1.10734e-006
6.4	0.0330864	0.250083	-4.29497e+008	1.47656	6.72201e-007
6.41	0.0331327	0.0272651	-4.29497e+008	1.15265	1.02003e-006
6.42	0.0357253	0.0179781	-4.29497e+008	1.66924	1.13432e-006
6.43	0.0328858	-0.0184905	-4.29497e+008	1.39316	1.02295e-006
6.44	0.0310494	0.157645	-4.29497e+008	1.31939	8.08029e-007
6.45	0.0325772	0.177881	-4.29497e+008	1.36915	8.4655e-007
6.46	0.0349537	0.17558	-4.29497e+008	1.03519	8.95485e-007
6.47	0.0364043	0.127695	-4.29497e+008	1.42185	1.10219e-006
6.48	0.0328858	-0.0672174	-4.29497e+008	1.62323	1.13802e-006
6.49	0.0323302	-0.0538218	-4.29497e+008	1.1396	9.72662e-007
6.5	0.0288735	0.0400505	-4.29497e+008	1.20426	8.43438e-007
6.51	0.0305247	-0.0973936	-4.29497e+008	1.13261	9.08743e-007
6.52	0.0320216	0.0697367	-4.29497e+008	1.24958	8.55029e-007
6.53	0.0318827	0.204647	-4.29497e+008	1.1557	7.03013e-007
6.54	0.0354475	0.168607	-4.29497e+008	1.3841	9.69455e-007
6.55	0.0358025	0.0118666	-4.29497e+008	1.16357	1.08124e-006
6.56	0.0356327	0.0508725	-4.29497e+008	0.966686	1.0499e-006
6.57	0.0307562	0.0771859	-4.29497e+008	1.09719	7.34549e-007
6.58	0.0305864	-0.100299	-4.29497e+008	1.60383	8.68948e-007
6.59	0.0300309	0.0284657	-4.29497e+008	1.37054	6.66344e-007
6.6	0.0312346	0.0752497	-4.29497e+008	1.23416	8.89173e-007
6.61	0.0338735	-0.121507	-4.29497e+008	1.02536	1.0597e-006
6.62	0.0322377	0.0147697	-4.29497e+008	1.19751	9.70794e-007
6.63	0.0311728	-0.125563	-4.29497e+008	1.01918	8.68618e-007
6.64	0.034784	0.0795209	-4.29497e+008	1.25562	1.08375e-006
6.65	0.028534	-0.21365	-4.29497e+008	1.15778	7.4915e-007
6.66	0.0306327	-0.110866	-4.29497e+008	1.27695	8.51001e-007
6.67	0.0310031	0.0703206	-4.29497e+008	0.963836	6.53472e-007
6.68	0.0310494	0.0540315	-4.29497e+008	0.989637	7.62955e-007
6.69	0.0341512	0.145768	-4.29497e+008	1.40852	8.98323e-007
6.7	0.0291667	0.0660115	-4.29497e+008	1.34016	6.82494e-007
6.71	0.030679	-0.128346	-4.29497e+008	0.980808	9.39771e-007
6.72	0.0341204	0.162069	-4.29497e+008	0.871599	8.28484e-007
6.73	0.0262809	-0.313092	-4.29497e+008	1.03857	6.67347e-007
6.74	0.0335802	0.17845	-4.29497e+008	1.22569	8.91268e-007
6.75	0.0340741	0.104863	-4.29497e+008	0.934102	9.26256e-007
6.76	0.0269444	-0.0297574	-4.29497e+008	1.07839	6.35636e-007
6.77	0.0361728	-0.174234	-4.29497e+008	1.16597	1.20217e-006
6.78	0.0324074	0.116193	-4.29497e+008	0.918892	7.49715e-007
6.79	0.0291667	-0.0710886	-4.29497e+008	1.17994	7.56011e-007
6.8	0.0322531	-0.0520084	-4.29497e+008	1.05882	9.3092e-007
6.81	0.0333025	-0.0414815	-4.29497e+008	1.12472	1.02976e-006
6.82	0.0327006	0.210363	-4.29497e+008	1.32782	6.53878e-007
6.83	0.0297068	-0.107724	-4.29497e+008	1.04268	7.97043e-007
6.84	0.0308333	-0.193847	-4.29497e+008	1.06699	1.14931e-006
6.85	0.0280093	0.0831742	-4.29497e+008	0.893388	6.42509e-007
6.86	0.0315432	-0.0402778	-4.29497e+008	1.06758	9.31514e-007
6.87	0.0333951	0.0704447	-4.29497e+008	1.01702	8.99042e-007
6.88	0.0330556	0.0179684	-4.29497e+008	1.298	8.86358e-007
6.89	0.0260802	0.00747685	-4.29497e+008	0.910008	5.37997e-007
6.9	0.0324074	0.0698937	-4.29497e+008	1.31065	8.75286e-007
6.91	0.0330864	-0.137852	-4.29497e+008	1.16612	1.04933e-006
6.92	0.0280864	0.145477	-4.29497e+008	1.10261	5.87046e-007
6.93	0.0275309	0.220318	-4.29497e+008	0.979492	5.37381e-007
6.94	0.0290432	0.0237617	-4.29497e+008	1.12284	7.03082e-007
6.95	0.027716	-0.0668347	-4.29497e+008	1.18586	6.94295e-007
6.96	0.0335185	0.0864648	-4.29497e+008	1.22209	7.97602e-007
6.97	0.0278241	0.0484655	-4.29497e+008	0.882651	6.92954e-007
6.98	0.026466	-0.0108945	-4.29497e+008	1.13628	6.04271e-007
6.99	0.0322685	0.224729	-4.29497e+008	1.15268	6.4284e-007
7	0.0315123	-0.0350243	-4.29497e+008	0.999184	7.74339e-007
7.01	0.0317747	0.24184	-4.29497e+008	1.11355	5.86106e-007
7.02	0.0268056	-0.120804	-4.29497e+008	1.54544	7.43872e-007
7.03	0.0310957	-0.110263	-4.29497e+008	1.32737	8.15358e-007
7.04	0.0293056	0.00128858	-4.29497e+008	1.2203	7.3417e-007
7.05	0.0297377	0.0623468	-4.29497e+008	1.01081	7.60448e-007
7.06	0.0292284	0.0169692	-4.29497e+008	1.03363	5.9833e-007
7.07	0.0312809	0.0162562	-4.29497e+008	0.710615	7.0649e-007
7.08	0.0323765	0.0800876	-4.29497e+008	0.995882	7.47748e-007
7.09	0.024784	0.00485543	-4.29497e+008	0.783002	5.56096e-007
7.1	0.0337654	0.116664	-4.29497e+008	0.660186	8.94388e-007
7.11	0.0312037	-0.0593001	-4.29497e+008	1.12043	8.34534e-007
7.12	0.028534	-0.0684749	-4.29497e+008	0.94685	7.10736e-007
7.13	0.0345833	0.218795	-4.29497e+008	1.10156	6.87668e-007
7.14	0.0290895	0.114712	-4.29497e+008	0.809736	6.36158e-007
7.15	0.032284	-0.0228898	-4.29497e+008	0.970219	8.21678e-007
7.16	0.0308488	-0.348186	-4.29497e+008	1.26088	1.14076e-006
7.17	0.0264506	-0.0666269	-4.29497e+008	1.17645	5.91224e-007
7.18	0.0287809	0.1709	-4.29497e+008	0.986957	5.41931e-007
7.19	0.0355864	0.0555001	-4.29497e+008	0.872793	8.36327e-007
7.2	0.0292901	0.0738692	-4.29497e+008	0.82716	6.78593e-007
7.21	0.0289043	0.0515858	-4.29497e+008	0.67713	6.94687e-007
7.22	0.0318364	0.0653439	-4.29497e+008	1.00674	6.34273e-007
7.23	0.0311111	0.132053	-4.29497e+008	0.893771	6.78395e-007
7.24	0.0336111	0.185493	-4.29497e+008	0.927933	7.12711e-007
7.25	0.0342901	0.195105	-4.29497e+008	1.30892	6.89982e-007
7.26	0.0284414	-0.154133	-4.29497e+008	0.771046	8.19829e-007
7.27	0.0284259	-0.136314	-4.29497e+008	0.805254	7.50625e-007
7.28	0.031929	0.22623	-4.29497e+008	0.676247	6.54172e-007
7.29	0.0315123	0.300809	-4.29497e+008	0.879119	5.58177e-007
7.3	0.0260802	0.157683	-4.29497e+008	0.864703	4.74244e-007
7.31	0.0298457	-0.444632	-4.29497e+008	0.892281	8.40086e-007
7.32	0.031821	-0.0288327	-4.29497e+008	0.854012	8.5752e-007
7.33	0.0282562	0.0669781	-4.29497e+008	0.851683	6.26837e-007
7.34	0.030216	-0.15197	-4.29497e+008	0.843424	6.95577e-007
7.35	0.0311883	0.231535	-4.29497e+008	1.10769	5.56285e-007
7.36	0.0305401	0.0595672	-4.29497e+008	0.80931	6.95183e-007
7.37	0.0296142	0.128155	-4.29497e+008	0.789441	6.21496e-007
7.38	0.0293981	0.099856	-4.29497e+008	0.66392	6.37672e-007
7.39	0.0289352	-0.132311	-4.29497e+008	0.673843	8.2475e-007
7.4	0.0289969	-0.0303432	-4.29497e+008	0.783053	5.98869e-007
7.41	0.0296914	0.159548	-4.29497e+008	0.734318	5.92264e-007
7.42	0.0281019	-0.321198	-4.29497e+008	0.714903	6.36155e-007
7.43	0.0320062	0.0931846	-4.29497e+008	1.23467	7.79812e-007
7.44	0.0275309	0.213506	-4.29497e+008	0.734189	5.01505e-007
7.45	0.0289352	0.00566958	-4.29497e+008	0.928246	7.12299e-007
7.46	0.0224383	0.0308329	-4.29497e+008	0.810758	4.50213e-007
7.47	0.0252006	-0.0604295	-4.29497e+008	1.08959	5.58938e-007
7.48	0.0274383	0.198062	-4.29497e+008	1.12671	5.30015e-007
7.49	0.0267593	-0.0600492	-4.29497e+008	0.758644	5.92622e-007
7.5	0.0293981	0.125882	-4.29497e+008	1.024	6.06004e-007
7.51	0.0251698	0.119915	-4.29497e+008	0.607091	4.63215e-007
7.52	0.0291667	0.00840053	-4.29497e+008	0.922363	7.10427e-007
7.53	0.0266512	-0.0780639	-4.29497e+008	0.852191	5.84707e-007
7.54	0.0324383	-0.156464	-4.29497e+008	0.878076	7.43632e-007
7.55	0.0292747	-0.068937	-4.29497e+008	0.915048	8.06394e-007
7.56	0.0324537	-0.212081	-4.29497e+008	0.935024	8.34813e-007
7.57	0.02875	-0.0429235	-4.29497e+008	0.753862	7.36701e-007
7.58	0.0303086	0.218638	-4.29497e+008	0.729597	5.65308e-007
7.59	0.0255401	0.153019	-4.29497e+008	0.694347	5.06507e-007
7.6	0.0319907	0.101762	-4.29497e+008	0.570637	7.66143e-007
7.61	0.0251698	-0.0750611	-4.29497e+008	0.939355	5.57395e-007
7.62	0.0266049	0.263277	-4.29497e+008	0.799113	3.84672e-007
7.63	0.0279321	-0.116417	-4.29497e+008	0.797019	6.17909e-007
7.64	0.0272685	-0.0155245	-4.29497e+008	0.888134	5.619e-007
7.65	0.0292593	-0.22759	-4.29497e+008	0.628818	7.6637e-007
7.66	0.0254784	-0.00592256	-4.29497e+008	0.818057	5.40251e-007
7.67	0.0267593	0.0944558	-4.29497e+008	0.712575	5.04071e-007
7.68	0.0299537	0.0621285	-4.29497e+008	1.02539	6.64468e-007
7.69	0.0302623	0.138001	-4.29497e+008	0.979436	6.02212e-007
7.7	0.0273148	0.0270012	-4.29497e+008	0.782594	6.09014e-007
7.71	0.0274846	0.0360327	-4.29497e+008	0.898996	5.72838e-007
7.72	0.0323148	0.0826473	-4.29497e+008	0.805391	6.13687e-007
7.73	0.0288272	0.0673408	-4.29497e+008	0.717622	5.94658e-007
7.74	0.0313117	0.0315548	-4.29497e+008	0.678378	6.97791e-007
7.75	0.0271605	-0.0231144	-4.29497e+008	0.879084	6.3019e-007
7.76	0.0275309	-0.460969	-4.29497e+008	0.743969	6.88162e-007
7.77	0.0276852	-0.476433	-4.29497e+008	1.06008	5.98827e-007
7.78	0.0283951	0.092926	-4.29497e+008	0.697854	5.64335e-007
7.79	0.0272377	0.068904	-4.29497e+008	0.801528	4.88e-007
7.8	0.0304167	0.153706	-4.29497e+008	0.888889	6.142e-007
7.81	0.0247222	-0.0983844	-4.29497e+008	0.970554	5.21794e-007
7.82	0.0302469	-0.0194063	-4.29497e+008	0.617474	7.96126e-007
7.83	0.0262191	-0.0476779	-4.29497e+008	0.746384	5.48961e-007
7.84	0.0274228	0.150826	-4.29497e+008	0.7601	5.10069e-007
7.85	0.0240895	-0.0155919	-4.29497e+008	0.851637	4.04029e-007
7.86	0.0296296	-0.144198	-4.29497e+008	0.709619	7.93347e-007
7.87	0.0275772	0.230236	-4.29497e+008	0.661318	4.70953e-007
7.88	0.0256636	0.0184916	-4.29497e+008	0.742096	4.59535e-007
7.89	0.0277315	0.015982	-4.29497e+008	0.719654	6.26038e-007
7.9	0.0285494	0.202935	-4.29497e+008	0.728088	5.51633e-007
7.91	0.0284877	-0.190863	-4.29497e+008	0.925711	6.61244e-007
7.92	0.0283642	0.143631	-4.29497e+008	0.693807	5.28366e-007
7.93	0.0278241	-0.20797	-4.29497e+008	0.809097	7.45649e-007
7.94	0.02875	0.185978	-4.29497e+008	0.89335	4.95475e-007
7.95	0.0248611	0.0344549	-4.29497e+008	0.972113	5.44832e-007
7.96	0.0318981	-0.0613919	-4.29497e+008	0.80301	7.044e-007
7.97	0.0247222	0.215584	-4.29497e+008	0.720393	3.08667e-007
7.98	0.0246451	0.117798	-4.29497e+008	0.703513	4.03509e-007
7.99	0.0270988	0.186319	-4.29497e+008	0.897242	4.15693e-007
8	0.0269753	0.127325	-4.29497e+008	0.73	4.77876e-007
8.01	0.0325	-0.180923	-4.29497e+008	0.568578	9.14115e-007
8.02	0.0266358	0.027254	-4.29497e+008	0.54726	4.93737e-007
8.03	0.0274537	-0.172519	-4.29497e+008	0.734481	5.98506e-007
8.04	0.0277006	0.103789	-4.29497e+008	0.782159	5.02802e-007
8.05	0.0265123	0.187271	-4.29497e+008	0.819721	4.01356e-007
8.06	0.0307407	0.185801	-4.29497e+008	0.70932	5.32124e-007
8.07	0.0263117	0.0451401	-4.29497e+008	0.845145	4.73961e-007
8.08	0.0282253	-0.0882984	-4.29497e+008	0.745025	5.57606e-007
8.09	0.0268364	0.0304619	-4.29497e+008	0.616061	5.40349e-007
8.1	0.0273457	-0.0328238	-4.29497e+008	0.502362	6.012e-007
8.11	0.0297377	-0.0420517	-4.29497e+008	0.700601	5.59981e-007
8.12	0.0266821	-0.0616583	-4.29497e+008	0.592104	5.14561e-007
8.13	0.0284105	0.142224	-4.29497e+008	0.648744	5.37292e-007
8.14	0.0329784	0.0415436	-4.29497e+008	0.666469	8.04949e-007
8.15	0.0285031	-0.054544	-4.29497e+008	0.819	5.76495e-007
8.16	0.0270988	-0.0243504	-4.29497e+008	0.692042	5.46012e-007
8.17	0.0246759	0.0764139	-4.29497e+008	0.752672	3.70341e-007
8.18	0.0266358	-0.0318497	-4.29497e+008	0.569102	5.5698e-007
8.19	0.0240123	0.00817347	-4.29497e+008	0.529548	4.63582e-007
8.2	0.0305401	0.196872	-4.29497e+008	0.642475	4.90489e-007
8.21	0.0258796	-0.292424	-4.29497e+008	0.669395	6.20457e-007
8.22	0.0290895	0.227085	-4.29497e+008	0.738807	4.22839e-007
8.23	0.0275	0.0195382	-4.29497e+008	0.666146	5.00165e-007
8.24	0.0273148	0.169631	-4.29497e+008	0.49015	4.20721e-007
8.25	0.0260494	0.107209	-4.29497e+008	0.785161	4.16677e-007
8.26	0.0254321	0.199682	-4.29497e+008	0.605034	3.7755e-007
8.27	0.0297068	-0.16667	-4.29497e+008	0.495958	7.1879e-007
8.28	0.0285031	0.200614	-4.29497e+008	0.602114	5.02096e-007
8.29	0.0277006	0.0198786	-4.29497e+008	0.71707	5.10162e-007
8.3	0.0267901	-0.263399	-4.29497e+008	0.589926	6.43895e-007
8.31	0.0312037	0.172778	-4.29497e+008	0.514364	5.41329e-007
8.32	0.0285185	0.0677069	-4.29497e+008	0.66568	4.4776e-007
8.33	0.0281481	0.0771452	-4.29497e+008	0.622578	5.09298e-007
8.34	0.027284	0.00379843	-4.29497e+008	0.667092	5.40542e-007
8.35	0.0240895	-0.0203848	-4.29497e+008	0.835311	4.47944e-007
8.36	0.0280864	0.0525067	-4.29497e+008	0.636432	5.11167e-007
8.37	0.025108	0.194005	-4.29497e+008	0.703428	3.51099e-007
8.38	0.0238735	-0.067137	-4.29497e+008	0.683523	4.59217e-007
8.39	0.0302315	0.147688	-4.29497e+008	0.604613	5.41533e-007
8.4	0.028966	0.155311	-4.29497e+008	0.657596	4.94833e-007
8.41	0.0245062	-0.0771821	-4.29497e+008	0.551973	4.42617e-007
8.42	0.0275	0.120974	-4.29497e+008	0.496499	3.98427e-007
8.43	0.0269753	0.0945412	-4.29497e+008	0.648421	4.46381e-007
8.44	0.0293056	0.26262	-4.29497e+008	0.71427	4.30785e-007
8.45	0.0299846	0.0853596	-4.29497e+008	0.654319	5.61766e-007
8.46	0.0297377	0.160587	-4.29497e+008	0.549939	4.80514e-007
8.47	0.0316512	0.12043	-4.29497e+008	0.740442	5.88907e-007
8.48	0.0310648	0.0777028	-4.29497e+008	0.467248	6.51859e-007
8.49	0.0321759	0.0244519	-4.29497e+008	0.466148	6.94779e-007
8.5	0.0289352	-0.0612119	-4.29497e+008	0.469481	5.48326e-007
8.51	0.0246451	-0.24875	-4.29497e+008	0.605357	4.31325e-007
8.52	0.0267593	0.025806	-4.29497e+008	0.573079	4.26501e-007
8.53	0.0242438	0.149639	-4.29497e+008	0.730062	3.52467e-007
8.54	0.0272068	0.118622	-4.29497e+008	0.653763	4.5754e-007
8.55	0.0226543	-0.229213	-4.29497e+008	0.586574	4.23983e-007
8.56	0.0274383	0.0519431	-4.29497e+008	0.650712	5.14669e-007
8.57	0.0263272	0.117046	-4.29497e+008	0.670979	4.14932e-007
8.58	0.0219907	-0.0732171	-4.29497e+008	0.695497	3.76342e-007
8.59	0.0307253	0.22812	-4.29497e+008	0.563777	4.68819e-007
8.6	0.0274383	-0.0783522	-4.29497e+008	0.735533	5.29223e-007
8.61	0.0278395	-0.141177	-4.29497e+008	0.621593	4.35801e-007
8.62	0.027284	0.0702628	-4.29497e+008	0.564166	4.18606e-007
8.63	0.0291667	0.0554454	-4.29497e+008	0.519893	5.63143e-007
8.64	0.0297685	0.166498	-4.29497e+008	0.587277	4.24441e-007
8.65	0.0292438	0.151601	-4.29497e+008	0.530322	4.08702e-007
8.66	0.0296914	0.16657	-4.29497e+008	0.721109	4.60191e-007
8.67	0.0260031	0.0925744	-4.29497e+008	0.638562	4.46434e-007
8.68	0.0277623	-0.080949	-4.29497e+008	0.522415	6.65255e-007
8.69	0.0250772	-0.014624	-4.29497e+008	0.550876	3.72674e-007
8.7	0.0303858	0.190046	-4.29497e+008	0.604571	4.86137e-007
8.71	0.0271142	0.113172	-4.29497e+008	0.514604	4.50995e-007
8.72	0.0260957	0.173234	-4.29497e+008	0.63126	3.47343e-007
8.73	0.0297685	0.0893639	-4.29497e+008	0.470262	5.5428e-007
8.74	0.0244907	-0.147991	-4.29497e+008	0.573915	5.01676e-007
8.75	0.0253549	-0.0297863	-4.29497e+008	0.547527	3.94444e-007
8.76	0.0227932	-0.00859723	-4.29497e+008	0.492066	3.77334e-007
8.77	0.0257253	0.122542	-4.29497e+008	0.52839	4.22535e-007
8.78	0.0236265	-0.116826	-4.29497e+008	0.410957	4.08364e-007
8.79	0.0285648	-0.024203	-4.29497e+008	0.786911	5.86812e-007
8.8	0.0290741	-0.101429	-4.29497e+008	0.834711	5.68892e-007
8.81	0.0269136	0.157032	-4.29497e+008	0.51948	4.38472e-007
8.82	0.0263272	-0.041164	-4.29497e+008	0.6088	4.70943e-007
8.83	0.0244136	-0.620725	-4.29497e+008	0.627943	4.79341e-007
8.84	0.0276698	0.102323	-4.29497e+008	0.741181	4.46464e-007
8.85	0.02125	0.0325335	-4.29497e+008	0.461681	3.22638e-007
8.86	0.0253704	0.104472	-4.29497e+008	0.428028	3.88099e-007
8.87	0.0242284	0.181893	-4.29497e+008	0.524678	3.13192e-007
8.88	0.0273302	0.0922327	-4.29497e+008	0.779158	3.79178e-007
8.89	0.0249691	0.140729	-4.29497e+008	0.473732	3.3793e-007
8.9	0.0295062	0.0676248	-4.29497e+008	0.541346	5.52041e-007
8.91	0.0233333	0.0371299	-4.29497e+008	0.652995	3.3706e-007
8.92	0.0269753	-0.0580621	-4.29497e+008	0.490659	5.27105e-007
8.93	0.0274383	-0.156671	-4.29497e+008	0.541727	6.05619e-007
8.94	0.023966	0.00126074	-4.29497e+008	0.6286	3.31622e-007
8.95	0.0294136	0.138694	-4.29497e+008	0.651166	4.36057e-007
8.96	0.02875	-0.00697431	-4.29497e+008	0.605867	5.43261e-007
8.97	0.0268673	-0.0845187	-4.29497e+008	0.548838	4.99349e-007
8.98	0.0267747	-0.195011	-4.29497e+008	0.65079	5.70094e-007
8.99	0.022608	-0.000868176	-4.29497e+008	0.582033	3.63946e-007
9	0.0301543	0.0759036	-4.29497e+008	0.560988	5.24322e-007
9.01	0.0208488	0.239516	-4.29497e+008	0.476964	2.51022e-007
9.02	0.0286574	0.106425	-4.29497e+008	0.487707	5.00075e-007
9.03	0.0262654	0.025965	-4.29497e+008	0.56904	4.58576e-007
9.04	0.0274383	0.0634297	-4.29497e+008	0.544287	4.42715e-007
9.05	0.0258642	0.149183	-4.29497e+008	0.640762	3.81677e-007
9.06	0.0243673	-0.0979524	-4.29497e+008	0.63545	4.66484e-007
9.07	0.0287191	0.0767667	-4.29497e+008	0.595151	4.77239e-007
9.08	0.0291821	0.0770387	-4.29497e+008	0.50457	5.05889e-007
9.09	0.0235802	-0.107382	-4.29497e+008	0.569298	4.09129e-007
9.1	0.0254167	0.123036	-4.29497e+008	0.417341	3.68397e-007
9.11	0.0261111	0.0820155	-4.29497e+008	0.601503	4.5584e-007
9.12	0.0271451	-0.0412694	-4.29497e+008	0.515543	4.50505e-007
9.13	0.0264043	0.142693	-4.29497e+008	0.483703	4.15622e-007
9.14	0.0268519	0.158867	-4.29497e+008	0.601391	4.50504e-007
9.15	0.0271296	0.183809	-4.29497e+008	0.485413	4.08846e-007
9.16	0.027037	0.017254	-4.29497e+008	0.606396	5.17247e-007
9.17	0.026466	-0.0106542	-4.29497e+008	0.547991	4.07029e-007
9.18	0.0265278	0.216558	-4.29497e+008	0.62654	3.28776e-007
9.19	0.0276235	-0.165446	-4.29497e+008	0.636544	6.06984e-007
9.2	0.0237963	0.0726481	-4.29497e+008	0.536862	3.35852e-007
9.21	0.0320988	-0.150861	-4.29497e+008	0.448929	5.96641e-007
9.22	0.0250463	0.0657505	-4.29497e+008	0.606058	3.53859e-007
9.23	0.025787	0.0915297	-4.29497e+008	0.522109	4.06082e-007
9.24	0.0259105	0.16691	-4.29497e+008	0.490995	3.15589e-007
9.25	0.0262037	0.0951597	-4.29497e+008	0.445055	3.92676e-007
9.26	0.0221759	-0.0284026	-4.29497e+008	0.503804	3.75878e-007
9.27	0.0242438	-0.0140486	-4.29497e+008	0.502718	3.76739e-007
9.28	0.0251389	0.0579795	-4.29497e+008	0.642836	4.0487e-007
9.29	0.0258488	-0.0227475	-4.29497e+008	0.596959	4.7232e-007
9.3	0.0256173	0.0332072	-4.29497e+008	0.514279	3.77147e-007
9.31	0.0277315	-0.0769544	-4.29497e+008	0.498407	5.76187e-007
9.32	0.0262809	0.225376	-4.29497e+008	0.460498	3.36244e-007
9.33	0.0286265	-0.0207086	-4.29497e+008	0.68743	5.41612e-007
9.34	0.0266975	0.0399292	-4.29497e+008	0.513552	4.91522e-007
9.35	0.032392	0.224065	-4.29497e+008	0.457548	5.1341e-007
9.36	0.0221451	-0.11142	-4.29497e+008	0.562495	3.69406e-007
9.37	0.0261111	0.0343825	-4.29497e+008	0.455597	3.79041e-007
9.38	0.0278858	0.0403567	-4.29497e+008	0.625565	4.86366e-007
9.39	0.0268827	-0.307827	-4.29497e+008	0.49358	5.86329e-007
9.4	0.0271142	0.0798164	-4.29497e+008	0.470801	4.22197e-007
9.41	0.0219444	-0.0646239	-4.29497e+008	0.289108	3.39462e-007
9.42	0.0256173	0.136899	-4.29497e+008	0.526503	3.88826e-007
9.43	0.0243056	-0.0413772	-4.29497e+008	0.536183	4.13637e-007
9.44	0.021142	0.165151	-4.29497e+008	0.520684	2.42716e-007
9.45	0.0239043	-0.0103715	-4.29497e+008	0.548249	3.66448e-007
9.46	0.0259877	-0.0932885	-4.29497e+008	0.518484	4.57606e-007
9.47	0.0306327	-0.0450358	-4.29497e+008	0.545936	5.94664e-007
9.48	0.0268673	0.117249	-4.29497e+008	0.555467	3.76372e-007
9.49	0.0260957	0.117559	-4.29497e+008	0.433488	3.7979e-007
9.5	0.0254475	0.0860479	-4.29497e+008	0.691413	3.96958e-007
9.51	0.0289198	0.233436	-4.29497e+008	0.428129	3.91388e-007
9.52	0.0238889	0.083183	-4.29497e+008	0.402514	3.01213e-007
9.53	0.0252315	-0.189497	-4.29497e+008	0.443951	4.54277e-007
9.54	0.0259259	0.230347	-4.29497e+008	0.566082	3.29965e-007
9.55	0.0254012	-0.173712	-4.29497e+008	0.614018	4.21259e-007
9.56	0.02375	0.0194867	-4.29497e+008	0.448171	3.1497e-007
9.57	0.0239043	-0.202198	-4.29497e+008	0.478682	3.8848e-007
9.58	0.0269907	0.109009	-4.29497e+008	0.383541	4.28097e-007
9.59	0.0260494	0.10117	-4.29497e+008	0.58803	3.46982e-007
9.6	0.0210494	-0.0343009	-4.29497e+008	0.461806	2.65265e-007
9.61	0.0263735	0.149337	-4.20907e+008	7.90985e+011	3.52942e-007
9.62	0.0227932	0.0620033	-4.29497e+008	0.442598	3.0221e-007
9.63	0.025571	-0.072723	-4.29497e+008	0.49689	3.76749e-007
9.64	0.0260957	-0.494814	-4.29497e+008	0.51652	4.90781e-007
9.65	0.0277932	0.0153469	-4.29497e+008	0.47765	3.97204e-007
9.66	0.0249537	0.0697436	-4.29497e+008	0.360068	3.30602e-007
9.67	0.0243673	-0.223849	-4.29497e+008	0.509898	4.51834e-007
9.68	0.0228086	-0.0203209	-4.29497e+008	0.542996	3.03227e-007
9.69	0.0256636	-0.0200798	-4.29497e+008	0.443043	4.67238e-007
9.7	0.024429	0.198472	-4.29497e+008	0.418323	3.02183e-007
9.71	0.024892	0.0849849	-4.29497e+008	0.515888	3.11859e-007
9.72	0.028071	0.104762	-4.29497e+008	0.355637	4.31301e-007
9.73	0.0276235	0.126749	-4.29497e+008	0.331246	4.46904e-007
9.74	0.0286574	-0.408126	-4.29497e+008	0.617281	5.16411e-007
9.75	0.0228241	-0.0184184	-4.29497e+008	0.377015	3.38358e-007
9.76	0.0292747	0.128279	-4.29497e+008	0.349368	3.73644e-007
9.77	0.0239815	0.134452	-4.29497e+008	0.439169	2.97062e-007
9.78	0.0257716	0.0337477	-4.29497e+008	0.414853	3.61778e-007
9.79	0.0281019	-0.0702445	-4.29497e+008	0.600976	4.84779e-007
9.8	0.0247994	-0.162394	-4.29497e+008	0.543107	4.57503e-007
9.81	0.0251543	0.0671089	-4.29497e+008	0.498773	3.72324e-007
9.82	0.0259877	0.166864	-4.29497e+008	0.537579	3.4882e-007
9.83	0.0225772	0.0570288	-4.29497e+008	0.543109	2.97682e-007
9.84	0.0200772	-0.0443788	-4.29497e+008	0.505651	2.75639e-007
9.85	0.0228241	0.0790702	-4.29497e+008	0.379293	2.83521e-007
9.86	0.0253086	0.0329743	-4.29497e+008	0.473978	3.6877e-007
9.87	0.0268673	0.0717404	-4.29497e+008	0.4336	3.59425e-007
9.88	0.0240586	0.0247809	-4.29497e+008	0.534347	3.15963e-007
9.89	0.0242593	-0.11135	-4.29497e+008	0.343516	4.08398e-007
9.9	0.0240895	0.0293852	-4.29497e+008	0.486481	3.83632e-007
9.91	0.019892	-0.312108	-4.29497e+008	0.589768	2.35645e-007
9.92	0.026713	0.0982535	-4.29497e+008	0.432492	3.7243e-007
9.93	0.025463	-0.0174711	-4.29497e+008	0.480301	3.81639e-007
9.94	0.0251543	-0.292905	-4.29497e+008	0.469619	4.48627e-007
9.95	0.0250309	0.0747242	-4.29497e+008	0.610894	3.208e-007
9.96	0.0260494	-0.154765	-4.29497e+008	0.454831	4.34134e-007
9.97	0.0259414	-0.0417737	-4.29497e+008	0.347683	4.24833e-007
9.98	0.0276698	0.0681387	-4.29497e+008	0.462649	3.98996e-007
9.99	0.0244599	-0.0203729	-4.29497e+008	0.509819	3.56742e-007
10	0.0211265	0.141819	-4.29497e+008	0.4928	2.03175e-007
