0.0001	1e+008	0
0.0101	9802.96	0
0.0201	2475.19	0
0.0301	1103.74	0
0.0401	621.887	0
0.0501	398.405	0
0.0601	276.854	0
0.0701	203.5	0
0.0801	155.86	0
0.0901	123.183	0
0.1001	99.8003	0
0.1101	82.4946	0
0.1201	69.3288	0
0.1301	59.0807	0
0.1401	50.9476	0
0.1501	44.3852	0
0.1601	39.0137	0
0.1701	34.5614	0
0.1801	30.8299	0
0.1901	27.6717	0
0.2001	24.975	0
0.2101	22.6542	0
0.2201	20.6424	0
0.2301	18.8872	0
0.2401	17.3467	0
0.2501	15.9872	0
0.2601	14.7815	0
0.2701	13.7073	0
0.2801	12.746	0
0.2901	11.8824	0
0.3001	11.1037	0
0.3101	10.3991	0
0.3201	9.75952	0
0.3301	9.17717	0
0.3401	8.64543	0
0.3501	8.1586	0
0.3601	7.71176	0
0.3701	7.30066	0
0.3801	6.92156	0
0.3901	6.57125	0
0.4001	6.24688	0
0.4101	5.94594	0
0.4201	5.66624	0
0.4301	5.40581	0
0.4401	5.16294	0
0.4501	4.93608	0
0.4601	4.72384	0
0.4701	4.52501	0
0.4801	4.33847	0
0.4901	4.16323	0
0.5001	3.9984	0.000431302
0.5101	3.84317	0.000764249
0.5201	3.6968	0.0010392
0.5301	3.55864	0.00128383
0.5401	3.42809	0.0017229
0.5501	3.30458	0.00230198
0.5601	3.18764	0.00267255
0.5701	3.07679	0.00320755
0.5801	2.97163	0.00369792
0.5901	2.87176	0.00441579
0.6001	2.77685	0.00559683
0.6101	2.68657	0.00663122
0.6201	2.60062	0.00770251
0.6301	2.51873	0.00852401
0.6401	2.44064	0.00977441
0.6501	2.36614	0.0109597
0.6601	2.29499	0.0122536
0.6701	2.227	0.0133691
0.6801	2.16199	0.0146893
0.6901	2.09979	0.0163227
0.7001	2.04023	0.0177726
0.7101	1.98317	0.0191932
0.7201	1.92848	0.0208365
0.7301	1.87601	0.0225296
0.7401	1.82566	0.0244747
0.7501	1.7773	0.0262301
0.7601	1.73085	0.0279726
0.7701	1.68619	0.0303308
0.7801	1.64323	0.032502
0.7901	1.6019	0.0344541
0.8001	1.56211	0.0363589
0.8101	1.52378	0.0387231
0.8201	1.48685	0.0408109
0.8301	1.45124	0.0435415
0.8401	1.4169	0.045925
0.8501	1.38376	0.0483277
0.8601	1.35177	0.0509083
0.8701	1.32087	0.0535877
0.8801	1.29103	0.0565352
0.8901	1.26218	0.0592033
0.9001	1.23429	0.0621831
0.9101	1.20732	0.0650496
0.9201	1.18122	0.0679856
0.9301	1.15595	0.0713434
0.9401	1.13149	0.0745372
0.9501	1.1078	0.0778188
0.9601	1.08484	0.0814925
0.9701	1.06259	0.0845224
0.9801	1.04102	0.0884573
0.9901	1.0201	0.0917416
1.0001	0.9998	0.0952629
1.0101	0.980102	0.0998828
1.0201	0.96098	0.104031
1.0301	0.942413	0.107876
1.0401	0.924378	0.11214
1.0501	0.906857	0.116428
1.0601	0.889829	0.120579
1.0701	0.873275	0.124553
1.0801	0.85718	0.128761
1.0901	0.841526	0.133261
1.1001	0.826296	0.137479
1.1101	0.811476	0.142223
1.1201	0.797052	0.147022
1.1301	0.783008	0.152675
1.1401	0.769333	0.157204
1.1501	0.756012	0.161881
1.1601	0.743035	0.166709
1.1701	0.730389	0.171652
1.1801	0.718063	0.176558
1.1901	0.706046	0.181152
1.2001	0.694329	0.185718
1.2101	0.682901	0.190852
1.2201	0.671752	0.196334
1.2301	0.660875	0.20186
1.2401	0.650259	0.207413
1.2501	0.639898	0.212423
1.2601	0.629782	0.217489
1.2701	0.619904	0.222947
1.2801	0.610256	0.229513
1.2901	0.600832	0.234762
1.3001	0.591625	0.240701
1.3101	0.582628	0.247134
1.3201	0.573834	0.252079
1.3301	0.565238	0.25812
1.3401	0.556834	0.263866
1.3501	0.548616	0.270855
1.3601	0.540578	0.276338
1.3701	0.532716	0.283557
1.3801	0.525024	0.289784
1.3901	0.517497	0.296506
1.4001	0.510131	0.303569
1.4101	0.502921	0.309641
1.4201	0.495864	0.316392
1.4301	0.488953	0.323576
1.4401	0.482186	0.330776
1.4501	0.475559	0.338038
1.4601	0.469067	0.34685
1.4701	0.462707	0.355376
1.4801	0.456476	0.362838
1.4901	0.45037	0.371143
1.5001	0.444385	0.379745
1.5101	0.438519	0.389031
1.5201	0.432769	0.39941
1.5301	0.42713	0.409067
1.5401	0.421602	0.41675
1.5501	0.416179	0.427879
1.5601	0.410861	0.437048
1.5701	0.405644	0.446337
1.5801	0.400526	0.457282
1.5901	0.395504	0.469341
1.6001	0.390576	0.478249
1.6101	0.38574	0.487861
1.6201	0.380992	0.498077
1.6301	0.376332	0.50995
1.6401	0.371757	0.521854
1.6501	0.367265	0.540149
1.6601	0.362854	0.553668
1.6701	0.358521	0.566383
1.6801	0.354266	0.579299
1.6901	0.350086	0.592856
1.7001	0.34598	0.609181
1.7101	0.341946	0.622496
1.7201	0.337981	0.63711
1.7301	0.334085	0.650417
1.7401	0.330257	0.661641
1.7501	0.326493	0.67536
1.7601	0.322794	0.68732
1.7701	0.319157	0.698292
1.7801	0.315581	0.7093
1.7901	0.312065	0.721257
1.8001	0.308608	0.732147
1.8101	0.305207	0.740718
1.8201	0.301863	0.748818
1.8301	0.298573	0.75907
1.8401	0.295337	0.768925
1.8501	0.292152	0.777492
1.8601	0.28902	0.785749
1.8701	0.285937	0.79403
1.8801	0.282903	0.802965
1.8901	0.279918	0.808911
1.9001	0.276979	0.81635
1.9101	0.274087	0.823232
1.9201	0.271239	0.830895
1.9301	0.268436	0.837418
1.9401	0.265676	0.843466
1.9501	0.262958	0.848861
1.9601	0.260282	0.854985
1.9701	0.257646	0.85993
1.9801	0.25505	0.864477
1.9901	0.252493	0.869691
2.0001	0.249975	0.873752
2.0101	0.247494	0.877892
2.0201	0.24505	0.881626
2.0301	0.242642	0.885588
2.0401	0.240269	0.889024
2.0501	0.23793	0.892877
2.0601	0.235626	0.896253
2.0701	0.233355	0.900282
2.0801	0.231117	0.903564
2.0901	0.228911	0.907044
2.1001	0.226736	0.910317
2.1101	0.224592	0.913437
2.1201	0.222478	0.916351
2.1301	0.220394	0.919249
2.1401	0.218339	0.92183
2.1501	0.216313	0.924625
2.1601	0.214315	0.927456
2.1701	0.212344	0.930931
2.1801	0.210401	0.9334
2.1901	0.208484	0.935915
2.2001	0.206593	0.938171
2.2101	0.204727	0.940823
2.2201	0.202887	0.942779
2.2301	0.201072	0.945097
2.2401	0.199281	0.947219
2.2501	0.197513	0.949367
2.2601	0.195769	0.95147
2.2701	0.194048	0.953364
2.2801	0.19235	0.955254
2.2901	0.190674	0.957252
2.3001	0.189019	0.959172
2.3101	0.187387	0.960954
2.3201	0.185775	0.962947
2.3301	0.184184	0.964876
2.3401	0.182613	0.966596
2.3501	0.181062	0.96832
2.3601	0.179531	0.969999
2.3701	0.178019	0.971613
2.3801	0.176526	0.973345
2.3901	0.175052	0.974806
2.4001	0.173597	0.976361
2.4101	0.172159	0.977781
2.4201	0.170739	0.979177
2.4301	0.169337	0.980613
2.4401	0.167952	0.981967
2.4501	0.166584	0.983278
2.4601	0.165232	0.984671
2.4701	0.163897	0.985954
2.4801	0.162578	0.987147
2.4901	0.161275	0.988357
2.5001	0.159987	0.989642
2.5101	0.158715	0.990951
2.5201	0.157458	0.992069
2.5301	0.156216	0.993175
2.5401	0.154988	0.994301
2.5501	0.153775	0.995394
2.5601	0.152576	0.996451
2.5701	0.151391	0.997485
2.5801	0.15022	0.998573
2.5901	0.149062	0.999547
2.6001	0.147918	1.00061
2.6101	0.146786	1.00159
2.6201	0.145668	1.00253
2.6301	0.144562	1.00343
2.6401	0.143469	1.00448
2.6501	0.142389	1.00543
2.6601	0.14132	1.00643
2.6701	0.140264	1.0073
2.6801	0.139219	1.00815
2.6901	0.138186	1.00908
2.7001	0.137164	1.00993
2.7101	0.136154	1.01074
2.7201	0.135154	1.0115
2.7301	0.134166	1.01224
2.7401	0.133189	1.01309
2.7501	0.132222	1.01392
2.7601	0.131265	1.01469
2.7701	0.130319	1.01543
2.7801	0.129384	1.01619
2.7901	0.128458	1.01693
2.8001	0.127542	1.01764
2.8101	0.126636	1.01833
2.8201	0.125739	1.01899
2.8301	0.124852	1.01969
2.8401	0.123975	1.02038
2.8501	0.123106	1.0211
2.8601	0.122247	1.02181
2.8701	0.121396	1.02242
2.8801	0.120555	1.02312
2.8901	0.119722	1.02378
2.9001	0.118898	1.02444
2.9101	0.118082	1.02505
2.9201	0.117275	1.02564
2.9301	0.116476	1.02622
2.9401	0.115685	1.02685
2.9501	0.114902	1.02746
2.9601	0.114127	1.02807
2.9701	0.113359	1.02862
2.9801	0.1126	1.02919
2.9901	0.111848	1.02976
3.0001	0.111104	1.03034
3.0101	0.110367	1.03082
3.0201	0.109637	1.03134
3.0301	0.108915	1.03186
3.0401	0.108199	1.0324
3.0501	0.107491	1.03292
3.0601	0.10679	1.03342
3.0701	0.106095	1.0339
3.0801	0.105407	1.03436
3.0901	0.104726	1.03483
3.1001	0.104052	1.03533
3.1101	0.103384	1.03582
3.1201	0.102722	1.0363
3.1301	0.102067	1.0368
3.1401	0.101418	1.03728
3.1501	0.100775	1.03775
3.1601	0.100138	1.0382
3.1701	0.0995071	1.03864
3.1801	0.0988823	1.0391
3.1901	0.0982633	1.03956
3.2001	0.0976501	1.04002
3.2101	0.0970427	1.04045
3.2201	0.0964409	1.04086
3.2301	0.0958447	1.04126
3.2401	0.095254	1.04167
3.2501	0.0946687	1.04209
3.2601	0.0940888	1.0425
3.2701	0.0935143	1.04287
3.2801	0.092945	1.04322
3.2901	0.0923808	1.04363
3.3001	0.0918218	1.044
3.3101	0.0912678	1.04438
3.3201	0.0907189	1.04474
3.3301	0.0901749	1.04513
3.3401	0.0896357	1.04551
3.3501	0.0891014	1.04587
3.3601	0.0885718	1.04622
3.3701	0.088047	1.0466
3.3801	0.0875268	1.04691
3.3901	0.0870112	1.04726
3.4001	0.0865001	1.04759
3.4101	0.0859935	1.04792
3.4201	0.0854914	1.04824
3.4301	0.0849936	1.04856
3.4401	0.0845002	1.04888
3.4501	0.0840111	1.04921
3.4601	0.0835262	1.04952
3.4701	0.0830455	1.0498
3.4801	0.0825689	1.05008
3.4901	0.0820964	1.05039
3.5001	0.081628	1.05069
3.5101	0.0811635	1.051
3.5201	0.0807031	1.05129
3.5301	0.0802465	1.05157
3.5401	0.0797938	1.05184
3.5501	0.0793449	1.05213
3.5601	0.0788997	1.05239
3.5701	0.0784584	1.05268
3.5801	0.0780207	1.05297
3.5901	0.0775866	1.05324
3.6001	0.0771562	1.05353
3.6101	0.0767294	1.0538
3.6201	0.076306	1.05405
3.6301	0.0758862	1.05431
3.6401	0.0754698	1.05455
3.6501	0.0750569	1.0548
3.6601	0.0746473	1.05507
3.6701	0.0742411	1.05532
3.6801	0.0738381	1.05558
3.6901	0.0734385	1.05583
3.7001	0.0730421	1.05609
3.7101	0.0726489	1.05633
3.7201	0.0722588	1.05658
3.7301	0.0718719	1.0568
3.7401	0.0714881	1.05705
3.7501	0.0711073	1.05728
3.7601	0.0707296	1.05751
3.7701	0.0703549	1.05773
3.7801	0.0699831	1.05797
3.7901	0.0696143	1.0582
3.8001	0.0692484	1.05842
3.8101	0.0688854	1.05863
3.8201	0.0685252	1.05885
3.8301	0.0681679	1.05907
3.8401	0.0678133	1.05929
3.8501	0.0674615	1.05949
3.8601	0.0671124	1.05969
3.8701	0.066766	1.05993
3.8801	0.0664223	1.06013
3.8901	0.0660813	1.06033
3.9001	0.0657428	1.06053
3.9101	0.065407	1.06075
3.9201	0.0650737	1.06096
3.9301	0.064743	1.06116
3.9401	0.0644148	1.06135
3.9501	0.064089	1.06155
3.9601	0.0637658	1.06175
3.9701	0.063445	1.06195
3.9801	0.0631265	1.06214
3.9901	0.0628105	1.06233
4.0001	0.0624969	1.0625
4.0101	0.0621856	1.0627
4.0201	0.0618766	1.06287
4.0301	0.0615699	1.06305
4.0401	0.0612655	1.06323
4.0501	0.0609633	1.0634
4.0601	0.0606634	1.06358
4.0701	0.0603656	1.06374
4.0801	0.0600701	1.0639
4.0901	0.0597767	1.06408
4.1001	0.0594855	1.06424
4.1101	0.0591964	1.06441
4.1201	0.0589094	1.06459
4.1301	0.0586245	1.06476
4.1401	0.0583416	1.06492
4.1501	0.0580608	1.06509
4.1601	0.057782	1.06526
4.1701	0.0575052	1.06542
4.1801	0.0572304	1.06558
4.1901	0.0569575	1.06574
4.2001	0.0566866	1.06589
4.2101	0.0564177	1.06606
4.2201	0.0561506	1.0662
4.2301	0.0558854	1.06637
4.2401	0.0556222	1.06653
4.2501	0.0553607	1.06669
4.2601	0.0551011	1.06684
4.2701	0.0548433	1.067
4.2801	0.0545874	1.06714
4.2901	0.0543332	1.06729
4.3001	0.0540808	1.06745
4.3101	0.0538301	1.06759
4.3201	0.0535812	1.06773
4.3301	0.053334	1.06788
4.3401	0.0530885	1.06802
4.3501	0.0528447	1.06815
4.3601	0.0526026	1.06828
4.3701	0.0523621	1.06843
4.3801	0.0521233	1.06857
4.3901	0.0518861	1.0687
4.4001	0.0516505	1.06884
4.4101	0.0514166	1.06898
4.4201	0.0511842	1.0691
4.4301	0.0509534	1.06923
4.4401	0.0507241	1.06936
4.4501	0.0504964	1.06948
4.4601	0.0502702	1.06961
4.4701	0.0500456	1.06972
4.4801	0.0498224	1.06985
4.4901	0.0496007	1.06997
4.5001	0.0493805	1.07009
4.5101	0.0491618	1.07021
4.5201	0.0489445	1.07033
4.5301	0.0487287	1.07046
4.5401	0.0485142	1.07057
4.5501	0.0483012	1.07069
4.5601	0.0480896	1.0708
4.5701	0.0478794	1.07092
4.5801	0.0476705	1.07104
4.5901	0.0474631	1.07116
4.6001	0.0472569	1.07127
4.6101	0.0470521	1.07138
4.6201	0.0468487	1.07149
4.6301	0.0466465	1.07159
4.6401	0.0464457	1.0717
4.6501	0.0462461	1.07181
4.6601	0.0460479	1.07192
4.6701	0.0458509	1.07203
4.6801	0.0456551	1.07214
4.6901	0.0454607	1.07224
4.7001	0.0452674	1.07235
4.7101	0.0450754	1.07245
4.7201	0.0448846	1.07256
4.7301	0.044695	1.07266
4.7401	0.0445067	1.07276
4.7501	0.0443195	1.07287
4.7601	0.0441334	1.07297
4.7701	0.0439486	1.07307
4.7801	0.0437649	1.07316
4.7901	0.0435824	1.07327
4.8001	0.043401	1.07337
4.8101	0.0432207	1.07346
4.8201	0.0430416	1.07355
4.8301	0.0428635	1.07364
4.8401	0.0426866	1.07374
4.8501	0.0425107	1.07382
4.8601	0.042336	1.07392
4.8701	0.0421623	1.07401
4.8801	0.0419897	1.0741
4.8901	0.0418181	1.0742
4.9001	0.0416476	1.07429
4.9101	0.0414781	1.07438
4.9201	0.0413097	1.07447
4.9301	0.0411423	1.07457
4.9401	0.0409759	1.07466
4.9501	0.0408105	1.07475
4.9601	0.0406461	1.07484
4.9701	0.0404827	1.07492
4.9801	0.0403203	1.07502
4.9901	0.0401589	1.07511
5.0001	0.0399984	1.07519
5.0101	0.0398389	1.07528
5.0201	0.0396803	1.07537
5.0301	0.0395227	1.07545
5.0401	0.039366	1.07554
5.0501	0.0392103	1.07562
5.0601	0.0390555	1.0757
5.0701	0.0389016	1.07578
5.0801	0.0387486	1.07586
5.0901	0.0385965	1.07594
5.1001	0.0384452	1.07603
5.1101	0.0382949	1.0761
5.1201	0.0381455	1.07619
5.1301	0.0379969	1.07626
5.1401	0.0378492	1.07634
5.1501	0.0377024	1.07642
5.1601	0.0375564	1.0765
5.1701	0.0374112	1.07658
5.1801	0.0372669	1.07666
5.1901	0.0371235	1.07673
5.2001	0.0369808	1.07681
5.2101	0.036839	1.07688
5.2201	0.036698	1.07695
5.2301	0.0365578	1.07702
5.2401	0.0364184	1.07709
5.2501	0.0362798	1.07716
5.2601	0.036142	1.07724
5.2701	0.036005	1.07731
5.2801	0.0358687	1.07738
5.2901	0.0357332	1.07745
5.3001	0.0355985	1.07752
5.3101	0.0354646	1.07759
5.3201	0.0353314	1.07766
5.3301	0.0351989	1.07773
5.3401	0.0350672	1.0778
5.3501	0.0349362	1.07787
5.3601	0.034806	1.07793
5.3701	0.0346765	1.078
5.3801	0.0345477	1.07807
5.3901	0.0344196	1.07814
5.4001	0.0342923	1.07821
5.4101	0.0341656	1.07827
5.4201	0.0340397	1.07834
5.4301	0.0339144	1.0784
5.4401	0.0337898	1.07846
5.4501	0.033666	1.07852
5.4601	0.0335428	1.07859
5.4701	0.0334202	1.07865
5.4801	0.0332984	1.07871
5.4901	0.0331772	1.07877
5.5001	0.0330566	1.07883
5.5101	0.0329368	1.07889
5.5201	0.0328175	1.07895
5.5301	0.032699	1.07901
5.5401	0.032581	1.07907
5.5501	0.0324637	1.07914
5.5601	0.0323471	1.0792
5.5701	0.032231	1.07925
5.5801	0.0321156	1.07931
5.5901	0.0320008	1.07938
5.6001	0.0318866	1.07943
5.6101	0.031773	1.07949
5.6201	0.0316601	1.07954
5.6301	0.0315477	1.07961
5.6401	0.0314359	1.07966
5.6501	0.0313248	1.07972
5.6601	0.0312142	1.07977
5.6701	0.0311042	1.07983
5.6801	0.0309947	1.07988
5.6901	0.0308859	1.07994
5.7001	0.0307776	1.07999
5.7101	0.0306699	1.08005
5.7201	0.0305628	1.0801
5.7301	0.0304562	1.08016
5.7401	0.0303502	1.08022
5.7501	0.0302447	1.08028
5.7601	0.0301398	1.08033
5.7701	0.0300354	1.08038
5.7801	0.0299316	1.08043
5.7901	0.0298283	1.08048
5.8001	0.0297255	1.08054
5.8101	0.0296233	1.08059
5.8201	0.0295215	1.08064
5.8301	0.0294204	1.0807
5.8401	0.0293197	1.08075
5.8501	0.0292195	1.0808
5.8601	0.0291199	1.08085
5.8701	0.0290208	1.08091
5.8801	0.0289222	1.08095
5.8901	0.028824	1.081
5.9001	0.0287264	1.08105
5.9101	0.0286293	1.0811
5.9201	0.0285326	1.08115
5.9301	0.0284365	1.0812
5.9401	0.0283408	1.08125
5.9501	0.0282456	1.08129
5.9601	0.0281509	1.08134
5.9701	0.0280567	1.08139
5.9801	0.027963	1.08144
5.9901	0.0278697	1.08149
6.0001	0.0277769	1.08154
6.0101	0.0276845	1.08158
6.0201	0.0275926	1.08162
6.0301	0.0275012	1.08167
6.0401	0.0274102	1.08171
6.0501	0.0273196	1.08175
6.0601	0.0272295	1.0818
6.0701	0.0271399	1.08184
6.0801	0.0270507	1.08189
6.0901	0.0269619	1.08193
6.1001	0.0268736	1.08197
6.1101	0.0267857	1.08202
6.1201	0.0266983	1.08206
6.1301	0.0266112	1.08211
6.1401	0.0265246	1.08215
6.1501	0.0264384	1.0822
6.1601	0.0263527	1.08224
6.1701	0.0262673	1.08228
6.1801	0.0261824	1.08232
6.1901	0.0260978	1.08236
6.2001	0.0260137	1.0824
6.2101	0.02593	1.08245
6.2201	0.0258467	1.08249
6.2301	0.0257638	1.08253
6.2401	0.0256813	1.08257
6.2501	0.0255992	1.08261
6.2601	0.0255175	1.08265
6.2701	0.0254361	1.0827
6.2801	0.0253552	1.08274
6.2901	0.0252746	1.08278
6.3001	0.0251945	1.08281
6.3101	0.0251147	1.08285
6.3201	0.0250353	1.08289
6.3301	0.0249562	1.08293
6.3401	0.0248776	1.08297
6.3501	0.0247993	1.08301
6.3601	0.0247213	1.08304
6.3701	0.0246438	1.08308
6.3801	0.0245666	1.08312
6.3901	0.0244898	1.08316
6.4001	0.0244133	1.0832
6.4101	0.0243372	1.08324
6.4201	0.0242614	1.08327
6.4301	0.024186	1.08331
6.4401	0.024111	1.08335
6.4501	0.0240363	1.08338
6.4601	0.0239619	1.08342
6.4701	0.0238879	1.08346
6.4801	0.0238142	1.0835
6.4901	0.0237409	1.08353
6.5001	0.0236679	1.08357
6.5101	0.0235953	1.0836
6.5201	0.0235229	1.08364
6.5301	0.0234509	1.08368
6.5401	0.0233793	1.08371
6.5501	0.023308	1.08375
6.5601	0.0232369	1.08378
6.5701	0.0231663	1.08382
6.5801	0.0230959	1.08386
6.5901	0.0230259	1.08389
6.6001	0.0229561	1.08393
6.6101	0.0228867	1.08396
6.6201	0.0228176	1.084
6.6301	0.0227489	1.08403
6.6401	0.0226804	1.08407
6.6501	0.0226122	1.0841
6.6601	0.0225444	1.08414
6.6701	0.0224768	1.08417
6.6801	0.0224096	1.0842
6.6901	0.0223427	1.08423
6.7001	0.022276	1.08426
6.7101	0.0222097	1.08429
6.7201	0.0221436	1.08432
6.7301	0.0220779	1.08436
6.7401	0.0220124	1.08439
6.7501	0.0219472	1.08442
6.7601	0.0218823	1.08445
6.7701	0.0218177	1.08448
6.7801	0.0217534	1.08451
6.7901	0.0216894	1.08454
6.8001	0.0216257	1.08457
6.8101	0.0215622	1.0846
6.8201	0.021499	1.08464
6.8301	0.0214361	1.08467
6.8401	0.0213735	1.0847
6.8501	0.0213111	1.08473
6.8601	0.021249	1.08476
6.8701	0.0211872	1.08479
6.8801	0.0211257	1.08482
6.8901	0.0210644	1.08485
6.9001	0.0210034	1.08488
6.9101	0.0209426	1.08491
6.9201	0.0208822	1.08494
6.9301	0.0208219	1.08497
6.9401	0.020762	1.085
6.9501	0.0207023	1.08502
6.9601	0.0206428	1.08505
6.9701	0.0205836	1.08508
6.9801	0.0205247	1.08511
6.9901	0.020466	1.08513
7.0001	0.0204076	1.08516
7.0101	0.0203494	1.08519
7.0201	0.0202915	1.08522
7.0301	0.0202338	1.08525
7.0401	0.0201763	1.08528
7.0501	0.0201191	1.08531
7.0601	0.0200622	1.08534
7.0701	0.0200055	1.08536
7.0801	0.019949	1.08539
7.0901	0.0198928	1.08542
7.1001	0.0198368	1.08545
7.1101	0.019781	1.08548
7.1201	0.0197255	1.0855
7.1301	0.0196702	1.08553
7.1401	0.0196151	1.08556
7.1501	0.0195603	1.08559
7.1601	0.0195057	1.08561
7.1701	0.0194513	1.08564
7.1801	0.0193972	1.08566
7.1901	0.0193433	1.08569
7.2001	0.0192896	1.08572
7.2101	0.0192361	1.08574
7.2201	0.0191829	1.08577
7.2301	0.0191298	1.08579
7.2401	0.019077	1.08582
7.2501	0.0190244	1.08584
7.2601	0.0189721	1.08587
7.2701	0.0189199	1.08589
7.2801	0.018868	1.08592
7.2901	0.0188162	1.08594
7.3001	0.0187647	1.08597
7.3101	0.0187134	1.08599
7.3201	0.0186623	1.08602
7.3301	0.0186114	1.08604
7.3401	0.0185608	1.08607
7.3501	0.0185103	1.08609
7.3601	0.01846	1.08612
7.3701	0.01841	1.08614
7.3801	0.0183601	1.08616
7.3901	0.0183105	1.08619
7.4001	0.018261	1.08621
7.4101	0.0182118	1.08624
7.4201	0.0181627	1.08626
7.4301	0.0181138	1.08629
7.4401	0.0180652	1.08631
7.4501	0.0180167	1.08634
7.4601	0.0179685	1.08636
7.4701	0.0179204	1.08638
7.4801	0.0178725	1.0864
7.4901	0.0178248	1.08643
7.5001	0.0177773	1.08645
7.5101	0.01773	1.08647
7.5201	0.0176829	1.0865
7.5301	0.0176359	1.08652
7.5401	0.0175892	1.08654
7.5501	0.0175426	1.08656
7.5601	0.0174962	1.08659
7.5701	0.0174501	1.08661
7.5801	0.017404	1.08663
7.5901	0.0173582	1.08666
7.6001	0.0173126	1.08668
7.6101	0.0172671	1.0867
7.6201	0.0172218	1.08672
7.6301	0.0171767	1.08674
7.6401	0.0171318	1.08676
7.6501	0.017087	1.08678
7.6601	0.0170424	1.0868
7.6701	0.016998	1.08682
7.6801	0.0169538	1.08684
7.6901	0.0169097	1.08686
7.7001	0.0168658	1.08688
7.7101	0.0168221	1.08691
7.7201	0.0167785	1.08693
7.7301	0.0167352	1.08695
7.7401	0.0166919	1.08697
7.7501	0.0166489	1.08699
7.7601	0.016606	1.08701
7.7701	0.0165633	1.08703
7.7801	0.0165207	1.08705
7.7901	0.0164784	1.08707
7.8001	0.0164361	1.08709
7.8101	0.0163941	1.08711
7.8201	0.0163522	1.08713
7.8301	0.0163104	1.08715
7.8401	0.0162688	1.08717
7.8501	0.0162274	1.08719
7.8601	0.0161862	1.08721
7.8701	0.0161451	1.08722
7.8801	0.0161041	1.08724
7.8901	0.0160633	1.08726
7.9001	0.0160227	1.08728
7.9101	0.0159822	1.0873
7.9201	0.0159418	1.08732
7.9301	0.0159017	1.08734
7.9401	0.0158616	1.08736
7.9501	0.0158218	1.08738
7.9601	0.015782	1.0874
7.9701	0.0157425	1.08742
7.9801	0.015703	1.08744
7.9901	0.0156637	1.08746
8.0001	0.0156246	1.08747
8.0101	0.0155856	1.08749
8.0201	0.0155468	1.08751
8.0301	0.0155081	1.08753
8.0401	0.0154695	1.08755
8.0501	0.0154311	1.08757
8.0601	0.0153929	1.08759
8.0701	0.0153547	1.0876
8.0801	0.0153167	1.08762
8.0901	0.0152789	1.08764
8.1001	0.0152412	1.08766
8.1101	0.0152036	1.08768
8.1201	0.0151662	1.08769
8.1301	0.0151289	1.08771
8.1401	0.0150918	1.08773
8.1501	0.0150548	1.08775
8.1601	0.0150179	1.08777
8.1701	0.0149812	1.08778
8.1801	0.0149445	1.0878
8.1901	0.0149081	1.08782
8.2001	0.0148717	1.08784
8.2101	0.0148355	1.08785
8.2201	0.0147995	1.08787
8.2301	0.0147635	1.08789
8.2401	0.0147277	1.08791
8.2501	0.014692	1.08792
8.2601	0.0146565	1.08794
8.2701	0.014621	1.08796
8.2801	0.0145858	1.08797
8.2901	0.0145506	1.08799
8.3001	0.0145155	1.08801
8.3101	0.0144806	1.08802
8.3201	0.0144458	1.08804
8.3301	0.0144112	1.08806
8.3401	0.0143766	1.08807
8.3501	0.0143422	1.08809
8.3601	0.0143079	1.08811
8.3701	0.0142738	1.08812
8.3801	0.0142397	1.08814
8.3901	0.0142058	1.08815
8.4001	0.014172	1.08817
8.4101	0.0141383	1.08819
8.4201	0.0141048	1.0882
8.4301	0.0140713	1.08822
8.4401	0.014038	1.08823
8.4501	0.0140048	1.08825
8.4601	0.0139717	1.08826
8.4701	0.0139387	1.08828
8.4801	0.0139059	1.0883
8.4901	0.0138731	1.08831
8.5001	0.0138405	1.08833
8.5101	0.013808	1.08834
8.5201	0.0137756	1.08836
8.5301	0.0137433	1.08838
8.5401	0.0137112	1.08839
8.5501	0.0136791	1.0884
8.5601	0.0136472	1.08842
8.5701	0.0136153	1.08843
8.5801	0.0135836	1.08845
8.5901	0.013552	1.08846
8.6001	0.0135205	1.08848
8.6101	0.0134891	1.08849
8.6201	0.0134578	1.08851
8.6301	0.0134267	1.08852
8.6401	0.0133956	1.08854
8.6501	0.0133647	1.08855
8.6601	0.0133338	1.08857
8.6701	0.0133031	1.08858
8.6801	0.0132724	1.0886
8.6901	0.0132419	1.08861
8.7001	0.0132115	1.08862
8.7101	0.0131812	1.08864
8.7201	0.0131509	1.08865
8.7301	0.0131208	1.08867
8.7401	0.0130908	1.08868
8.7501	0.0130609	1.08869
8.7601	0.0130311	1.08871
8.7701	0.0130014	1.08872
8.7801	0.0129718	1.08874
8.7901	0.0129423	1.08875
8.8001	0.0129129	1.08876
8.8101	0.0128836	1.08878
8.8201	0.0128544	1.08879
8.8301	0.0128253	1.08881
8.8401	0.0127963	1.08882
8.8501	0.0127674	1.08884
8.8601	0.0127386	1.08885
8.8701	0.0127099	1.08886
8.8801	0.0126813	1.08887
8.8901	0.0126528	1.08889
8.9001	0.0126244	1.0889
8.9101	0.0125961	1.08891
8.9201	0.0125678	1.08893
8.9301	0.0125397	1.08894
8.9401	0.0125117	1.08896
8.9501	0.0124837	1.08897
8.9601	0.0124559	1.08898
8.9701	0.0124281	1.08899
8.9801	0.0124005	1.08901
8.9901	0.0123729	1.08902
9.0001	0.0123454	1.08903
9.0101	0.012318	1.08905
9.0201	0.0122907	1.08906
9.0301	0.0122635	1.08907
9.0401	0.0122364	1.08908
9.0501	0.0122094	1.0891
9.0601	0.0121824	1.08911
9.0701	0.0121556	1.08912
9.0801	0.0121288	1.08913
9.0901	0.0121022	1.08915
9.1001	0.0120756	1.08916
9.1101	0.0120491	1.08917
9.1201	0.0120227	1.08918
9.1301	0.0119963	1.0892
9.1401	0.0119701	1.08921
9.1501	0.011944	1.08922
9.1601	0.0119179	1.08923
9.1701	0.0118919	1.08924
9.1801	0.011866	1.08926
9.1901	0.0118402	1.08927
9.2001	0.0118145	1.08928
9.2101	0.0117888	1.08929
9.2201	0.0117633	1.0893
9.2301	0.0117378	1.08932
9.2401	0.0117124	1.08933
9.2501	0.0116871	1.08934
9.2601	0.0116619	1.08935
9.2701	0.0116367	1.08936
9.2801	0.0116117	1.08938
9.2901	0.0115867	1.08939
9.3001	0.0115618	1.0894
9.3101	0.011537	1.08941
9.3201	0.0115122	1.08942
9.3301	0.0114875	1.08943
9.3401	0.011463	1.08944
9.3501	0.0114385	1.08946
9.3601	0.011414	1.08947
9.3701	0.0113897	1.08948
9.3801	0.0113654	1.08949
9.3901	0.0113412	1.0895
9.4001	0.0113171	1.08951
9.4101	0.0112931	1.08952
9.4201	0.0112691	1.08954
9.4301	0.0112452	1.08955
9.4401	0.0112214	1.08956
9.4501	0.0111977	1.08957
9.4601	0.011174	1.08958
9.4701	0.0111504	1.08959
9.4801	0.0111269	1.0896
9.4901	0.0111035	1.08961
9.5001	0.0110801	1.08962
9.5101	0.0110568	1.08964
9.5201	0.0110336	1.08965
9.5301	0.0110105	1.08966
9.5401	0.0109874	1.08967
9.5501	0.0109644	1.08968
9.5601	0.0109415	1.08969
9.5701	0.0109186	1.0897
9.5801	0.0108958	1.08971
9.5901	0.0108731	1.08972
9.6001	0.0108505	1.08973
9.6101	0.0108279	1.08974
9.6201	0.0108054	1.08975
9.6301	0.010783	1.08976
9.6401	0.0107606	1.08977
9.6501	0.0107383	1.08978
9.6601	0.0107161	1.08979
9.6701	0.0106939	1.0898
9.6801	0.0106719	1.08981
9.6901	0.0106498	1.08982
9.7001	0.0106279	1.08983
9.7101	0.010606	1.08984
9.7201	0.0105842	1.08985
9.7301	0.0105625	1.08987
9.7401	0.0105408	1.08988
9.7501	0.0105192	1.08989
9.7601	0.0104976	1.0899
9.7701	0.0104762	1.08991
9.7801	0.0104547	1.08992
9.7901	0.0104334	1.08993
9.8001	0.0104121	1.08994
9.8101	0.0103909	1.08994
9.8201	0.0103697	1.08995
9.8301	0.0103487	1.08996
9.8401	0.0103276	1.08997
9.8501	0.0103067	1.08998
9.8601	0.0102858	1.08999
9.8701	0.010265	1.09
9.8801	0.0102442	1.09001
9.8901	0.0102235	1.09002
9.9001	0.0102028	1.09003
9.9101	0.0101823	1.09004
9.9201	0.0101617	1.09005
9.9301	0.0101413	1.09006
9.9401	0.0101209	1.09007
9.9501	0.0101006	1.09008
9.9601	0.0100803	1.09009
9.9701	0.0100601	1.0901
9.9801	0.0100399	1.09011
9.9901	0.0100198	1.09012
10.0001	0.0099998	1.09012
10.0101	0.00997983	1.09013
10.0201	0.00995992	1.09014
10.0301	0.00994007	1.09015
10.0401	0.00992028	1.09016
10.0501	0.00990055	1.09017
10.0601	0.00988087	1.09018
10.0701	0.00986126	1.09019
10.0801	0.0098417	1.0902
10.0901	0.00982221	1.09021
10.1001	0.00980277	1.09022
10.1101	0.00978338	1.09023
10.1201	0.00976406	1.09023
10.1301	0.00974479	1.09024
10.1401	0.00972558	1.09025
10.1501	0.00970643	1.09026
10.1601	0.00968733	1.09027
10.1701	0.00966829	1.09028
10.1801	0.0096493	1.09029
10.1901	0.00963037	1.0903
10.2001	0.0096115	1.0903
10.2101	0.00959268	1.09031
10.2201	0.00957392	1.09032
10.2301	0.00955521	1.09033
10.2401	0.00953656	1.09034
10.2501	0.00951796	1.09035
10.2601	0.00949941	1.09036
10.2701	0.00948092	1.09036
10.2801	0.00946249	1.09037
10.2901	0.00944411	1.09038
10.3001	0.00942578	1.09039
10.3101	0.0094075	1.0904
10.3201	0.00938928	1.09041
10.3301	0.00937111	1.09042
10.3401	0.00935299	1.09042
10.3501	0.00933493	1.09043
10.3601	0.00931691	1.09044
10.3701	0.00929895	1.09045
10.3801	0.00928105	1.09046
10.3901	0.00926319	1.09046
10.4001	0.00924538	1.09047
10.4101	0.00922763	1.09048
10.4201	0.00920993	1.09049
10.4301	0.00919228	1.0905
10.4401	0.00917467	1.0905
10.4501	0.00915712	1.09051
10.4601	0.00913962	1.09052
10.4701	0.00912217	1.09053
10.4801	0.00910477	1.09054
10.4901	0.00908742	1.09055
10.5001	0.00907012	1.09055
10.5101	0.00905287	1.09056
10.5201	0.00903567	1.09057
10.5301	0.00901851	1.09058
10.5401	0.00900141	1.09059
10.5501	0.00898435	1.09059
10.5601	0.00896735	1.0906
10.5701	0.00895039	1.09061
10.5801	0.00893348	1.09062
10.5901	0.00891661	1.09063
10.6001	0.0088998	1.09063
10.6101	0.00888303	1.09064
10.6201	0.00886631	1.09065
10.6301	0.00884963	1.09066
10.6401	0.00883301	1.09066
10.6501	0.00881643	1.09067
10.6601	0.00879989	1.09068
10.6701	0.00878341	1.09069
10.6801	0.00876697	1.09069
10.6901	0.00875057	1.0907
10.7001	0.00873422	1.09071
10.7101	0.00871792	1.09072
10.7201	0.00870166	1.09072
10.7301	0.00868545	1.09073
10.7401	0.00866929	1.09074
10.7501	0.00865317	1.09075
10.7601	0.00863709	1.09075
10.7701	0.00862106	1.09076
10.7801	0.00860507	1.09077
10.7901	0.00858913	1.09078
10.8001	0.00857323	1.09078
10.8101	0.00855738	1.09079
10.8201	0.00854157	1.0908
10.8301	0.0085258	1.0908
10.8401	0.00851008	1.09081
10.8501	0.0084944	1.09082
10.8601	0.00847876	1.09083
10.8701	0.00846317	1.09084
10.8801	0.00844762	1.09084
10.8901	0.00843211	1.09085
10.9001	0.00841665	1.09086
10.9101	0.00840122	1.09086
10.9201	0.00838584	1.09087
10.9301	0.00837051	1.09088
10.9401	0.00835521	1.09089
10.9501	0.00833996	1.09089
10.9601	0.00832475	1.0909
10.9701	0.00830958	1.09091
10.9801	0.00829445	1.09091
10.9901	0.00827936	1.09092
11.0001	0.00826431	1.09093
11.0101	0.00824931	1.09093
11.0201	0.00823434	1.09094
11.0301	0.00821942	1.09095
11.0401	0.00820454	1.09096
11.0501	0.00818969	1.09096
11.0601	0.00817489	1.09097
11.0701	0.00816013	1.09098
11.0801	0.0081454	1.09098
11.0901	0.00813072	1.09099
11.1001	0.00811608	1.091
11.1101	0.00810147	1.091
11.1201	0.00808691	1.09101
11.1301	0.00807239	1.09102
11.1401	0.0080579	1.09102
11.1501	0.00804345	1.09103
11.1601	0.00802904	1.09104
11.1701	0.00801467	1.09104
11.1801	0.00800034	1.09105
11.1901	0.00798605	1.09105
11.2001	0.0079718	1.09106
11.2101	0.00795758	1.09107
11.2201	0.0079434	1.09107
11.2301	0.00792926	1.09108
11.2401	0.00791516	1.09109
11.2501	0.00790109	1.09109
11.2601	0.00788707	1.0911
11.2701	0.00787308	1.09111
11.2801	0.00785912	1.09111
11.2901	0.00784521	1.09112
11.3001	0.00783133	1.09113
11.3101	0.00781749	1.09113
11.3201	0.00780368	1.09114
11.3301	0.00778991	1.09115
11.3401	0.00777618	1.09115
11.3501	0.00776248	1.09116
11.3601	0.00774882	1.09116
11.3701	0.0077352	1.09117
11.3801	0.00772161	1.09118
11.3901	0.00770806	1.09118
11.4001	0.00769454	1.09119
11.4101	0.00768106	1.0912
11.4201	0.00766761	1.0912
11.4301	0.0076542	1.09121
11.4401	0.00764083	1.09122
11.4501	0.00762749	1.09122
11.4601	0.00761418	1.09123
11.4701	0.00760091	1.09123
11.4801	0.00758767	1.09124
11.4901	0.00757447	1.09125
11.5001	0.00756131	1.09125
11.5101	0.00754817	1.09126
11.5201	0.00753507	1.09126
11.5301	0.00752201	1.09127
11.5401	0.00750898	1.09128
11.5501	0.00749598	1.09128
11.5601	0.00748302	1.09129
11.5701	0.00747009	1.09129
11.5801	0.00745719	1.0913
11.5901	0.00744433	1.09131
11.6001	0.0074315	1.09131
11.6101	0.0074187	1.09132
11.6201	0.00740594	1.09132
11.6301	0.00739321	1.09133
11.6401	0.00738051	1.09134
11.6501	0.00736785	1.09134
11.6601	0.00735522	1.09135
11.6701	0.00734262	1.09135
11.6801	0.00733005	1.09136
11.6901	0.00731751	1.09136
11.7001	0.00730501	1.09137
11.7101	0.00729254	1.09138
11.7201	0.0072801	1.09138
11.7301	0.00726769	1.09139
11.7401	0.00725532	1.09139
11.7501	0.00724297	1.0914
11.7601	0.00723066	1.09141
11.7701	0.00721838	1.09141
11.7801	0.00720613	1.09142
11.7901	0.00719391	1.09142
11.8001	0.00718172	1.09143
11.8101	0.00716957	1.09143
11.8201	0.00715744	1.09144
11.8301	0.00714534	1.09145
11.8401	0.00713328	1.09145
11.8501	0.00712125	1.09146
11.8601	0.00710924	1.09146
11.8701	0.00709727	1.09147
11.8801	0.00708533	1.09147
11.8901	0.00707341	1.09148
11.9001	0.00706153	1.09148
11.9101	0.00704968	1.09149
11.9201	0.00703785	1.09149
11.9301	0.00702606	1.0915
11.9401	0.0070143	1.09151
11.9501	0.00700256	1.09151
11.9601	0.00699086	1.09152
11.9701	0.00697918	1.09152
11.9801	0.00696753	1.09153
11.9901	0.00695592	1.09153
12.0001	0.00694433	1.09154
12.0101	0.00693277	1.09154
12.0201	0.00692124	1.09155
12.0301	0.00690974	1.09155
12.0401	0.00689826	1.09156
12.0501	0.00688682	1.09156
12.0601	0.0068754	1.09157
12.0701	0.00686402	1.09157
12.0801	0.00685266	1.09158
12.0901	0.00684132	1.09159
12.1001	0.00683002	1.09159
12.1101	0.00681875	1.0916
12.1201	0.0068075	1.0916
12.1301	0.00679628	1.09161
12.1401	0.00678509	1.09161
12.1501	0.00677392	1.09162
12.1601	0.00676279	1.09162
12.1701	0.00675168	1.09163
12.1801	0.0067406	1.09163
12.1901	0.00672954	1.09164
12.2001	0.00671851	1.09164
12.2101	0.00670751	1.09165
12.2201	0.00669654	1.09165
12.2301	0.00668559	1.09166
12.2401	0.00667467	1.09166
12.2501	0.00666378	1.09167
12.2601	0.00665292	1.09167
12.2701	0.00664208	1.09168
12.2801	0.00663126	1.09168
12.2901	0.00662048	1.09169
12.3001	0.00660971	1.09169
12.3101	0.00659898	1.0917
12.3201	0.00658827	1.0917
12.3301	0.00657759	1.09171
12.3401	0.00656693	1.09171
12.3501	0.0065563	1.09172
12.3601	0.0065457	1.09172
12.3701	0.00653512	1.09173
12.3801	0.00652457	1.09173
12.3901	0.00651404	1.09174
12.4001	0.00650354	1.09174
12.4101	0.00649306	1.09174
12.4201	0.00648261	1.09175
12.4301	0.00647218	1.09175
12.4401	0.00646178	1.09176
12.4501	0.00645141	1.09176
12.4601	0.00644105	1.09177
12.4701	0.00643073	1.09177
12.4801	0.00642043	1.09178
12.4901	0.00641015	1.09178
12.5001	0.0063999	1.09179
12.5101	0.00638967	1.09179
12.5201	0.00637947	1.0918
12.5301	0.00636929	1.0918
12.5401	0.00635913	1.09181
12.5501	0.006349	1.09181
12.5601	0.0063389	1.09181
12.5701	0.00632882	1.09182
12.5801	0.00631876	1.09182
12.5901	0.00630873	1.09183
12.6001	0.00629872	1.09183
12.6101	0.00628873	1.09184
12.6201	0.00627877	1.09184
12.6301	0.00626883	1.09185
12.6401	0.00625891	1.09185
12.6501	0.00624902	1.09185
12.6601	0.00623915	1.09186
12.6701	0.00622931	1.09186
12.6801	0.00621949	1.09187
12.6901	0.00620969	1.09187
12.7001	0.00619991	1.09188
12.7101	0.00619016	1.09188
12.7201	0.00618043	1.09188
12.7301	0.00617073	1.09189
12.7401	0.00616104	1.09189
12.7501	0.00615138	1.0919
12.7601	0.00614175	1.0919
12.7701	0.00613213	1.09191
12.7801	0.00612254	1.09191
12.7901	0.00611297	1.09192
12.8001	0.00610342	1.09192
12.8101	0.00609389	1.09192
12.8201	0.00608439	1.09193
12.8301	0.00607491	1.09193
12.8401	0.00606545	1.09194
12.8501	0.00605602	1.09194
12.8601	0.0060466	1.09195
12.8701	0.00603721	1.09195
12.8801	0.00602784	1.09196
12.8901	0.00601849	1.09196
12.9001	0.00600916	1.09196
12.9101	0.00599986	1.09197
12.9201	0.00599057	1.09197
12.9301	0.00598131	1.09198
12.9401	0.00597207	1.09198
12.9501	0.00596285	1.09198
12.9601	0.00595365	1.09199
12.9701	0.00594447	1.09199
12.9801	0.00593532	1.092
12.9901	0.00592618	1.092
13.0001	0.00591707	1.09201
13.0101	0.00590798	1.09201
13.0201	0.0058989	1.09201
13.0301	0.00588985	1.09202
13.0401	0.00588082	1.09202
13.0501	0.00587181	1.09203
13.0601	0.00586283	1.09203
13.0701	0.00585386	1.09203
13.0801	0.00584491	1.09204
13.0901	0.00583598	1.09204
13.1001	0.00582708	1.09205
13.1101	0.00581819	1.09205
13.1201	0.00580933	1.09206
13.1301	0.00580048	1.09206
13.1401	0.00579165	1.09206
13.1501	0.00578285	1.09207
13.1601	0.00577406	1.09207
13.1701	0.0057653	1.09208
13.1801	0.00575655	1.09208
13.1901	0.00574783	1.09208
13.2001	0.00573912	1.09209
13.2101	0.00573044	1.09209
13.2201	0.00572177	1.0921
13.2301	0.00571313	1.0921
13.2401	0.0057045	1.0921
13.2501	0.00569589	1.09211
13.2601	0.0056873	1.09211
13.2701	0.00567874	1.09211
13.2801	0.00567019	1.09212
13.2901	0.00566166	1.09212
13.3001	0.00565315	1.09213
13.3101	0.00564465	1.09213
13.3201	0.00563618	1.09213
13.3301	0.00562773	1.09214
13.3401	0.00561929	1.09214
13.3501	0.00561088	1.09215
13.3601	0.00560248	1.09215
13.3701	0.00559411	1.09215
13.3801	0.00558575	1.09216
13.3901	0.00557741	1.09216
13.4001	0.00556909	1.09216
13.4101	0.00556078	1.09217
13.4201	0.0055525	1.09217
13.4301	0.00554423	1.09218
13.4401	0.00553599	1.09218
13.4501	0.00552776	1.09218
13.4601	0.00551955	1.09219
13.4701	0.00551135	1.09219
13.4801	0.00550318	1.09219
13.4901	0.00549502	1.0922
13.5001	0.00548689	1.0922
13.5101	0.00547877	1.09221
13.5201	0.00547067	1.09221
13.5301	0.00546258	1.09221
13.5401	0.00545452	1.09222
13.5501	0.00544647	1.09222
13.5601	0.00543844	1.09222
13.5701	0.00543043	1.09223
13.5801	0.00542243	1.09223
13.5901	0.00541445	1.09223
13.6001	0.00540649	1.09224
13.6101	0.00539855	1.09224
13.6201	0.00539063	1.09225
13.6301	0.00538272	1.09225
13.6401	0.00537483	1.09225
13.6501	0.00536696	1.09226
13.6601	0.0053591	1.09226
13.6701	0.00535127	1.09226
13.6801	0.00534345	1.09227
13.6901	0.00533564	1.09227
13.7001	0.00532786	1.09227
13.7101	0.00532009	1.09228
13.7201	0.00531233	1.09228
13.7301	0.0053046	1.09228
13.7401	0.00529688	1.09229
13.7501	0.00528918	1.09229
13.7601	0.00528149	1.09229
13.7701	0.00527383	1.0923
13.7801	0.00526617	1.0923
13.7901	0.00525854	1.09231
13.8001	0.00525092	1.09231
13.8101	0.00524332	1.09231
13.8201	0.00523573	1.09232
13.8301	0.00522817	1.09232
13.8401	0.00522061	1.09232
13.8501	0.00521308	1.09233
13.8601	0.00520556	1.09233
13.8701	0.00519805	1.09233
13.8801	0.00519057	1.09234
13.8901	0.0051831	1.09234
13.9001	0.00517564	1.09234
13.9101	0.0051682	1.09235
13.9201	0.00516078	1.09235
13.9301	0.00515337	1.09235
13.9401	0.00514598	1.09236
13.9501	0.00513861	1.09236
13.9601	0.00513125	1.09236
13.9701	0.0051239	1.09237
13.9801	0.00511658	1.09237
13.9901	0.00510926	1.09237
14.0001	0.00510197	1.09238
14.0101	0.00509469	1.09238
14.0201	0.00508742	1.09238
14.0301	0.00508017	1.09239
14.0401	0.00507294	1.09239
14.0501	0.00506572	1.09239
14.0601	0.00505852	1.0924
14.0701	0.00505133	1.0924
14.0801	0.00504416	1.0924
14.0901	0.005037	1.09241
14.1001	0.00502986	1.09241
14.1101	0.00502273	1.09241
14.1201	0.00501562	1.09242
14.1301	0.00500852	1.09242
14.1401	0.00500144	1.09242
14.1501	0.00499437	1.09243
14.1601	0.00498732	1.09243
14.1701	0.00498028	1.09243
14.1801	0.00497326	1.09244
14.1901	0.00496626	1.09244
14.2001	0.00495926	1.09244
14.2101	0.00495229	1.09245
14.2201	0.00494532	1.09245
14.2301	0.00493838	1.09245
14.2401	0.00493144	1.09245
14.2501	0.00492452	1.09246
14.2601	0.00491762	1.09246
14.2701	0.00491073	1.09246
14.2801	0.00490385	1.09247
14.2901	0.00489699	1.09247
14.3001	0.00489015	1.09247
14.3101	0.00488331	1.09248
14.3201	0.0048765	1.09248
14.3301	0.00486969	1.09248
14.3401	0.0048629	1.09249
14.3501	0.00485613	1.09249
14.3601	0.00484937	1.09249
14.3701	0.00484262	1.09249
14.3801	0.00483589	1.0925
14.3901	0.00482917	1.0925
14.4001	0.00482246	1.0925
14.4101	0.00481577	1.09251
14.4201	0.0048091	1.09251
14.4301	0.00480243	1.09251
14.4401	0.00479578	1.09252
14.4501	0.00478915	1.09252
14.4601	0.00478253	1.09252
14.4701	0.00477592	1.09253
14.4801	0.00476932	1.09253
14.4901	0.00476274	1.09253
14.5001	0.00475618	1.09253
14.5101	0.00474962	1.09254
14.5201	0.00474308	1.09254
14.5301	0.00473656	1.09254
14.5401	0.00473004	1.09255
14.5501	0.00472354	1.09255
14.5601	0.00471706	1.09255
14.5701	0.00471059	1.09255
14.5801	0.00470413	1.09256
14.5901	0.00469768	1.09256
14.6001	0.00469125	1.09256
14.6101	0.00468483	1.09257
14.6201	0.00467842	1.09257
14.6301	0.00467203	1.09257
14.6401	0.00466565	1.09258
14.6501	0.00465928	1.09258
14.6601	0.00465293	1.09258
14.6701	0.00464658	1.09258
14.6801	0.00464026	1.09259
14.6901	0.00463394	1.09259
14.7001	0.00462764	1.09259
14.7101	0.00462135	1.0926
14.7201	0.00461507	1.0926
14.7301	0.00460881	1.0926
14.7401	0.00460256	1.0926
14.7501	0.00459632	1.09261
14.7601	0.00459009	1.09261
14.7701	0.00458388	1.09261
14.7801	0.00457768	1.09262
14.7901	0.00457149	1.09262
14.8001	0.00456531	1.09262
14.8101	0.00455915	1.09262
14.8201	0.004553	1.09263
14.8301	0.00454686	1.09263
14.8401	0.00454074	1.09263
14.8501	0.00453462	1.09263
14.8601	0.00452852	1.09264
14.8701	0.00452243	1.09264
14.8801	0.00451636	1.09264
14.8901	0.00451029	1.09265
14.9001	0.00450424	1.09265
14.9101	0.0044982	1.09265
14.9201	0.00449217	1.09265
14.9301	0.00448616	1.09266
14.9401	0.00448015	1.09266
14.9501	0.00447416	1.09266
14.9601	0.00446818	1.09266
14.9701	0.00446222	1.09267
14.9801	0.00445626	1.09267
14.9901	0.00445032	1.09267
15.0001	0.00444439	1.09268
15.0101	0.00443847	1.09268
15.0201	0.00443256	1.09268
15.0301	0.00442666	1.09268
15.0401	0.00442078	1.09269
15.0501	0.0044149	1.09269
15.0601	0.00440904	1.09269
15.0701	0.00440319	1.09269
15.0801	0.00439736	1.0927
15.0901	0.00439153	1.0927
15.1001	0.00438571	1.0927
15.1101	0.00437991	1.0927
15.1201	0.00437412	1.09271
15.1301	0.00436834	1.09271
15.1401	0.00436257	1.09271
15.1501	0.00435681	1.09272
15.1601	0.00435107	1.09272
15.1701	0.00434533	1.09272
15.1801	0.00433961	1.09272
15.1901	0.0043339	1.09273
15.2001	0.0043282	1.09273
15.2101	0.00432251	1.09273
15.2201	0.00431683	1.09273
15.2301	0.00431116	1.09274
15.2401	0.00430551	1.09274
15.2501	0.00429986	1.09274
15.2601	0.00429423	1.09274
15.2701	0.00428861	1.09275
15.2801	0.004283	1.09275
15.2901	0.00427739	1.09275
15.3001	0.00427181	1.09275
15.3101	0.00426623	1.09276
15.3201	0.00426066	1.09276
15.3301	0.0042551	1.09276
15.3401	0.00424956	1.09276
15.3501	0.00424402	1.09277
15.3601	0.0042385	1.09277
15.3701	0.00423298	1.09277
15.3801	0.00422748	1.09277
15.3901	0.00422199	1.09278
15.4001	0.00421651	1.09278
15.4101	0.00421104	1.09278
15.4201	0.00420558	1.09278
15.4301	0.00420013	1.09279
15.4401	0.00419469	1.09279
15.4501	0.00418926	1.09279
15.4601	0.00418384	1.09279
15.4701	0.00417844	1.0928
15.4801	0.00417304	1.0928
15.4901	0.00416765	1.0928
15.5001	0.00416228	1.0928
15.5101	0.00415691	1.09281
15.5201	0.00415156	1.09281
15.5301	0.00414621	1.09281
15.5401	0.00414088	1.09281
15.5501	0.00413555	1.09282
15.5601	0.00413024	1.09282
15.5701	0.00412494	1.09282
15.5801	0.00411964	1.09282
15.5901	0.00411436	1.09283
15.6001	0.00410909	1.09283
15.6101	0.00410382	1.09283
15.6201	0.00409857	1.09283
15.6301	0.00409333	1.09284
15.6401	0.00408809	1.09284
15.6501	0.00408287	1.09284
15.6601	0.00407766	1.09284
15.6701	0.00407246	1.09284
15.6801	0.00406726	1.09285
15.6901	0.00406208	1.09285
15.7001	0.00405691	1.09285
15.7101	0.00405174	1.09285
15.7201	0.00404659	1.09286
15.7301	0.00404145	1.09286
15.7401	0.00403631	1.09286
15.7501	0.00403119	1.09286
15.7601	0.00402608	1.09287
15.7701	0.00402097	1.09287
15.7801	0.00401588	1.09287
15.7901	0.00401079	1.09287
15.8001	0.00400572	1.09288
15.8101	0.00400065	1.09288
15.8201	0.0039956	1.09288
15.8301	0.00399055	1.09288
15.8401	0.00398551	1.09288
15.8501	0.00398048	1.09289
15.8601	0.00397547	1.09289
15.8701	0.00397046	1.09289
15.8801	0.00396546	1.09289
15.8901	0.00396047	1.0929
15.9001	0.00395549	1.0929
15.9101	0.00395052	1.0929
15.9201	0.00394556	1.0929
15.9301	0.00394061	1.0929
15.9401	0.00393566	1.09291
15.9501	0.00393073	1.09291
15.9601	0.00392581	1.09291
15.9701	0.00392089	1.09291
15.9801	0.00391598	1.09292
15.9901	0.00391109	1.09292
16.0001	0.0039062	1.09292
16.0101	0.00390132	1.09292
16.0201	0.00389645	1.09292
16.0301	0.00389159	1.09293
16.0401	0.00388674	1.09293
16.0501	0.0038819	1.09293
16.0601	0.00387707	1.09293
16.0701	0.00387225	1.09294
16.0801	0.00386743	1.09294
16.0901	0.00386262	1.09294
16.1001	0.00385783	1.09294
16.1101	0.00385304	1.09294
16.1201	0.00384826	1.09295
16.1301	0.00384349	1.09295
16.1401	0.00383873	1.09295
16.1501	0.00383398	1.09295
16.1601	0.00382923	1.09295
16.1701	0.0038245	1.09296
16.1801	0.00381977	1.09296
16.1901	0.00381506	1.09296
16.2001	0.00381035	1.09296
16.2101	0.00380565	1.09297
16.2201	0.00380096	1.09297
16.2301	0.00379627	1.09297
16.2401	0.0037916	1.09297
16.2501	0.00378694	1.09297
16.2601	0.00378228	1.09298
16.2701	0.00377763	1.09298
16.2801	0.00377299	1.09298
16.2901	0.00376836	1.09298
16.3001	0.00376374	1.09298
16.3101	0.00375912	1.09299
16.3201	0.00375452	1.09299
16.3301	0.00374992	1.09299
16.3401	0.00374533	1.09299
16.3501	0.00374075	1.093
16.3601	0.00373618	1.093
16.3701	0.00373162	1.093
16.3801	0.00372706	1.093
16.3901	0.00372252	1.093
16.4001	0.00371798	1.09301
16.4101	0.00371345	1.09301
16.4201	0.00370893	1.09301
16.4301	0.00370441	1.09301
16.4401	0.00369991	1.09301
16.4501	0.00369541	1.09302
16.4601	0.00369092	1.09302
16.4701	0.00368644	1.09302
16.4801	0.00368197	1.09302
16.4901	0.00367751	1.09302
16.5001	0.00367305	1.09303
16.5101	0.0036686	1.09303
16.5201	0.00366416	1.09303
16.5301	0.00365973	1.09303
16.5401	0.00365531	1.09303
16.5501	0.00365089	1.09304
16.5601	0.00364648	1.09304
16.5701	0.00364208	1.09304
16.5801	0.00363769	1.09304
16.5901	0.00363331	1.09304
16.6001	0.00362893	1.09305
16.6101	0.00362456	1.09305
16.6201	0.0036202	1.09305
16.6301	0.00361585	1.09305
16.6401	0.0036115	1.09305
16.6501	0.00360717	1.09306
16.6601	0.00360284	1.09306
16.6701	0.00359852	1.09306
16.6801	0.0035942	1.09306
16.6901	0.0035899	1.09306
16.7001	0.0035856	1.09307
16.7101	0.00358131	1.09307
16.7201	0.00357703	1.09307
16.7301	0.00357275	1.09307
16.7401	0.00356849	1.09307
16.7501	0.00356423	1.09308
16.7601	0.00355997	1.09308
16.7701	0.00355573	1.09308
16.7801	0.00355149	1.09308
16.7901	0.00354726	1.09308
16.8001	0.00354304	1.09308
16.8101	0.00353883	1.09309
16.8201	0.00353462	1.09309
16.8301	0.00353042	1.09309
16.8401	0.00352623	1.09309
16.8501	0.00352205	1.09309
16.8601	0.00351787	1.0931
16.8701	0.0035137	1.0931
16.8801	0.00350954	1.0931
16.8901	0.00350538	1.0931
16.9001	0.00350124	1.0931
16.9101	0.0034971	1.09311
16.9201	0.00349296	1.09311
16.9301	0.00348884	1.09311
16.9401	0.00348472	1.09311
16.9501	0.00348061	1.09311
16.9601	0.00347651	1.09311
16.9701	0.00347241	1.09312
16.9801	0.00346832	1.09312
16.9901	0.00346424	1.09312
17.0001	0.00346017	1.09312
17.0101	0.0034561	1.09312
17.0201	0.00345204	1.09313
17.0301	0.00344799	1.09313
17.0401	0.00344394	1.09313
17.0501	0.0034399	1.09313
17.0601	0.00343587	1.09313
17.0701	0.00343185	1.09313
17.0801	0.00342783	1.09314
17.0901	0.00342382	1.09314
17.1001	0.00341982	1.09314
17.1101	0.00341582	1.09314
17.1201	0.00341183	1.09314
17.1301	0.00340785	1.09315
17.1401	0.00340387	1.09315
17.1501	0.0033999	1.09315
17.1601	0.00339594	1.09315
17.1701	0.00339199	1.09315
17.1801	0.00338804	1.09315
17.1901	0.0033841	1.09316
17.2001	0.00338017	1.09316
17.2101	0.00337624	1.09316
17.2201	0.00337232	1.09316
17.2301	0.00336841	1.09316
17.2401	0.0033645	1.09316
17.2501	0.0033606	1.09317
17.2601	0.00335671	1.09317
17.2701	0.00335282	1.09317
17.2801	0.00334894	1.09317
17.2901	0.00334507	1.09317
17.3001	0.0033412	1.09318
17.3101	0.00333734	1.09318
17.3201	0.00333349	1.09318
17.3301	0.00332964	1.09318
17.3401	0.00332581	1.09318
17.3501	0.00332197	1.09318
17.3601	0.00331815	1.09319
17.3701	0.00331433	1.09319
17.3801	0.00331051	1.09319
17.3901	0.00330671	1.09319
17.4001	0.00330291	1.09319
17.4101	0.00329912	1.09319
17.4201	0.00329533	1.0932
17.4301	0.00329155	1.0932
17.4401	0.00328777	1.0932
17.4501	0.00328401	1.0932
17.4601	0.00328025	1.0932
17.4701	0.00327649	1.0932
17.4801	0.00327275	1.09321
17.4901	0.003269	1.09321
17.5001	0.00326527	1.09321
17.5101	0.00326154	1.09321
17.5201	0.00325782	1.09321
17.5301	0.0032541	1.09321
17.5401	0.00325039	1.09322
17.5501	0.00324669	1.09322
17.5601	0.00324299	1.09322
17.5701	0.0032393	1.09322
17.5801	0.00323562	1.09322
17.5901	0.00323194	1.09322
17.6001	0.00322827	1.09323
17.6101	0.0032246	1.09323
17.6201	0.00322094	1.09323
17.6301	0.00321729	1.09323
17.6401	0.00321365	1.09323
17.6501	0.00321	1.09323
17.6601	0.00320637	1.09324
17.6701	0.00320274	1.09324
17.6801	0.00319912	1.09324
17.6901	0.0031955	1.09324
17.7001	0.00319189	1.09324
17.7101	0.00318829	1.09324
17.7201	0.00318469	1.09325
17.7301	0.0031811	1.09325
17.7401	0.00317752	1.09325
17.7501	0.00317394	1.09325
17.7601	0.00317036	1.09325
17.7701	0.0031668	1.09325
17.7801	0.00316324	1.09326
17.7901	0.00315968	1.09326
17.8001	0.00315613	1.09326
17.8101	0.00315259	1.09326
17.8201	0.00314905	1.09326
17.8301	0.00314552	1.09326
17.8401	0.00314199	1.09327
17.8501	0.00313848	1.09327
17.8601	0.00313496	1.09327
17.8701	0.00313145	1.09327
17.8801	0.00312795	1.09327
17.8901	0.00312446	1.09327
17.9001	0.00312097	1.09328
17.9101	0.00311748	1.09328
17.9201	0.003114	1.09328
17.9301	0.00311053	1.09328
17.9401	0.00310706	1.09328
17.9501	0.0031036	1.09328
17.9601	0.00310015	1.09328
17.9701	0.0030967	1.09329
17.9801	0.00309326	1.09329
17.9901	0.00308982	1.09329
18.0001	0.00308639	1.09329
18.0101	0.00308296	1.09329
18.0201	0.00307954	1.09329
18.0301	0.00307612	1.0933
18.0401	0.00307271	1.0933
18.0501	0.00306931	1.0933
18.0601	0.00306591	1.0933
18.0701	0.00306252	1.0933
18.0801	0.00305913	1.0933
18.0901	0.00305575	1.0933
18.1001	0.00305238	1.09331
18.1101	0.00304901	1.09331
18.1201	0.00304564	1.09331
18.1301	0.00304228	1.09331
18.1401	0.00303893	1.09331
18.1501	0.00303558	1.09331
18.1601	0.00303224	1.09332
18.1701	0.0030289	1.09332
18.1801	0.00302557	1.09332
18.1901	0.00302225	1.09332
18.2001	0.00301893	1.09332
18.2101	0.00301561	1.09332
18.2201	0.0030123	1.09332
18.2301	0.003009	1.09333
18.2401	0.0030057	1.09333
18.2501	0.00300241	1.09333
18.2601	0.00299912	1.09333
18.2701	0.00299584	1.09333
18.2801	0.00299256	1.09333
18.2901	0.00298929	1.09333
18.3001	0.00298602	1.09334
18.3101	0.00298276	1.09334
18.3201	0.00297951	1.09334
18.3301	0.00297626	1.09334
18.3401	0.00297301	1.09334
18.3501	0.00296977	1.09334
18.3601	0.00296654	1.09335
18.3701	0.00296331	1.09335
18.3801	0.00296009	1.09335
18.3901	0.00295687	1.09335
18.4001	0.00295365	1.09335
18.4101	0.00295045	1.09335
18.4201	0.00294724	1.09335
18.4301	0.00294405	1.09336
18.4401	0.00294085	1.09336
18.4501	0.00293767	1.09336
18.4601	0.00293449	1.09336
18.4701	0.00293131	1.09336
18.4801	0.00292814	1.09336
18.4901	0.00292497	1.09336
18.5001	0.00292181	1.09337
18.5101	0.00291865	1.09337
18.5201	0.0029155	1.09337
18.5301	0.00291236	1.09337
18.5401	0.00290922	1.09337
18.5501	0.00290608	1.09337
18.5601	0.00290295	1.09337
18.5701	0.00289982	1.09338
18.5801	0.0028967	1.09338
18.5901	0.00289359	1.09338
18.6001	0.00289048	1.09338
18.6101	0.00288737	1.09338
18.6201	0.00288427	1.09338
18.6301	0.00288117	1.09338
18.6401	0.00287808	1.09339
18.6501	0.002875	1.09339
18.6601	0.00287192	1.09339
18.6701	0.00286884	1.09339
18.6801	0.00286577	1.09339
18.6901	0.00286271	1.09339
18.7001	0.00285965	1.09339
18.7101	0.00285659	1.09339
18.7201	0.00285354	1.0934
18.7301	0.00285049	1.0934
18.7401	0.00284745	1.0934
18.7501	0.00284441	1.0934
18.7601	0.00284138	1.0934
18.7701	0.00283836	1.0934
18.7801	0.00283533	1.0934
18.7901	0.00283232	1.09341
18.8001	0.0028293	1.09341
18.8101	0.0028263	1.09341
18.8201	0.00282329	1.09341
18.8301	0.0028203	1.09341
18.8401	0.0028173	1.09341
18.8501	0.00281431	1.09341
18.8601	0.00281133	1.09342
18.8701	0.00280835	1.09342
18.8801	0.00280538	1.09342
18.8901	0.00280241	1.09342
18.9001	0.00279944	1.09342
18.9101	0.00279648	1.09342
18.9201	0.00279353	1.09342
18.9301	0.00279058	1.09342
18.9401	0.00278763	1.09343
18.9501	0.00278469	1.09343
18.9601	0.00278175	1.09343
18.9701	0.00277882	1.09343
18.9801	0.00277589	1.09343
18.9901	0.00277297	1.09343
19.0001	0.00277005	1.09343
19.0101	0.00276714	1.09344
19.0201	0.00276423	1.09344
19.0301	0.00276133	1.09344
19.0401	0.00275843	1.09344
19.0501	0.00275553	1.09344
19.0601	0.00275264	1.09344
19.0701	0.00274976	1.09344
19.0801	0.00274687	1.09344
19.0901	0.002744	1.09345
19.1001	0.00274112	1.09345
19.1101	0.00273826	1.09345
19.1201	0.00273539	1.09345
19.1301	0.00273253	1.09345
19.1401	0.00272968	1.09345
19.1501	0.00272683	1.09345
19.1601	0.00272398	1.09346
19.1701	0.00272114	1.09346
19.1801	0.00271831	1.09346
19.1901	0.00271547	1.09346
19.2001	0.00271265	1.09346
19.2101	0.00270982	1.09346
19.2201	0.002707	1.09346
19.2301	0.00270419	1.09346
19.2401	0.00270138	1.09347
19.2501	0.00269857	1.09347
19.2601	0.00269577	1.09347
19.2701	0.00269297	1.09347
19.2801	0.00269018	1.09347
19.2901	0.00268739	1.09347
19.3001	0.00268461	1.09347
19.3101	0.00268183	1.09347
19.3201	0.00267905	1.09348
19.3301	0.00267628	1.09348
19.3401	0.00267351	1.09348
19.3501	0.00267075	1.09348
19.3601	0.00266799	1.09348
19.3701	0.00266524	1.09348
19.3801	0.00266249	1.09348
19.3901	0.00265974	1.09348
19.4001	0.002657	1.09349
19.4101	0.00265427	1.09349
19.4201	0.00265153	1.09349
19.4301	0.0026488	1.09349
19.4401	0.00264608	1.09349
19.4501	0.00264336	1.09349
19.4601	0.00264064	1.09349
19.4701	0.00263793	1.09349
19.4801	0.00263522	1.09349
19.4901	0.00263252	1.0935
19.5001	0.00262982	1.0935
19.5101	0.00262713	1.0935
19.5201	0.00262444	1.0935
19.5301	0.00262175	1.0935
19.5401	0.00261907	1.0935
19.5501	0.00261639	1.0935
19.5601	0.00261371	1.0935
19.5701	0.00261104	1.09351
19.5801	0.00260838	1.09351
19.5901	0.00260571	1.09351
19.6001	0.00260306	1.09351
19.6101	0.0026004	1.09351
19.6201	0.00259775	1.09351
19.6301	0.00259511	1.09351
19.6401	0.00259246	1.09351
19.6501	0.00258983	1.09352
19.6601	0.00258719	1.09352
19.6701	0.00258456	1.09352
19.6801	0.00258194	1.09352
19.6901	0.00257931	1.09352
19.7001	0.0025767	1.09352
19.7101	0.00257408	1.09352
19.7201	0.00257147	1.09352
19.7301	0.00256887	1.09352
19.7401	0.00256626	1.09353
19.7501	0.00256367	1.09353
19.7601	0.00256107	1.09353
19.7701	0.00255848	1.09353
19.7801	0.0025559	1.09353
19.7901	0.00255331	1.09353
19.8001	0.00255073	1.09353
19.8101	0.00254816	1.09353
19.8201	0.00254559	1.09354
19.8301	0.00254302	1.09354
19.8401	0.00254046	1.09354
19.8501	0.0025379	1.09354
19.8601	0.00253535	1.09354
19.8701	0.00253279	1.09354
19.8801	0.00253025	1.09354
19.8901	0.0025277	1.09354
19.9001	0.00252516	1.09354
19.9101	0.00252263	1.09355
19.9201	0.0025201	1.09355
19.9301	0.00251757	1.09355
19.9401	0.00251504	1.09355
19.9501	0.00251252	1.09355
19.9601	0.00251	1.09355
19.9701	0.00250749	1.09355
19.9801	0.00250498	1.09355
19.9901	0.00250248	1.09355
