0.0001	1e+008	0
0.0101	9802.96	0
0.0201	2475.19	0
0.0301	1103.74	0
0.0401	621.887	0
0.0501	398.405	0
0.0601	276.854	0
0.0701	203.5	0
0.0801	155.86	0
0.0901	123.183	0
0.1001	99.8003	0
0.1101	82.4946	0
0.1201	69.3288	0
0.1301	59.0807	0
0.1401	50.9476	0
0.1501	44.3852	0
0.1601	39.0137	0
0.1701	34.5614	0
0.1801	30.8299	0
0.1901	27.6717	0
0.2001	24.975	0
0.2101	22.6542	0
0.2201	20.6424	0
0.2301	18.8872	0
0.2401	17.3467	0
0.2501	15.9872	0
0.2601	14.7815	0
0.2701	13.7073	0
0.2801	12.746	0
0.2901	11.8824	0
0.3001	11.1037	0
0.3101	10.3991	0
0.3201	9.75952	0
0.3301	9.17717	0
0.3401	8.64543	0
0.3501	8.1586	0
0.3601	7.71176	0
0.3701	7.30066	0
0.3801	6.92156	0
0.3901	6.57125	0
0.4001	6.24688	0
0.4101	5.94594	0
0.4201	5.66624	0
0.4301	5.40581	0
0.4401	5.16294	0
0.4501	4.93608	0
0.4601	4.72384	0
0.4701	4.52501	0
0.4801	4.33847	0
0.4901	4.16323	0
0.5001	3.9984	0
0.5101	3.84317	0
0.5201	3.6968	0
0.5301	3.55864	0
0.5401	3.42809	0
0.5501	3.30458	0
0.5601	3.18764	0
0.5701	3.07679	0
0.5801	2.97163	0
0.5901	2.87176	0
0.6001	2.77685	0
0.6101	2.68657	0
0.6201	2.60062	0
0.6301	2.51873	0
0.6401	2.44064	0
0.6501	2.36614	0
0.6601	2.29499	0
0.6701	2.227	0
0.6801	2.16199	0
0.6901	2.09979	0
0.7001	2.04023	0
0.7101	1.98317	0
0.7201	1.92848	0
0.7301	1.87601	0
0.7401	1.82566	0
0.7501	1.7773	0
0.7601	1.73085	0
0.7701	1.68619	0
0.7801	1.64323	0
0.7901	1.6019	0
0.8001	1.56211	0
0.8101	1.52378	0
0.8201	1.48685	0
0.8301	1.45124	0
0.8401	1.4169	0
0.8501	1.38376	0
0.8601	1.35177	0.00353476
0.8701	1.32087	0.00672043
0.8801	1.29103	0.0327975
0.8901	1.26218	0.0514715
0.9001	1.23429	0.0672449
0.9101	1.20732	0.0978547
0.9201	1.18122	0.107828
0.9301	1.15595	0.136007
0.9401	1.13149	0.173171
0.9501	1.1078	0.214589
0.9601	1.08484	0.272329
0.9701	1.06259	0.353814
0.9801	1.04102	0.395111
0.9901	1.0201	0.45428
1.0001	0.9998	0.514977
1.0101	0.980102	0.560868
1.0201	0.96098	0.651585
1.0301	0.942413	0.688948
1.0401	0.924378	0.779823
1.0501	0.906857	0.897039
1.0601	0.889829	0.987706
1.0701	0.873275	1.15639
1.0801	0.85718	1.33113
1.0901	0.841526	1.6318
1.1001	0.826296	1.77515
1.1101	0.811476	2.038
1.1201	0.797052	2.27098
1.1301	0.783008	2.5492
1.1401	0.769333	2.95558
1.1501	0.756012	3.35338
1.1601	0.743035	3.81552
1.1701	0.730389	4.34013
1.1801	0.718063	4.88952
1.1901	0.706046	5.39338
1.2001	0.694329	5.92635
1.2101	0.682901	6.6058
1.2201	0.671752	7.13513
1.2301	0.660875	8.10411
1.2401	0.650259	8.82542
1.2501	0.639898	10.2025
1.2601	0.629782	12.2723
1.2701	0.619904	14.0611
1.2801	0.610256	15.6451
1.2901	0.600832	17.5949
1.3001	0.591625	19.5785
1.3101	0.582628	21.748
1.3201	0.573834	23.99
1.3301	0.565238	26.6806
1.3401	0.556834	29.7185
1.3501	0.548616	32.5507
1.3601	0.540578	35.7578
1.3701	0.532716	39.441
1.3801	0.525024	44.0248
1.3901	0.517497	48.5346
1.4001	0.510131	54.7678
1.4101	0.502921	61.2549
1.4201	0.495864	67.651
1.4301	0.488953	75.4881
1.4401	0.482186	81.5689
1.4501	0.475559	89.1734
1.4601	0.469067	96.8885
1.4701	0.462707	107.947
1.4801	0.456476	116.796
1.4901	0.45037	129.057
1.5001	0.444385	141.553
1.5101	0.438519	153.033
1.5201	0.432769	167.376
1.5301	0.42713	180.644
1.5401	0.421602	193.865
1.5501	0.416179	208.532
1.5601	0.410861	222.808
1.5701	0.405644	238.748
1.5801	0.400526	255.099
1.5901	0.395504	273.242
1.6001	0.390576	290.625
1.6101	0.38574	310.391
1.6201	0.380992	329.901
1.6301	0.376332	344.985
1.6401	0.371757	363.444
1.6501	0.367265	380.749
1.6601	0.362854	398.434
1.6701	0.358521	417.469
1.6801	0.354266	438.928
1.6901	0.350086	461.474
1.7001	0.34598	481.767
1.7101	0.341946	503.208
1.7201	0.337981	524.306
1.7301	0.334085	544.531
1.7401	0.330257	565.376
1.7501	0.326493	585.174
1.7601	0.322794	608.477
1.7701	0.319157	631.517
1.7801	0.315581	653.836
1.7901	0.312065	673.561
1.8001	0.308608	695.066
1.8101	0.305207	717.232
1.8201	0.301863	739.918
1.8301	0.298573	761.623
1.8401	0.295337	784.45
1.8501	0.292152	806.586
1.8601	0.28902	827.041
1.8701	0.285937	848.038
1.8801	0.282903	870.887
1.8901	0.279918	893.508
1.9001	0.276979	914.131
1.9101	0.274087	937.787
1.9201	0.271239	960.548
1.9301	0.268436	981.716
1.9401	0.265676	1003.92
1.9501	0.262958	1024.86
1.9601	0.260282	1046.59
1.9701	0.257646	1069.9
1.9801	0.25505	1091.41
1.9901	0.252493	1114.67
2.0001	0.249975	1135.07
2.0101	0.247494	1156.53
2.0201	0.24505	1177.69
2.0301	0.242642	1198.98
2.0401	0.240269	1219.46
2.0501	0.23793	1240.52
2.0601	0.235626	1262.3
2.0701	0.233355	1283.21
2.0801	0.231117	1303.26
2.0901	0.228911	1323.56
2.1001	0.226736	1343.77
2.1101	0.224592	1363.57
2.1201	0.222478	1383.8
2.1301	0.220394	1406.3
2.1401	0.218339	1426.84
2.1501	0.216313	1447.01
2.1601	0.214315	1467.25
2.1701	0.212344	1487.29
2.1801	0.210401	1508.15
2.1901	0.208484	1528.26
2.2001	0.206593	1548.35
2.2101	0.204727	1567.94
2.2201	0.202887	1587.5
2.2301	0.201072	1607.95
2.2401	0.199281	1626.31
2.2501	0.197513	1645.73
2.2601	0.195769	1663.87
2.2701	0.194048	1682.34
2.2801	0.19235	1700.79
2.2901	0.190674	1718.04
2.3001	0.189019	1735.99
2.3101	0.187387	1754.12
2.3201	0.185775	1772.46
2.3301	0.184184	1790.4
2.3401	0.182613	1809.58
2.3501	0.181062	1828.14
2.3601	0.179531	1845.7
2.3701	0.178019	1862.95
2.3801	0.176526	1880.71
2.3901	0.175052	1896.86
2.4001	0.173597	1913.33
2.4101	0.172159	1930.22
2.4201	0.170739	1947.47
2.4301	0.169337	1964.98
2.4401	0.167952	1981.47
2.4501	0.166584	1998.27
2.4601	0.165232	2014.98
2.4701	0.163897	2031.96
2.4801	0.162578	2048.63
2.4901	0.161275	2065.14
2.5001	0.159987	2080.75
2.5101	0.158715	2097.33
2.5201	0.157458	2112.67
2.5301	0.156216	2128.02
2.5401	0.154988	2143.91
2.5501	0.153775	2158.94
2.5601	0.152576	2175.2
2.5701	0.151391	2190.72
2.5801	0.15022	2206.21
2.5901	0.149062	2221.68
2.6001	0.147918	2237.21
2.6101	0.146786	2252.18
2.6201	0.145668	2267.14
2.6301	0.144562	2281.66
2.6401	0.143469	2296.5
2.6501	0.142389	2310.83
2.6601	0.14132	2325.23
2.6701	0.140264	2338.87
2.6801	0.139219	2352.96
2.6901	0.138186	2367.39
2.7001	0.137164	2381.8
2.7101	0.136154	2395.89
2.7201	0.135154	2409.86
2.7301	0.134166	2423.96
2.7401	0.133189	2437.39
2.7501	0.132222	2451.13
2.7601	0.131265	2464.66
2.7701	0.130319	2478.42
2.7801	0.129384	2492.27
2.7901	0.128458	2505.17
2.8001	0.127542	2517.95
2.8101	0.126636	2530.6
2.8201	0.125739	2543.34
2.8301	0.124852	2556.24
2.8401	0.123975	2568.22
2.8501	0.123106	2580.77
2.8601	0.122247	2593.89
2.8701	0.121396	2605.65
2.8801	0.120555	2618.55
2.8901	0.119722	2630.94
2.9001	0.118898	2643.01
2.9101	0.118082	2655.29
2.9201	0.117275	2667.02
2.9301	0.116476	2678.7
2.9401	0.115685	2690.43
2.9501	0.114902	2702.52
2.9601	0.114127	2714.61
2.9701	0.113359	2726.66
2.9801	0.1126	2738.67
2.9901	0.111848	2750.71
3.0001	0.111104	2761.8
3.0101	0.110367	2773.33
3.0201	0.109637	2784.02
3.0301	0.108915	2794.88
3.0401	0.108199	2805.41
3.0501	0.107491	2816.61
3.0601	0.10679	2828.02
3.0701	0.106095	2838.51
3.0801	0.105407	2849.25
3.0901	0.104726	2859.94
3.1001	0.104052	2870.83
3.1101	0.103384	2881.36
3.1201	0.102722	2891.63
3.1301	0.102067	2902.09
3.1401	0.101418	2911.92
3.1501	0.100775	2922.65
3.1601	0.100138	2932.63
3.1701	0.0995071	2942.83
3.1801	0.0988823	2952.63
3.1901	0.0982633	2962.43
3.2001	0.0976501	2972.46
3.2101	0.0970427	2981.89
3.2201	0.0964409	2991.27
3.2301	0.0958447	3000.42
3.2401	0.095254	3010.13
3.2501	0.0946687	3019.68
3.2601	0.0940888	3029.03
3.2701	0.0935143	3038.13
3.2801	0.092945	3047.28
3.2901	0.0923808	3056.57
3.3001	0.0918218	3065.88
3.3101	0.0912678	3075.06
3.3201	0.0907189	3084.02
3.3301	0.0901749	3092.76
3.3401	0.0896357	3101.8
3.3501	0.0891014	3110.41
3.3601	0.0885718	3119.14
3.3701	0.088047	3127.44
3.3801	0.0875268	3136.42
3.3901	0.0870112	3145.13
3.4001	0.0865001	3153.73
3.4101	0.0859935	3161.94
3.4201	0.0854914	3170.32
3.4301	0.0849936	3178.68
3.4401	0.0845002	3187.08
3.4501	0.0840111	3195.39
3.4601	0.0835262	3203.76
3.4701	0.0830455	3211.83
3.4801	0.0825689	3220.32
3.4901	0.0820964	3228.39
3.5001	0.081628	3236.27
3.5101	0.0811635	3244.2
3.5201	0.0807031	3252.21
3.5301	0.0802465	3259.92
3.5401	0.0797938	3267.83
3.5501	0.0793449	3275.82
3.5601	0.0788997	3283.64
3.5701	0.0784584	3291.41
3.5801	0.0780207	3299.44
3.5901	0.0775866	3307.04
3.6001	0.0771562	3314.25
3.6101	0.0767294	3321.43
3.6201	0.076306	3329.08
3.6301	0.0758862	3336.67
3.6401	0.0754698	3343.76
3.6501	0.0750569	3351.41
3.6601	0.0746473	3358.49
3.6701	0.0742411	3365.72
3.6801	0.0738381	3372.7
3.6901	0.0734385	3379.69
3.7001	0.0730421	3386.79
3.7101	0.0726489	3394.08
3.7201	0.0722588	3400.7
3.7301	0.0718719	3407.84
3.7401	0.0714881	3414.79
3.7501	0.0711073	3421.78
3.7601	0.0707296	3428.83
3.7701	0.0703549	3435.44
3.7801	0.0699831	3442.28
3.7901	0.0696143	3448.65
3.8001	0.0692484	3455.38
3.8101	0.0688854	3461.87
3.8201	0.0685252	3467.96
3.8301	0.0681679	3474.29
3.8401	0.0678133	3480.66
3.8501	0.0674615	3487.16
3.8601	0.0671124	3493.81
3.8701	0.066766	3499.96
3.8801	0.0664223	3505.85
3.8901	0.0660813	3512.13
3.9001	0.0657428	3518.42
3.9101	0.065407	3524.54
3.9201	0.0650737	3530.59
3.9301	0.064743	3536.37
3.9401	0.0644148	3542.22
3.9501	0.064089	3547.97
3.9601	0.0637658	3554.19
3.9701	0.063445	3560.03
3.9801	0.0631265	3565.83
3.9901	0.0628105	3571.56
4.0001	0.0624969	3577.55
4.0101	0.0621856	3583.27
4.0201	0.0618766	3588.81
4.0301	0.0615699	3594.27
4.0401	0.0612655	3599.96
4.0501	0.0609633	3605.49
4.0601	0.0606634	3611.16
4.0701	0.0603656	3616.86
4.0801	0.0600701	3622.27
4.0901	0.0597767	3627.47
4.1001	0.0594855	3632.92
4.1101	0.0591964	3638.4
4.1201	0.0589094	3643.9
4.1301	0.0586245	3649.11
4.1401	0.0583416	3654.39
4.1501	0.0580608	3659.8
4.1601	0.057782	3665.14
4.1701	0.0575052	3670.38
4.1801	0.0572304	3675.8
4.1901	0.0569575	3680.86
4.2001	0.0566866	3685.99
4.2101	0.0564177	3691.3
4.2201	0.0561506	3696.55
4.2301	0.0558854	3701.63
4.2401	0.0556222	3706.27
4.2501	0.0553607	3711.23
4.2601	0.0551011	3716.06
4.2701	0.0548433	3721.02
4.2801	0.0545874	3726.17
4.2901	0.0543332	3730.82
4.3001	0.0540808	3735.48
4.3101	0.0538301	3740.15
4.3201	0.0535812	3744.84
4.3301	0.053334	3749.45
4.3401	0.0530885	3753.92
4.3501	0.0528447	3758.58
4.3601	0.0526026	3762.99
4.3701	0.0523621	3767.44
4.3801	0.0521233	3772.09
4.3901	0.0518861	3776.62
4.4001	0.0516505	3781.22
4.4101	0.0514166	3785.88
4.4201	0.0511842	3790.59
4.4301	0.0509534	3795.06
4.4401	0.0507241	3799.5
4.4501	0.0504964	3804.03
4.4601	0.0502702	3808.43
4.4701	0.0500456	3812.84
4.4801	0.0498224	3817.09
4.4901	0.0496007	3821.44
4.5001	0.0493805	3825.73
4.5101	0.0491618	3829.9
4.5201	0.0489445	3834.2
4.5301	0.0487287	3838.5
4.5401	0.0485142	3842.75
4.5501	0.0483012	3846.96
4.5601	0.0480896	3851.26
4.5701	0.0478794	3855.35
4.5801	0.0476705	3859.35
4.5901	0.0474631	3863.38
4.6001	0.0472569	3867.55
4.6101	0.0470521	3871.66
4.6201	0.0468487	3875.72
4.6301	0.0466465	3879.89
4.6401	0.0464457	3883.86
4.6501	0.0462461	3887.78
4.6601	0.0460479	3891.81
4.6701	0.0458509	3895.62
4.6801	0.0456551	3899.4
4.6901	0.0454607	3903.24
4.7001	0.0452674	3907.12
4.7101	0.0450754	3910.9
4.7201	0.0448846	3914.74
4.7301	0.044695	3918.62
4.7401	0.0445067	3922.31
4.7501	0.0443195	3925.99
4.7601	0.0441334	3929.55
4.7701	0.0439486	3933.08
4.7801	0.0437649	3936.57
4.7901	0.0435824	3940.23
4.8001	0.043401	3943.77
4.8101	0.0432207	3947.32
4.8201	0.0430416	3950.67
4.8301	0.0428635	3954.33
4.8401	0.0426866	3957.78
4.8501	0.0425107	3961.47
4.8601	0.042336	3965.12
4.8701	0.0421623	3968.6
4.8801	0.0419897	3972.02
4.8901	0.0418181	3975.66
4.9001	0.0416476	3979.14
4.9101	0.0414781	3982.34
4.9201	0.0413097	3985.72
4.9301	0.0411423	3989.15
4.9401	0.0409759	3992.53
4.9501	0.0408105	3995.96
4.9601	0.0406461	3999.33
4.9701	0.0404827	4002.71
4.9801	0.0403203	4005.98
4.9901	0.0401589	4009.36
5.0001	0.0399984	4012.78
5.0101	0.0398389	4016.05
5.0201	0.0396803	4019.23
5.0301	0.0395227	4022.46
5.0401	0.039366	4025.66
5.0501	0.0392103	4028.77
5.0601	0.0390555	4031.73
5.0701	0.0389016	4034.76
5.0801	0.0387486	4037.82
5.0901	0.0385965	4040.92
5.1001	0.0384452	4044.02
5.1101	0.0382949	4047.14
5.1201	0.0381455	4050.09
5.1301	0.0379969	4053.01
5.1401	0.0378492	4055.97
5.1501	0.0377024	4058.96
5.1601	0.0375564	4061.83
5.1701	0.0374112	4064.94
5.1801	0.0372669	4067.81
5.1901	0.0371235	4070.84
5.2001	0.0369808	4073.72
5.2101	0.036839	4076.66
5.2201	0.036698	4079.6
5.2301	0.0365578	4082.41
5.2401	0.0364184	4085.33
5.2501	0.0362798	4088.19
5.2601	0.036142	4091.08
5.2701	0.036005	4093.97
5.2801	0.0358687	4096.85
5.2901	0.0357332	4099.57
5.3001	0.0355985	4102.33
5.3101	0.0354646	4105.08
5.3201	0.0353314	4107.77
5.3301	0.0351989	4110.54
5.3401	0.0350672	4113.27
5.3501	0.0349362	4116.07
5.3601	0.034806	4118.75
5.3701	0.0346765	4121.37
5.3801	0.0345477	4124.03
5.3901	0.0344196	4126.83
5.4001	0.0342923	4129.42
5.4101	0.0341656	4132.13
5.4201	0.0340397	4134.66
5.4301	0.0339144	4137.29
5.4401	0.0337898	4139.98
5.4501	0.033666	4142.53
5.4601	0.0335428	4145.08
5.4701	0.0334202	4147.62
5.4801	0.0332984	4150.34
5.4901	0.0331772	4153.01
5.5001	0.0330566	4155.64
5.5101	0.0329368	4158.18
5.5201	0.0328175	4160.63
5.5301	0.032699	4163.2
5.5401	0.032581	4165.66
5.5501	0.0324637	4168.18
5.5601	0.0323471	4170.58
5.5701	0.032231	4173.11
5.5801	0.0321156	4175.6
5.5901	0.0320008	4177.93
5.6001	0.0318866	4180.3
5.6101	0.031773	4182.72
5.6201	0.0316601	4185.14
5.6301	0.0315477	4187.45
5.6401	0.0314359	4189.94
5.6501	0.0313248	4192.32
5.6601	0.0312142	4194.67
5.6701	0.0311042	4197.02
5.6801	0.0309947	4199.33
5.6901	0.0308859	4201.65
5.7001	0.0307776	4203.93
5.7101	0.0306699	4206.09
5.7201	0.0305628	4208.46
5.7301	0.0304562	4210.72
5.7401	0.0303502	4212.95
5.7501	0.0302447	4215.08
5.7601	0.0301398	4217.19
5.7701	0.0300354	4219.41
5.7801	0.0299316	4221.7
5.7901	0.0298283	4223.93
5.8001	0.0297255	4226.14
5.8101	0.0296233	4228.26
5.8201	0.0295215	4230.43
5.8301	0.0294204	4232.53
5.8401	0.0293197	4234.7
5.8501	0.0292195	4236.73
5.8601	0.0291199	4238.88
5.8701	0.0290208	4241.01
5.8801	0.0289222	4243.1
5.8901	0.028824	4245.27
5.9001	0.0287264	4247.46
5.9101	0.0286293	4249.53
5.9201	0.0285326	4251.63
5.9301	0.0284365	4253.7
5.9401	0.0283408	4255.77
5.9501	0.0282456	4257.77
5.9601	0.0281509	4259.82
5.9701	0.0280567	4261.9
5.9801	0.027963	4263.89
5.9901	0.0278697	4265.85
6.0001	0.0277769	4267.87
6.0101	0.0276845	4269.86
6.0201	0.0275926	4271.85
6.0301	0.0275012	4273.82
6.0401	0.0274102	4275.82
6.0501	0.0273196	4277.73
6.0601	0.0272295	4279.6
6.0701	0.0271399	4281.45
6.0801	0.0270507	4283.27
6.0901	0.0269619	4285.18
6.1001	0.0268736	4287.06
6.1101	0.0267857	4289.09
6.1201	0.0266983	4290.96
6.1301	0.0266112	4292.76
6.1401	0.0265246	4294.66
6.1501	0.0264384	4296.5
6.1601	0.0263527	4298.33
6.1701	0.0262673	4300.15
6.1801	0.0261824	4302.03
6.1901	0.0260978	4303.77
6.2001	0.0260137	4305.72
6.2101	0.02593	4307.54
6.2201	0.0258467	4309.36
6.2301	0.0257638	4311.16
6.2401	0.0256813	4312.97
6.2501	0.0255992	4314.77
6.2601	0.0255175	4316.55
6.2701	0.0254361	4318.3
6.2801	0.0253552	4320.05
6.2901	0.0252746	4321.77
6.3001	0.0251945	4323.53
6.3101	0.0251147	4325.18
6.3201	0.0250353	4326.89
6.3301	0.0249562	4328.57
6.3401	0.0248776	4330.27
6.3501	0.0247993	4331.97
6.3601	0.0247213	4333.62
6.3701	0.0246438	4335.25
6.3801	0.0245666	4337.04
6.3901	0.0244898	4338.68
6.4001	0.0244133	4340.35
6.4101	0.0243372	4341.97
6.4201	0.0242614	4343.57
6.4301	0.024186	4345.2
6.4401	0.024111	4346.83
6.4501	0.0240363	4348.51
6.4601	0.0239619	4350.18
6.4701	0.0238879	4351.82
6.4801	0.0238142	4353.38
6.4901	0.0237409	4355.05
6.5001	0.0236679	4356.62
6.5101	0.0235953	4358.14
6.5201	0.0235229	4359.7
6.5301	0.0234509	4361.3
6.5401	0.0233793	4362.85
6.5501	0.023308	4364.42
6.5601	0.0232369	4365.95
6.5701	0.0231663	4367.52
6.5801	0.0230959	4369.1
6.5901	0.0230259	4370.69
6.6001	0.0229561	4372.17
6.6101	0.0228867	4373.66
6.6201	0.0228176	4375.14
6.6301	0.0227489	4376.69
6.6401	0.0226804	4378.19
6.6501	0.0226122	4379.68
6.6601	0.0225444	4381.17
6.6701	0.0224768	4382.67
6.6801	0.0224096	4384.18
6.6901	0.0223427	4385.65
6.7001	0.022276	4387.08
6.7101	0.0222097	4388.54
6.7201	0.0221436	4389.97
6.7301	0.0220779	4391.47
6.7401	0.0220124	4392.92
6.7501	0.0219472	4394.41
6.7601	0.0218823	4395.8
6.7701	0.0218177	4397.17
6.7801	0.0217534	4398.65
6.7901	0.0216894	4400.04
6.8001	0.0216257	4401.45
6.8101	0.0215622	4402.86
6.8201	0.021499	4404.24
6.8301	0.0214361	4405.66
6.8401	0.0213735	4407.05
6.8501	0.0213111	4408.41
6.8601	0.021249	4409.77
6.8701	0.0211872	4411.17
6.8801	0.0211257	4412.52
6.8901	0.0210644	4413.91
6.9001	0.0210034	4415.25
6.9101	0.0209426	4416.6
6.9201	0.0208822	4417.97
6.9301	0.0208219	4419.39
6.9401	0.020762	4420.73
6.9501	0.0207023	4422.09
6.9601	0.0206428	4423.34
6.9701	0.0205836	4424.66
6.9801	0.0205247	4425.95
6.9901	0.020466	4427.21
7.0001	0.0204076	4428.49
7.0101	0.0203494	4429.83
7.0201	0.0202915	4431.11
7.0301	0.0202338	4432.4
7.0401	0.0201763	4433.75
7.0501	0.0201191	4435
7.0601	0.0200622	4436.28
7.0701	0.0200055	4437.58
7.0801	0.019949	4438.87
7.0901	0.0198928	4440.16
7.1001	0.0198368	4441.43
7.1101	0.019781	4442.65
7.1201	0.0197255	4443.89
7.1301	0.0196702	4445.1
7.1401	0.0196151	4446.31
7.1501	0.0195603	4447.54
7.1601	0.0195057	4448.76
7.1701	0.0194513	4449.97
7.1801	0.0193972	4451.21
7.1901	0.0193433	4452.43
7.2001	0.0192896	4453.67
7.2101	0.0192361	4454.84
7.2201	0.0191829	4456.02
7.2301	0.0191298	4457.23
7.2401	0.019077	4458.44
7.2501	0.0190244	4459.59
7.2601	0.0189721	4460.81
7.2701	0.0189199	4461.97
7.2801	0.018868	4463.18
7.2901	0.0188162	4464.34
7.3001	0.0187647	4465.5
7.3101	0.0187134	4466.71
7.3201	0.0186623	4467.85
7.3301	0.0186114	4468.94
7.3401	0.0185608	4470.14
7.3501	0.0185103	4471.26
7.3601	0.01846	4472.39
7.3701	0.01841	4473.56
7.3801	0.0183601	4474.7
7.3901	0.0183105	4475.79
7.4001	0.018261	4476.94
7.4101	0.0182118	4478.04
7.4201	0.0181627	4479.13
7.4301	0.0181138	4480.23
7.4401	0.0180652	4481.27
7.4501	0.0180167	4482.32
7.4601	0.0179685	4483.43
7.4701	0.0179204	4484.5
7.4801	0.0178725	4485.56
7.4901	0.0178248	4486.61
7.5001	0.0177773	4487.67
7.5101	0.01773	4488.77
7.5201	0.0176829	4489.88
7.5301	0.0176359	4490.92
7.5401	0.0175892	4492
7.5501	0.0175426	4493.03
7.5601	0.0174962	4494.08
7.5701	0.0174501	4495.17
7.5801	0.017404	4496.21
7.5901	0.0173582	4497.23
7.6001	0.0173126	4498.21
7.6101	0.0172671	4499.23
7.6201	0.0172218	4500.26
7.6301	0.0171767	4501.33
7.6401	0.0171318	4502.37
7.6501	0.017087	4503.4
7.6601	0.0170424	4504.43
7.6701	0.016998	4505.43
7.6801	0.0169538	4506.48
7.6901	0.0169097	4507.5
7.7001	0.0168658	4508.49
7.7101	0.0168221	4509.44
7.7201	0.0167785	4510.42
7.7301	0.0167352	4511.43
7.7401	0.0166919	4512.45
7.7501	0.0166489	4513.43
7.7601	0.016606	4514.43
7.7701	0.0165633	4515.37
7.7801	0.0165207	4516.35
7.7901	0.0164784	4517.36
7.8001	0.0164361	4518.26
7.8101	0.0163941	4519.22
7.8201	0.0163522	4520.17
7.8301	0.0163104	4521.14
7.8401	0.0162688	4522.07
7.8501	0.0162274	4523.03
7.8601	0.0161862	4523.99
7.8701	0.0161451	4524.94
7.8801	0.0161041	4525.87
7.8901	0.0160633	4526.84
7.9001	0.0160227	4527.81
7.9101	0.0159822	4528.73
7.9201	0.0159418	4529.7
7.9301	0.0159017	4530.61
7.9401	0.0158616	4531.55
7.9501	0.0158218	4532.44
7.9601	0.015782	4533.37
7.9701	0.0157425	4534.26
7.9801	0.015703	4535.16
7.9901	0.0156637	4536.07
8.0001	0.0156246	4537
8.0101	0.0155856	4537.88
8.0201	0.0155468	4538.77
8.0301	0.0155081	4539.62
8.0401	0.0154695	4540.55
8.0501	0.0154311	4541.43
8.0601	0.0153929	4542.29
8.0701	0.0153547	4543.12
8.0801	0.0153167	4544.01
8.0901	0.0152789	4544.88
8.1001	0.0152412	4545.72
8.1101	0.0152036	4546.59
8.1201	0.0151662	4547.44
8.1301	0.0151289	4548.29
8.1401	0.0150918	4549.13
8.1501	0.0150548	4549.95
8.1601	0.0150179	4550.82
8.1701	0.0149812	4551.68
8.1801	0.0149445	4552.54
8.1901	0.0149081	4553.45
8.2001	0.0148717	4554.29
8.2101	0.0148355	4555.12
8.2201	0.0147995	4555.97
8.2301	0.0147635	4556.82
8.2401	0.0147277	4557.65
8.2501	0.014692	4558.45
8.2601	0.0146565	4559.28
8.2701	0.014621	4560.09
8.2801	0.0145858	4560.9
8.2901	0.0145506	4561.71
8.3001	0.0145155	4562.48
8.3101	0.0144806	4563.27
8.3201	0.0144458	4564.11
8.3301	0.0144112	4564.92
8.3401	0.0143766	4565.72
8.3501	0.0143422	4566.52
8.3601	0.0143079	4567.29
8.3701	0.0142738	4568.08
8.3801	0.0142397	4568.84
8.3901	0.0142058	4569.61
8.4001	0.014172	4570.38
8.4101	0.0141383	4571.19
8.4201	0.0141048	4571.95
8.4301	0.0140713	4572.71
8.4401	0.014038	4573.47
8.4501	0.0140048	4574.18
8.4601	0.0139717	4574.92
8.4701	0.0139387	4575.67
8.4801	0.0139059	4576.44
8.4901	0.0138731	4577.18
8.5001	0.0138405	4577.94
8.5101	0.013808	4578.68
8.5201	0.0137756	4579.43
8.5301	0.0137433	4580.19
8.5401	0.0137112	4580.95
8.5501	0.0136791	4581.72
8.5601	0.0136472	4582.45
8.5701	0.0136153	4583.23
8.5801	0.0135836	4583.98
8.5901	0.013552	4584.73
8.6001	0.0135205	4585.47
8.6101	0.0134891	4586.22
8.6201	0.0134578	4586.94
8.6301	0.0134267	4587.66
8.6401	0.0133956	4588.44
8.6501	0.0133647	4589.14
8.6601	0.0133338	4589.87
8.6701	0.0133031	4590.62
8.6801	0.0132724	4591.33
8.6901	0.0132419	4592.05
8.7001	0.0132115	4592.78
8.7101	0.0131812	4593.46
8.7201	0.0131509	4594.15
8.7301	0.0131208	4594.87
8.7401	0.0130908	4595.56
8.7501	0.0130609	4596.26
8.7601	0.0130311	4596.97
8.7701	0.0130014	4597.65
8.7801	0.0129718	4598.35
8.7901	0.0129423	4599.04
8.8001	0.0129129	4599.73
8.8101	0.0128836	4600.41
8.8201	0.0128544	4601.13
8.8301	0.0128253	4601.81
8.8401	0.0127963	4602.48
8.8501	0.0127674	4603.15
8.8601	0.0127386	4603.83
8.8701	0.0127099	4604.51
8.8801	0.0126813	4605.21
8.8901	0.0126528	4605.88
8.9001	0.0126244	4606.54
8.9101	0.0125961	4607.18
8.9201	0.0125678	4607.85
8.9301	0.0125397	4608.52
8.9401	0.0125117	4609.19
8.9501	0.0124837	4609.85
8.9601	0.0124559	4610.51
8.9701	0.0124281	4611.15
8.9801	0.0124005	4611.84
8.9901	0.0123729	4612.45
9.0001	0.0123454	4613.13
9.0101	0.012318	4613.73
9.0201	0.0122907	4614.4
9.0301	0.0122635	4615.03
9.0401	0.0122364	4615.68
9.0501	0.0122094	4616.28
9.0601	0.0121824	4616.94
9.0701	0.0121556	4617.58
9.0801	0.0121288	4618.21
9.0901	0.0121022	4618.84
9.1001	0.0120756	4619.47
9.1101	0.0120491	4620.09
9.1201	0.0120227	4620.72
9.1301	0.0119963	4621.35
9.1401	0.0119701	4621.95
9.1501	0.011944	4622.54
9.1601	0.0119179	4623.18
9.1701	0.0118919	4623.8
9.1801	0.011866	4624.41
9.1901	0.0118402	4625.03
9.2001	0.0118145	4625.65
9.2101	0.0117888	4626.29
9.2201	0.0117633	4626.89
9.2301	0.0117378	4627.49
9.2401	0.0117124	4628.08
9.2501	0.0116871	4628.69
9.2601	0.0116619	4629.27
9.2701	0.0116367	4629.85
9.2801	0.0116117	4630.46
9.2901	0.0115867	4631.04
9.3001	0.0115618	4631.63
9.3101	0.011537	4632.21
9.3201	0.0115122	4632.79
9.3301	0.0114875	4633.37
9.3401	0.011463	4633.93
9.3501	0.0114385	4634.52
9.3601	0.011414	4635.11
9.3701	0.0113897	4635.68
9.3801	0.0113654	4636.26
9.3901	0.0113412	4636.83
9.4001	0.0113171	4637.42
9.4101	0.0112931	4638
9.4201	0.0112691	4638.57
9.4301	0.0112452	4639.11
9.4401	0.0112214	4639.65
9.4501	0.0111977	4640.24
9.4601	0.011174	4640.83
9.4701	0.0111504	4641.37
9.4801	0.0111269	4641.92
9.4901	0.0111035	4642.47
9.5001	0.0110801	4643
9.5101	0.0110568	4643.54
9.5201	0.0110336	4644.08
9.5301	0.0110105	4644.63
9.5401	0.0109874	4645.17
9.5501	0.0109644	4645.71
9.5601	0.0109415	4646.26
9.5701	0.0109186	4646.78
9.5801	0.0108958	4647.34
9.5901	0.0108731	4647.89
9.6001	0.0108505	4648.42
9.6101	0.0108279	4648.94
9.6201	0.0108054	4649.49
9.6301	0.010783	4650.03
9.6401	0.0107606	4650.55
9.6501	0.0107383	4651.08
9.6601	0.0107161	4651.59
9.6701	0.0106939	4652.14
9.6801	0.0106719	4652.68
9.6901	0.0106498	4653.19
9.7001	0.0106279	4653.7
9.7101	0.010606	4654.22
9.7201	0.0105842	4654.71
9.7301	0.0105625	4655.22
9.7401	0.0105408	4655.75
9.7501	0.0105192	4656.26
9.7601	0.0104976	4656.77
9.7701	0.0104762	4657.28
9.7801	0.0104547	4657.79
9.7901	0.0104334	4658.31
9.8001	0.0104121	4658.81
9.8101	0.0103909	4659.32
9.8201	0.0103697	4659.83
9.8301	0.0103487	4660.32
9.8401	0.0103276	4660.79
9.8501	0.0103067	4661.28
9.8601	0.0102858	4661.78
9.8701	0.010265	4662.28
9.8801	0.0102442	4662.78
9.8901	0.0102235	4663.28
9.9001	0.0102028	4663.77
9.9101	0.0101823	4664.3
9.9201	0.0101617	4664.79
9.9301	0.0101413	4665.26
9.9401	0.0101209	4665.76
9.9501	0.0101006	4666.23
9.9601	0.0100803	4666.7
9.9701	0.0100601	4667.2
9.9801	0.0100399	4667.68
9.9901	0.0100198	4668.16
10.0001	0.0099998	4668.62
10.0101	0.00997983	4669.14
10.0201	0.00995992	4669.63
10.0301	0.00994007	4670.1
10.0401	0.00992028	4670.58
10.0501	0.00990055	4671.03
10.0601	0.00988087	4671.52
10.0701	0.00986126	4672.02
10.0801	0.0098417	4672.48
10.0901	0.00982221	4672.94
10.1001	0.00980277	4673.39
10.1101	0.00978338	4673.85
10.1201	0.00976406	4674.31
10.1301	0.00974479	4674.76
10.1401	0.00972558	4675.23
10.1501	0.00970643	4675.7
10.1601	0.00968733	4676.16
10.1701	0.00966829	4676.61
10.1801	0.0096493	4677.05
10.1901	0.00963037	4677.51
10.2001	0.0096115	4677.95
10.2101	0.00959268	4678.39
10.2201	0.00957392	4678.86
10.2301	0.00955521	4679.3
10.2401	0.00953656	4679.76
10.2501	0.00951796	4680.22
10.2601	0.00949941	4680.65
10.2701	0.00948092	4681.09
10.2801	0.00946249	4681.52
10.2901	0.00944411	4681.96
10.3001	0.00942578	4682.4
10.3101	0.0094075	4682.85
10.3201	0.00938928	4683.3
10.3301	0.00937111	4683.75
10.3401	0.00935299	4684.18
10.3501	0.00933493	4684.64
10.3601	0.00931691	4685.07
10.3701	0.00929895	4685.49
10.3801	0.00928105	4685.93
10.3901	0.00926319	4686.35
10.4001	0.00924538	4686.79
10.4101	0.00922763	4687.23
10.4201	0.00920993	4687.67
10.4301	0.00919228	4688.09
10.4401	0.00917467	4688.52
10.4501	0.00915712	4688.93
10.4601	0.00913962	4689.34
10.4701	0.00912217	4689.74
10.4801	0.00910477	4690.19
10.4901	0.00908742	4690.61
10.5001	0.00907012	4691
10.5101	0.00905287	4691.42
10.5201	0.00903567	4691.83
10.5301	0.00901851	4692.24
10.5401	0.00900141	4692.67
10.5501	0.00898435	4693.08
10.5601	0.00896735	4693.5
10.5701	0.00895039	4693.93
10.5801	0.00893348	4694.33
10.5901	0.00891661	4694.75
10.6001	0.0088998	4695.16
10.6101	0.00888303	4695.57
10.6201	0.00886631	4695.97
10.6301	0.00884963	4696.38
10.6401	0.00883301	4696.78
10.6501	0.00881643	4697.18
10.6601	0.00879989	4697.59
10.6701	0.00878341	4697.99
10.6801	0.00876697	4698.39
10.6901	0.00875057	4698.78
10.7001	0.00873422	4699.16
10.7101	0.00871792	4699.55
10.7201	0.00870166	4699.94
10.7301	0.00868545	4700.33
10.7401	0.00866929	4700.73
10.7501	0.00865317	4701.12
10.7601	0.00863709	4701.52
10.7701	0.00862106	4701.9
10.7801	0.00860507	4702.28
10.7901	0.00858913	4702.66
10.8001	0.00857323	4703.06
10.8101	0.00855738	4703.45
10.8201	0.00854157	4703.83
10.8301	0.0085258	4704.22
10.8401	0.00851008	4704.62
10.8501	0.0084944	4705
10.8601	0.00847876	4705.39
10.8701	0.00846317	4705.78
10.8801	0.00844762	4706.16
10.8901	0.00843211	4706.54
10.9001	0.00841665	4706.91
10.9101	0.00840122	4707.3
10.9201	0.00838584	4707.67
10.9301	0.00837051	4708.06
10.9401	0.00835521	4708.42
10.9501	0.00833996	4708.78
10.9601	0.00832475	4709.18
10.9701	0.00830958	4709.55
10.9801	0.00829445	4709.9
10.9901	0.00827936	4710.28
11.0001	0.00826431	4710.64
11.0101	0.00824931	4711
11.0201	0.00823434	4711.36
11.0301	0.00821942	4711.72
11.0401	0.00820454	4712.08
11.0501	0.00818969	4712.41
11.0601	0.00817489	4712.78
11.0701	0.00816013	4713.14
11.0801	0.0081454	4713.49
11.0901	0.00813072	4713.85
11.1001	0.00811608	4714.2
11.1101	0.00810147	4714.55
11.1201	0.00808691	4714.89
11.1301	0.00807239	4715.23
11.1401	0.0080579	4715.59
11.1501	0.00804345	4715.92
11.1601	0.00802904	4716.28
11.1701	0.00801467	4716.62
11.1801	0.00800034	4716.98
11.1901	0.00798605	4717.32
11.2001	0.0079718	4717.65
11.2101	0.00795758	4718
11.2201	0.0079434	4718.33
11.2301	0.00792926	4718.67
11.2401	0.00791516	4719.02
11.2501	0.00790109	4719.37
11.2601	0.00788707	4719.7
11.2701	0.00787308	4720.06
11.2801	0.00785912	4720.41
11.2901	0.00784521	4720.75
11.3001	0.00783133	4721.09
11.3101	0.00781749	4721.43
11.3201	0.00780368	4721.77
11.3301	0.00778991	4722.11
11.3401	0.00777618	4722.44
11.3501	0.00776248	4722.77
11.3601	0.00774882	4723.1
11.3701	0.0077352	4723.43
11.3801	0.00772161	4723.75
11.3901	0.00770806	4724.08
11.4001	0.00769454	4724.4
11.4101	0.00768106	4724.73
11.4201	0.00766761	4725.06
11.4301	0.0076542	4725.39
11.4401	0.00764083	4725.7
11.4501	0.00762749	4726.03
11.4601	0.00761418	4726.36
11.4701	0.00760091	4726.7
11.4801	0.00758767	4727.02
11.4901	0.00757447	4727.34
11.5001	0.00756131	4727.66
11.5101	0.00754817	4727.99
11.5201	0.00753507	4728.31
11.5301	0.00752201	4728.64
11.5401	0.00750898	4728.97
11.5501	0.00749598	4729.28
11.5601	0.00748302	4729.58
11.5701	0.00747009	4729.9
11.5801	0.00745719	4730.23
11.5901	0.00744433	4730.56
11.6001	0.0074315	4730.87
11.6101	0.0074187	4731.2
11.6201	0.00740594	4731.51
11.6301	0.00739321	4731.83
11.6401	0.00738051	4732.15
11.6501	0.00736785	4732.45
11.6601	0.00735522	4732.75
11.6701	0.00734262	4733.06
11.6801	0.00733005	4733.36
11.6901	0.00731751	4733.68
11.7001	0.00730501	4733.98
11.7101	0.00729254	4734.31
11.7201	0.0072801	4734.61
11.7301	0.00726769	4734.93
11.7401	0.00725532	4735.22
11.7501	0.00724297	4735.51
11.7601	0.00723066	4735.8
11.7701	0.00721838	4736.11
11.7801	0.00720613	4736.4
11.7901	0.00719391	4736.69
11.8001	0.00718172	4736.98
11.8101	0.00716957	4737.28
11.8201	0.00715744	4737.57
11.8301	0.00714534	4737.87
11.8401	0.00713328	4738.15
11.8501	0.00712125	4738.45
11.8601	0.00710924	4738.74
11.8701	0.00709727	4739.03
11.8801	0.00708533	4739.33
11.8901	0.00707341	4739.63
11.9001	0.00706153	4739.91
11.9101	0.00704968	4740.2
11.9201	0.00703785	4740.48
11.9301	0.00702606	4740.76
11.9401	0.0070143	4741.05
11.9501	0.00700256	4741.34
11.9601	0.00699086	4741.64
11.9701	0.00697918	4741.93
11.9801	0.00696753	4742.22
11.9901	0.00695592	4742.5
12.0001	0.00694433	4742.78
12.0101	0.00693277	4743.07
12.0201	0.00692124	4743.35
12.0301	0.00690974	4743.63
12.0401	0.00689826	4743.9
12.0501	0.00688682	4744.18
12.0601	0.0068754	4744.46
12.0701	0.00686402	4744.74
12.0801	0.00685266	4745.02
12.0901	0.00684132	4745.29
12.1001	0.00683002	4745.55
12.1101	0.00681875	4745.84
12.1201	0.0068075	4746.1
12.1301	0.00679628	4746.37
12.1401	0.00678509	4746.65
12.1501	0.00677392	4746.91
12.1601	0.00676279	4747.19
12.1701	0.00675168	4747.44
12.1801	0.0067406	4747.7
12.1901	0.00672954	4747.98
12.2001	0.00671851	4748.25
12.2101	0.00670751	4748.53
12.2201	0.00669654	4748.8
12.2301	0.00668559	4749.07
12.2401	0.00667467	4749.34
12.2501	0.00666378	4749.6
12.2601	0.00665292	4749.86
12.2701	0.00664208	4750.13
12.2801	0.00663126	4750.39
12.2901	0.00662048	4750.64
12.3001	0.00660971	4750.9
12.3101	0.00659898	4751.15
12.3201	0.00658827	4751.41
12.3301	0.00657759	4751.67
12.3401	0.00656693	4751.93
12.3501	0.0065563	4752.21
12.3601	0.0065457	4752.48
12.3701	0.00653512	4752.74
12.3801	0.00652457	4753
12.3901	0.00651404	4753.26
12.4001	0.00650354	4753.54
12.4101	0.00649306	4753.8
12.4201	0.00648261	4754.06
12.4301	0.00647218	4754.31
12.4401	0.00646178	4754.57
12.4501	0.00645141	4754.84
12.4601	0.00644105	4755.09
12.4701	0.00643073	4755.35
12.4801	0.00642043	4755.59
12.4901	0.00641015	4755.83
12.5001	0.0063999	4756.09
12.5101	0.00638967	4756.34
12.5201	0.00637947	4756.59
12.5301	0.00636929	4756.83
12.5401	0.00635913	4757.08
12.5501	0.006349	4757.32
12.5601	0.0063389	4757.57
12.5701	0.00632882	4757.81
12.5801	0.00631876	4758.05
12.5901	0.00630873	4758.3
12.6001	0.00629872	4758.54
12.6101	0.00628873	4758.8
12.6201	0.00627877	4759.05
12.6301	0.00626883	4759.29
12.6401	0.00625891	4759.53
12.6501	0.00624902	4759.77
12.6601	0.00623915	4760.02
12.6701	0.00622931	4760.27
12.6801	0.00621949	4760.52
12.6901	0.00620969	4760.76
12.7001	0.00619991	4761.01
12.7101	0.00619016	4761.24
12.7201	0.00618043	4761.48
12.7301	0.00617073	4761.72
12.7401	0.00616104	4761.96
12.7501	0.00615138	4762.2
12.7601	0.00614175	4762.43
12.7701	0.00613213	4762.67
12.7801	0.00612254	4762.91
12.7901	0.00611297	4763.15
12.8001	0.00610342	4763.38
12.8101	0.00609389	4763.62
12.8201	0.00608439	4763.86
12.8301	0.00607491	4764.1
12.8401	0.00606545	4764.34
12.8501	0.00605602	4764.58
12.8601	0.0060466	4764.82
12.8701	0.00603721	4765.04
12.8801	0.00602784	4765.29
12.8901	0.00601849	4765.51
12.9001	0.00600916	4765.75
12.9101	0.00599986	4765.98
12.9201	0.00599057	4766.21
12.9301	0.00598131	4766.43
12.9401	0.00597207	4766.66
12.9501	0.00596285	4766.88
12.9601	0.00595365	4767.12
12.9701	0.00594447	4767.35
12.9801	0.00593532	4767.57
12.9901	0.00592618	4767.79
13.0001	0.00591707	4768.02
13.0101	0.00590798	4768.26
13.0201	0.0058989	4768.5
13.0301	0.00588985	4768.73
13.0401	0.00588082	4768.95
13.0501	0.00587181	4769.18
13.0601	0.00586283	4769.4
13.0701	0.00585386	4769.62
13.0801	0.00584491	4769.84
13.0901	0.00583598	4770.06
13.1001	0.00582708	4770.27
13.1101	0.00581819	4770.49
13.1201	0.00580933	4770.7
13.1301	0.00580048	4770.91
13.1401	0.00579165	4771.12
13.1501	0.00578285	4771.34
13.1601	0.00577406	4771.56
13.1701	0.0057653	4771.77
13.1801	0.00575655	4771.99
13.1901	0.00574783	4772.21
13.2001	0.00573912	4772.41
13.2101	0.00573044	4772.65
13.2201	0.00572177	4772.87
13.2301	0.00571313	4773.09
13.2401	0.0057045	4773.31
13.2501	0.00569589	4773.52
13.2601	0.0056873	4773.74
13.2701	0.00567874	4773.96
13.2801	0.00567019	4774.16
13.2901	0.00566166	4774.38
13.3001	0.00565315	4774.59
13.3101	0.00564465	4774.79
13.3201	0.00563618	4775
13.3301	0.00562773	4775.21
13.3401	0.00561929	4775.43
13.3501	0.00561088	4775.64
13.3601	0.00560248	4775.84
13.3701	0.00559411	4776.04
13.3801	0.00558575	4776.23
13.3901	0.00557741	4776.44
13.4001	0.00556909	4776.64
13.4101	0.00556078	4776.86
13.4201	0.0055525	4777.07
13.4301	0.00554423	4777.28
13.4401	0.00553599	4777.49
13.4501	0.00552776	4777.7
13.4601	0.00551955	4777.89
13.4701	0.00551135	4778.09
13.4801	0.00550318	4778.29
13.4901	0.00549502	4778.49
13.5001	0.00548689	4778.69
13.5101	0.00547877	4778.9
13.5201	0.00547067	4779.1
13.5301	0.00546258	4779.3
13.5401	0.00545452	4779.51
13.5501	0.00544647	4779.7
13.5601	0.00543844	4779.9
13.5701	0.00543043	4780.09
13.5801	0.00542243	4780.29
13.5901	0.00541445	4780.49
13.6001	0.00540649	4780.69
13.6101	0.00539855	4780.88
13.6201	0.00539063	4781.08
13.6301	0.00538272	4781.28
13.6401	0.00537483	4781.48
13.6501	0.00536696	4781.68
13.6601	0.0053591	4781.87
13.6701	0.00535127	4782.05
13.6801	0.00534345	4782.24
13.6901	0.00533564	4782.45
13.7001	0.00532786	4782.64
13.7101	0.00532009	4782.84
13.7201	0.00531233	4783.03
13.7301	0.0053046	4783.22
13.7401	0.00529688	4783.4
13.7501	0.00528918	4783.59
13.7601	0.00528149	4783.79
13.7701	0.00527383	4783.98
13.7801	0.00526617	4784.17
13.7901	0.00525854	4784.37
13.8001	0.00525092	4784.56
13.8101	0.00524332	4784.76
13.8201	0.00523573	4784.94
13.8301	0.00522817	4785.14
13.8401	0.00522061	4785.33
13.8501	0.00521308	4785.52
13.8601	0.00520556	4785.7
13.8701	0.00519805	4785.89
13.8801	0.00519057	4786.08
13.8901	0.0051831	4786.27
13.9001	0.00517564	4786.45
13.9101	0.0051682	4786.63
13.9201	0.00516078	4786.81
13.9301	0.00515337	4787.01
13.9401	0.00514598	4787.19
13.9501	0.00513861	4787.37
13.9601	0.00513125	4787.56
13.9701	0.0051239	4787.74
13.9801	0.00511658	4787.92
13.9901	0.00510926	4788.11
14.0001	0.00510197	4788.3
14.0101	0.00509469	4788.48
14.0201	0.00508742	4788.66
14.0301	0.00508017	4788.85
14.0401	0.00507294	4789.03
14.0501	0.00506572	4789.21
14.0601	0.00505852	4789.39
14.0701	0.00505133	4789.58
14.0801	0.00504416	4789.76
14.0901	0.005037	4789.94
14.1001	0.00502986	4790.12
14.1101	0.00502273	4790.28
14.1201	0.00501562	4790.45
14.1301	0.00500852	4790.62
14.1401	0.00500144	4790.8
14.1501	0.00499437	4790.97
14.1601	0.00498732	4791.15
14.1701	0.00498028	4791.33
14.1801	0.00497326	4791.5
14.1901	0.00496626	4791.67
14.2001	0.00495926	4791.84
14.2101	0.00495229	4792.02
14.2201	0.00494532	4792.19
14.2301	0.00493838	4792.36
14.2401	0.00493144	4792.54
14.2501	0.00492452	4792.72
14.2601	0.00491762	4792.9
14.2701	0.00491073	4793.07
14.2801	0.00490385	4793.24
14.2901	0.00489699	4793.41
14.3001	0.00489015	4793.59
14.3101	0.00488331	4793.75
14.3201	0.0048765	4793.93
14.3301	0.00486969	4794.1
14.3401	0.0048629	4794.27
14.3501	0.00485613	4794.44
14.3601	0.00484937	4794.61
14.3701	0.00484262	4794.78
14.3801	0.00483589	4794.96
14.3901	0.00482917	4795.13
14.4001	0.00482246	4795.29
14.4101	0.00481577	4795.45
14.4201	0.0048091	4795.61
14.4301	0.00480243	4795.78
14.4401	0.00479578	4795.93
14.4501	0.00478915	4796.1
14.4601	0.00478253	4796.26
14.4701	0.00477592	4796.42
14.4801	0.00476932	4796.6
14.4901	0.00476274	4796.77
14.5001	0.00475618	4796.93
14.5101	0.00474962	4797.09
14.5201	0.00474308	4797.26
14.5301	0.00473656	4797.42
14.5401	0.00473004	4797.58
14.5501	0.00472354	4797.74
14.5601	0.00471706	4797.9
14.5701	0.00471059	4798.07
14.5801	0.00470413	4798.23
14.5901	0.00469768	4798.38
14.6001	0.00469125	4798.55
14.6101	0.00468483	4798.7
14.6201	0.00467842	4798.87
14.6301	0.00467203	4799.03
14.6401	0.00466565	4799.2
14.6501	0.00465928	4799.36
14.6601	0.00465293	4799.52
14.6701	0.00464658	4799.69
14.6801	0.00464026	4799.85
14.6901	0.00463394	4800.01
14.7001	0.00462764	4800.17
14.7101	0.00462135	4800.32
14.7201	0.00461507	4800.48
14.7301	0.00460881	4800.64
14.7401	0.00460256	4800.79
14.7501	0.00459632	4800.95
14.7601	0.00459009	4801.11
14.7701	0.00458388	4801.26
14.7801	0.00457768	4801.42
14.7901	0.00457149	4801.58
14.8001	0.00456531	4801.73
14.8101	0.00455915	4801.88
14.8201	0.004553	4802.04
14.8301	0.00454686	4802.19
14.8401	0.00454074	4802.35
14.8501	0.00453462	4802.5
14.8601	0.00452852	4802.65
14.8701	0.00452243	4802.81
14.8801	0.00451636	4802.96
14.8901	0.00451029	4803.12
14.9001	0.00450424	4803.27
14.9101	0.0044982	4803.43
14.9201	0.00449217	4803.58
14.9301	0.00448616	4803.73
14.9401	0.00448015	4803.87
14.9501	0.00447416	4804.03
14.9601	0.00446818	4804.18
14.9701	0.00446222	4804.33
14.9801	0.00445626	4804.47
14.9901	0.00445032	4804.63
15.0001	0.00444439	4804.79
15.0101	0.00443847	4804.94
15.0201	0.00443256	4805.09
15.0301	0.00442666	4805.24
15.0401	0.00442078	4805.39
15.0501	0.0044149	4805.54
15.0601	0.00440904	4805.68
15.0701	0.00440319	4805.83
15.0801	0.00439736	4805.98
15.0901	0.00439153	4806.12
15.1001	0.00438571	4806.27
15.1101	0.00437991	4806.41
15.1201	0.00437412	4806.55
15.1301	0.00436834	4806.7
15.1401	0.00436257	4806.84
15.1501	0.00435681	4806.98
15.1601	0.00435107	4807.13
15.1701	0.00434533	4807.27
15.1801	0.00433961	4807.41
15.1901	0.0043339	4807.55
15.2001	0.0043282	4807.7
15.2101	0.00432251	4807.84
15.2201	0.00431683	4807.99
15.2301	0.00431116	4808.13
15.2401	0.00430551	4808.28
15.2501	0.00429986	4808.42
15.2601	0.00429423	4808.57
15.2701	0.00428861	4808.71
15.2801	0.004283	4808.84
15.2901	0.00427739	4808.98
15.3001	0.00427181	4809.12
15.3101	0.00426623	4809.27
15.3201	0.00426066	4809.41
15.3301	0.0042551	4809.55
15.3401	0.00424956	4809.68
15.3501	0.00424402	4809.83
15.3601	0.0042385	4809.97
15.3701	0.00423298	4810.11
15.3801	0.00422748	4810.24
15.3901	0.00422199	4810.38
15.4001	0.00421651	4810.52
15.4101	0.00421104	4810.65
15.4201	0.00420558	4810.79
15.4301	0.00420013	4810.93
15.4401	0.00419469	4811.06
15.4501	0.00418926	4811.2
15.4601	0.00418384	4811.34
15.4701	0.00417844	4811.48
15.4801	0.00417304	4811.61
15.4901	0.00416765	4811.75
15.5001	0.00416228	4811.89
15.5101	0.00415691	4812.03
15.5201	0.00415156	4812.16
15.5301	0.00414621	4812.29
15.5401	0.00414088	4812.42
15.5501	0.00413555	4812.56
15.5601	0.00413024	4812.7
15.5701	0.00412494	4812.83
15.5801	0.00411964	4812.97
15.5901	0.00411436	4813.1
15.6001	0.00410909	4813.23
15.6101	0.00410382	4813.36
15.6201	0.00409857	4813.49
15.6301	0.00409333	4813.62
15.6401	0.00408809	4813.75
15.6501	0.00408287	4813.89
15.6601	0.00407766	4814.02
15.6701	0.00407246	4814.15
15.6801	0.00406726	4814.27
15.6901	0.00406208	4814.4
15.7001	0.00405691	4814.54
15.7101	0.00405174	4814.68
15.7201	0.00404659	4814.81
15.7301	0.00404145	4814.94
15.7401	0.00403631	4815.07
15.7501	0.00403119	4815.2
15.7601	0.00402608	4815.33
15.7701	0.00402097	4815.45
15.7801	0.00401588	4815.58
15.7901	0.00401079	4815.71
15.8001	0.00400572	4815.84
15.8101	0.00400065	4815.96
15.8201	0.0039956	4816.09
15.8301	0.00399055	4816.22
15.8401	0.00398551	4816.34
15.8501	0.00398048	4816.47
15.8601	0.00397547	4816.6
15.8701	0.00397046	4816.72
15.8801	0.00396546	4816.85
15.8901	0.00396047	4816.97
15.9001	0.00395549	4817.1
15.9101	0.00395052	4817.23
15.9201	0.00394556	4817.35
15.9301	0.00394061	4817.48
15.9401	0.00393566	4817.6
15.9501	0.00393073	4817.73
15.9601	0.00392581	4817.85
15.9701	0.00392089	4817.98
15.9801	0.00391598	4818.1
15.9901	0.00391109	4818.23
16.0001	0.0039062	4818.35
16.0101	0.00390132	4818.47
16.0201	0.00389645	4818.6
16.0301	0.00389159	4818.72
16.0401	0.00388674	4818.84
16.0501	0.0038819	4818.95
16.0601	0.00387707	4819.07
16.0701	0.00387225	4819.19
16.0801	0.00386743	4819.31
16.0901	0.00386262	4819.44
16.1001	0.00385783	4819.56
16.1101	0.00385304	4819.68
16.1201	0.00384826	4819.8
16.1301	0.00384349	4819.92
16.1401	0.00383873	4820.03
16.1501	0.00383398	4820.15
16.1601	0.00382923	4820.27
16.1701	0.0038245	4820.39
16.1801	0.00381977	4820.51
16.1901	0.00381506	4820.63
16.2001	0.00381035	4820.74
16.2101	0.00380565	4820.86
16.2201	0.00380096	4820.98
16.2301	0.00379627	4821.09
16.2401	0.0037916	4821.21
16.2501	0.00378694	4821.33
16.2601	0.00378228	4821.45
16.2701	0.00377763	4821.56
16.2801	0.00377299	4821.68
16.2901	0.00376836	4821.79
16.3001	0.00376374	4821.91
16.3101	0.00375912	4822.02
16.3201	0.00375452	4822.14
16.3301	0.00374992	4822.25
16.3401	0.00374533	4822.37
16.3501	0.00374075	4822.49
16.3601	0.00373618	4822.6
16.3701	0.00373162	4822.72
16.3801	0.00372706	4822.84
16.3901	0.00372252	4822.95
16.4001	0.00371798	4823.07
16.4101	0.00371345	4823.18
16.4201	0.00370893	4823.3
16.4301	0.00370441	4823.41
16.4401	0.00369991	4823.53
16.4501	0.00369541	4823.64
16.4601	0.00369092	4823.76
16.4701	0.00368644	4823.87
16.4801	0.00368197	4823.98
16.4901	0.00367751	4824.1
16.5001	0.00367305	4824.22
16.5101	0.0036686	4824.33
16.5201	0.00366416	4824.44
16.5301	0.00365973	4824.55
16.5401	0.00365531	4824.67
16.5501	0.00365089	4824.78
16.5601	0.00364648	4824.89
16.5701	0.00364208	4825.01
16.5801	0.00363769	4825.12
16.5901	0.00363331	4825.24
16.6001	0.00362893	4825.35
16.6101	0.00362456	4825.46
16.6201	0.0036202	4825.57
16.6301	0.00361585	4825.69
16.6401	0.0036115	4825.79
16.6501	0.00360717	4825.91
16.6601	0.00360284	4826.01
16.6701	0.00359852	4826.12
16.6801	0.0035942	4826.23
16.6901	0.0035899	4826.34
16.7001	0.0035856	4826.45
16.7101	0.00358131	4826.56
16.7201	0.00357703	4826.67
16.7301	0.00357275	4826.77
16.7401	0.00356849	4826.88
16.7501	0.00356423	4826.99
16.7601	0.00355997	4827.1
16.7701	0.00355573	4827.21
16.7801	0.00355149	4827.32
16.7901	0.00354726	4827.42
16.8001	0.00354304	4827.53
16.8101	0.00353883	4827.64
16.8201	0.00353462	4827.75
16.8301	0.00353042	4827.85
16.8401	0.00352623	4827.96
16.8501	0.00352205	4828.07
16.8601	0.00351787	4828.18
16.8701	0.0035137	4828.28
16.8801	0.00350954	4828.39
16.8901	0.00350538	4828.5
16.9001	0.00350124	4828.6
16.9101	0.0034971	4828.7
16.9201	0.00349296	4828.81
16.9301	0.00348884	4828.91
16.9401	0.00348472	4829.02
16.9501	0.00348061	4829.12
16.9601	0.00347651	4829.22
16.9701	0.00347241	4829.33
16.9801	0.00346832	4829.44
16.9901	0.00346424	4829.54
17.0001	0.00346017	4829.65
17.0101	0.0034561	4829.75
17.0201	0.00345204	4829.85
17.0301	0.00344799	4829.96
17.0401	0.00344394	4830.06
17.0501	0.0034399	4830.17
17.0601	0.00343587	4830.27
17.0701	0.00343185	4830.37
17.0801	0.00342783	4830.47
17.0901	0.00342382	4830.57
17.1001	0.00341982	4830.67
17.1101	0.00341582	4830.77
17.1201	0.00341183	4830.88
17.1301	0.00340785	4830.98
17.1401	0.00340387	4831.08
17.1501	0.0033999	4831.18
17.1601	0.00339594	4831.28
17.1701	0.00339199	4831.38
17.1801	0.00338804	4831.47
17.1901	0.0033841	4831.57
17.2001	0.00338017	4831.67
17.2101	0.00337624	4831.76
17.2201	0.00337232	4831.86
17.2301	0.00336841	4831.96
17.2401	0.0033645	4832.06
17.2501	0.0033606	4832.16
17.2601	0.00335671	4832.26
17.2701	0.00335282	4832.37
17.2801	0.00334894	4832.47
17.2901	0.00334507	4832.57
17.3001	0.0033412	4832.67
17.3101	0.00333734	4832.76
17.3201	0.00333349	4832.86
17.3301	0.00332964	4832.96
17.3401	0.00332581	4833.06
17.3501	0.00332197	4833.16
17.3601	0.00331815	4833.25
17.3701	0.00331433	4833.35
17.3801	0.00331051	4833.44
17.3901	0.00330671	4833.53
17.4001	0.00330291	4833.63
17.4101	0.00329912	4833.72
17.4201	0.00329533	4833.82
17.4301	0.00329155	4833.92
17.4401	0.00328777	4834.02
17.4501	0.00328401	4834.11
17.4601	0.00328025	4834.21
17.4701	0.00327649	4834.3
17.4801	0.00327275	4834.4
17.4901	0.003269	4834.49
17.5001	0.00326527	4834.59
17.5101	0.00326154	4834.68
17.5201	0.00325782	4834.78
17.5301	0.0032541	4834.87
17.5401	0.00325039	4834.97
17.5501	0.00324669	4835.07
17.5601	0.00324299	4835.16
17.5701	0.0032393	4835.26
17.5801	0.00323562	4835.35
17.5901	0.00323194	4835.44
17.6001	0.00322827	4835.53
17.6101	0.0032246	4835.63
17.6201	0.00322094	4835.73
17.6301	0.00321729	4835.82
17.6401	0.00321365	4835.91
17.6501	0.00321	4836.01
17.6601	0.00320637	4836.1
17.6701	0.00320274	4836.19
17.6801	0.00319912	4836.29
17.6901	0.0031955	4836.38
17.7001	0.00319189	4836.47
17.7101	0.00318829	4836.56
17.7201	0.00318469	4836.65
17.7301	0.0031811	4836.74
17.7401	0.00317752	4836.83
17.7501	0.00317394	4836.92
17.7601	0.00317036	4837.02
17.7701	0.0031668	4837.11
17.7801	0.00316324	4837.2
17.7901	0.00315968	4837.28
17.8001	0.00315613	4837.38
17.8101	0.00315259	4837.47
17.8201	0.00314905	4837.57
17.8301	0.00314552	4837.65
17.8401	0.00314199	4837.74
17.8501	0.00313848	4837.84
17.8601	0.00313496	4837.93
17.8701	0.00313145	4838.02
17.8801	0.00312795	4838.11
17.8901	0.00312446	4838.2
17.9001	0.00312097	4838.29
17.9101	0.00311748	4838.38
17.9201	0.003114	4838.46
17.9301	0.00311053	4838.56
17.9401	0.00310706	4838.65
17.9501	0.0031036	4838.74
17.9601	0.00310015	4838.83
17.9701	0.0030967	4838.92
17.9801	0.00309326	4839
17.9901	0.00308982	4839.1
18.0001	0.00308639	4839.18
18.0101	0.00308296	4839.27
18.0201	0.00307954	4839.36
18.0301	0.00307612	4839.45
18.0401	0.00307271	4839.53
18.0501	0.00306931	4839.62
18.0601	0.00306591	4839.71
18.0701	0.00306252	4839.79
18.0801	0.00305913	4839.88
18.0901	0.00305575	4839.97
18.1001	0.00305238	4840.06
18.1101	0.00304901	4840.14
18.1201	0.00304564	4840.22
18.1301	0.00304228	4840.3
18.1401	0.00303893	4840.39
18.1501	0.00303558	4840.47
18.1601	0.00303224	4840.56
18.1701	0.0030289	4840.64
18.1801	0.00302557	4840.73
18.1901	0.00302225	4840.81
18.2001	0.00301893	4840.9
18.2101	0.00301561	4840.98
18.2201	0.0030123	4841.07
18.2301	0.003009	4841.15
18.2401	0.0030057	4841.24
18.2501	0.00300241	4841.32
18.2601	0.00299912	4841.41
18.2701	0.00299584	4841.49
18.2801	0.00299256	4841.57
18.2901	0.00298929	4841.65
18.3001	0.00298602	4841.74
18.3101	0.00298276	4841.82
18.3201	0.00297951	4841.9
18.3301	0.00297626	4841.99
18.3401	0.00297301	4842.07
18.3501	0.00296977	4842.15
18.3601	0.00296654	4842.23
18.3701	0.00296331	4842.31
18.3801	0.00296009	4842.39
18.3901	0.00295687	4842.47
18.4001	0.00295365	4842.56
18.4101	0.00295045	4842.64
18.4201	0.00294724	4842.72
18.4301	0.00294405	4842.81
18.4401	0.00294085	4842.89
18.4501	0.00293767	4842.97
18.4601	0.00293449	4843.05
18.4701	0.00293131	4843.13
18.4801	0.00292814	4843.21
18.4901	0.00292497	4843.29
18.5001	0.00292181	4843.38
18.5101	0.00291865	4843.46
18.5201	0.0029155	4843.54
18.5301	0.00291236	4843.62
18.5401	0.00290922	4843.7
18.5501	0.00290608	4843.79
18.5601	0.00290295	4843.86
18.5701	0.00289982	4843.95
18.5801	0.0028967	4844.03
18.5901	0.00289359	4844.1
18.6001	0.00289048	4844.18
18.6101	0.00288737	4844.26
18.6201	0.00288427	4844.34
18.6301	0.00288117	4844.42
18.6401	0.00287808	4844.5
18.6501	0.002875	4844.58
18.6601	0.00287192	4844.65
18.6701	0.00286884	4844.73
18.6801	0.00286577	4844.81
18.6901	0.00286271	4844.89
18.7001	0.00285965	4844.97
18.7101	0.00285659	4845.04
18.7201	0.00285354	4845.12
18.7301	0.00285049	4845.2
18.7401	0.00284745	4845.28
18.7501	0.00284441	4845.36
18.7601	0.00284138	4845.44
18.7701	0.00283836	4845.52
18.7801	0.00283533	4845.6
18.7901	0.00283232	4845.68
18.8001	0.0028293	4845.76
18.8101	0.0028263	4845.83
18.8201	0.00282329	4845.91
18.8301	0.0028203	4845.99
18.8401	0.0028173	4846.07
18.8501	0.00281431	4846.14
18.8601	0.00281133	4846.22
18.8701	0.00280835	4846.29
18.8801	0.00280538	4846.37
18.8901	0.00280241	4846.44
18.9001	0.00279944	4846.52
18.9101	0.00279648	4846.6
18.9201	0.00279353	4846.67
18.9301	0.00279058	4846.75
18.9401	0.00278763	4846.83
18.9501	0.00278469	4846.9
18.9601	0.00278175	4846.98
18.9701	0.00277882	4847.06
18.9801	0.00277589	4847.13
18.9901	0.00277297	4847.21
19.0001	0.00277005	4847.29
19.0101	0.00276714	4847.36
19.0201	0.00276423	4847.43
19.0301	0.00276133	4847.51
19.0401	0.00275843	4847.58
19.0501	0.00275553	4847.65
19.0601	0.00275264	4847.73
19.0701	0.00274976	4847.81
19.0801	0.00274687	4847.88
19.0901	0.002744	4847.95
19.1001	0.00274112	4848.03
19.1101	0.00273826	4848.1
19.1201	0.00273539	4848.18
19.1301	0.00273253	4848.25
19.1401	0.00272968	4848.32
19.1501	0.00272683	4848.39
19.1601	0.00272398	4848.46
19.1701	0.00272114	4848.54
19.1801	0.00271831	4848.61
19.1901	0.00271547	4848.68
19.2001	0.00271265	4848.76
19.2101	0.00270982	4848.83
19.2201	0.002707	4848.9
19.2301	0.00270419	4848.98
19.2401	0.00270138	4849.05
19.2501	0.00269857	4849.12
19.2601	0.00269577	4849.2
19.2701	0.00269297	4849.27
19.2801	0.00269018	4849.34
19.2901	0.00268739	4849.42
19.3001	0.00268461	4849.49
19.3101	0.00268183	4849.56
19.3201	0.00267905	4849.63
19.3301	0.00267628	4849.7
19.3401	0.00267351	4849.77
19.3501	0.00267075	4849.84
19.3601	0.00266799	4849.91
19.3701	0.00266524	4849.99
19.3801	0.00266249	4850.06
19.3901	0.00265974	4850.13
19.4001	0.002657	4850.19
19.4101	0.00265427	4850.26
19.4201	0.00265153	4850.33
19.4301	0.0026488	4850.4
19.4401	0.00264608	4850.47
19.4501	0.00264336	4850.55
19.4601	0.00264064	4850.62
19.4701	0.00263793	4850.69
19.4801	0.00263522	4850.76
19.4901	0.00263252	4850.83
19.5001	0.00262982	4850.9
19.5101	0.00262713	4850.97
19.5201	0.00262444	4851.04
19.5301	0.00262175	4851.11
19.5401	0.00261907	4851.18
19.5501	0.00261639	4851.24
19.5601	0.00261371	4851.31
19.5701	0.00261104	4851.37
19.5801	0.00260838	4851.44
19.5901	0.00260571	4851.51
19.6001	0.00260306	4851.58
19.6101	0.0026004	4851.64
19.6201	0.00259775	4851.72
19.6301	0.00259511	4851.78
19.6401	0.00259246	4851.85
19.6501	0.00258983	4851.92
19.6601	0.00258719	4851.99
19.6701	0.00258456	4852.06
19.6801	0.00258194	4852.12
19.6901	0.00257931	4852.19
19.7001	0.0025767	4852.26
19.7101	0.00257408	4852.32
19.7201	0.00257147	4852.39
19.7301	0.00256887	4852.46
19.7401	0.00256626	4852.53
19.7501	0.00256367	4852.59
19.7601	0.00256107	4852.66
19.7701	0.00255848	4852.73
19.7801	0.0025559	4852.8
19.7901	0.00255331	4852.86
19.8001	0.00255073	4852.93
19.8101	0.00254816	4852.99
19.8201	0.00254559	4853.06
19.8301	0.00254302	4853.12
19.8401	0.00254046	4853.19
19.8501	0.0025379	4853.25
19.8601	0.00253535	4853.32
19.8701	0.00253279	4853.38
19.8801	0.00253025	4853.45
19.8901	0.0025277	4853.51
19.9001	0.00252516	4853.58
19.9101	0.00252263	4853.64
19.9201	0.0025201	4853.71
19.9301	0.00251757	4853.77
19.9401	0.00251504	4853.84
19.9501	0.00251252	4853.9
19.9601	0.00251	4853.97
19.9701	0.00250749	4854.03
19.9801	0.00250498	4854.09
19.9901	0.00250248	4854.16
