0.0001	1e+008	0
0.0101	9802.96	0
0.0201	2475.19	0
0.0301	1103.74	0
0.0401	621.887	0
0.0501	398.405	0
0.0601	276.854	0
0.0701	203.5	0
0.0801	155.86	0
0.0901	123.183	0
0.1001	99.8003	0
0.1101	82.4946	0
0.1201	69.3288	0
0.1301	59.0807	0
0.1401	50.9476	0
0.1501	44.3852	0
0.1601	39.0137	0
0.1701	34.5614	0
0.1801	30.8299	0
0.1901	27.6717	0
0.2001	24.975	0
0.2101	22.6542	0
0.2201	20.6424	0
0.2301	18.8872	0
0.2401	17.3467	0
0.2501	15.9872	0
0.2601	14.7815	0
0.2701	13.7073	0
0.2801	12.746	0
0.2901	11.8824	0
0.3001	11.1037	0
0.3101	10.3991	0
0.3201	9.75952	0
0.3301	9.17717	0
0.3401	8.64543	0
0.3501	8.1586	0
0.3601	7.71176	0
0.3701	7.30066	0
0.3801	6.92156	0
0.3901	6.57125	0
0.4001	6.24688	0
0.4101	5.94594	0
0.4201	5.66624	0
0.4301	5.40581	0
0.4401	5.16294	0
0.4501	4.93608	0
0.4601	4.72384	0
0.4701	4.52501	0
0.4801	4.33847	0
0.4901	4.16323	0
0.5001	3.9984	0.000340256
0.5101	3.84317	0.000764355
0.5201	3.6968	0.00100085
0.5301	3.55864	0.00124085
0.5401	3.42809	0.00172358
0.5501	3.30458	0.00223495
0.5601	3.18764	0.00279057
0.5701	3.07679	0.00333086
0.5801	2.97163	0.00412754
0.5901	2.87176	0.00490123
0.6001	2.77685	0.00574188
0.6101	2.68657	0.00665265
0.6201	2.60062	0.00748801
0.6301	2.51873	0.00864885
0.6401	2.44064	0.00973257
0.6501	2.36614	0.0107626
0.6601	2.29499	0.0118879
0.6701	2.227	0.013059
0.6801	2.16199	0.0143807
0.6901	2.09979	0.0157382
0.7001	2.04023	0.0169889
0.7101	1.98317	0.0184982
0.7201	1.92848	0.0202143
0.7301	1.87601	0.0218778
0.7401	1.82566	0.0236159
0.7501	1.7773	0.0252705
0.7601	1.73085	0.0272048
0.7701	1.68619	0.0293425
0.7801	1.64323	0.0314541
0.7901	1.6019	0.0335622
0.8001	1.56211	0.0358172
0.8101	1.52378	0.0379785
0.8201	1.48685	0.040003
0.8301	1.45124	0.0426699
0.8401	1.4169	0.0450882
0.8501	1.38376	0.0477365
0.8601	1.35177	0.0505091
0.8701	1.32087	0.0529792
0.8801	1.29103	0.0560445
0.8901	1.26218	0.0589444
0.9001	1.23429	0.0617445
0.9101	1.20732	0.0644423
0.9201	1.18122	0.0677728
0.9301	1.15595	0.0711782
0.9401	1.13149	0.0741814
0.9501	1.1078	0.0774137
0.9601	1.08484	0.0807074
0.9701	1.06259	0.0844432
0.9801	1.04102	0.0879868
0.9901	1.0201	0.0914969
1.0001	0.9998	0.0950397
1.0101	0.980102	0.0984554
1.0201	0.96098	0.101849
1.0301	0.942413	0.106004
1.0401	0.924378	0.109662
1.0501	0.906857	0.113991
1.0601	0.889829	0.118009
1.0701	0.873275	0.122311
1.0801	0.85718	0.126387
1.0901	0.841526	0.130321
1.1001	0.826296	0.134452
1.1101	0.811476	0.138535
1.1201	0.797052	0.142932
1.1301	0.783008	0.147174
1.1401	0.769333	0.152224
1.1501	0.756012	0.156429
1.1601	0.743035	0.161618
1.1701	0.730389	0.166586
1.1801	0.718063	0.171176
1.1901	0.706046	0.176381
1.2001	0.694329	0.181076
1.2101	0.682901	0.185757
1.2201	0.671752	0.190593
1.2301	0.660875	0.196275
1.2401	0.650259	0.201521
1.2501	0.639898	0.20667
1.2601	0.629782	0.211644
1.2701	0.619904	0.217199
1.2801	0.610256	0.223118
1.2901	0.600832	0.228887
1.3001	0.591625	0.235414
1.3101	0.582628	0.24189
1.3201	0.573834	0.247502
1.3301	0.565238	0.253632
1.3401	0.556834	0.260858
1.3501	0.548616	0.268151
1.3601	0.540578	0.274572
1.3701	0.532716	0.280438
1.3801	0.525024	0.286667
1.3901	0.517497	0.292942
1.4001	0.510131	0.299454
1.4101	0.502921	0.30599
1.4201	0.495864	0.313552
1.4301	0.488953	0.321756
1.4401	0.482186	0.328882
1.4501	0.475559	0.336342
1.4601	0.469067	0.343808
1.4701	0.462707	0.351221
1.4801	0.456476	0.358156
1.4901	0.45037	0.366292
1.5001	0.444385	0.374359
1.5101	0.438519	0.384598
1.5201	0.432769	0.393109
1.5301	0.42713	0.402943
1.5401	0.421602	0.412709
1.5501	0.416179	0.421327
1.5601	0.410861	0.432371
1.5701	0.405644	0.441818
1.5801	0.400526	0.452861
1.5901	0.395504	0.462252
1.6001	0.390576	0.474819
1.6101	0.38574	0.485061
1.6201	0.380992	0.495456
1.6301	0.376332	0.505861
1.6401	0.371757	0.519972
1.6501	0.367265	0.53009
1.6601	0.362854	0.544633
1.6701	0.358521	0.562496
1.6801	0.354266	0.576713
1.6901	0.350086	0.587768
1.7001	0.34598	0.608746
1.7101	0.341946	0.631282
1.7201	0.337981	0.641324
1.7301	0.334085	0.658749
1.7401	0.330257	0.668601
1.7501	0.326493	0.687363
1.7601	0.322794	0.700671
1.7701	0.319157	0.711778
1.7801	0.315581	0.725246
1.7901	0.312065	0.735298
1.8001	0.308608	0.743502
1.8101	0.305207	0.752263
1.8201	0.301863	0.760411
1.8301	0.298573	0.770533
1.8401	0.295337	0.778188
1.8501	0.292152	0.785064
1.8601	0.28902	0.791963
1.8701	0.285937	0.798674
1.8801	0.282903	0.806413
1.8901	0.279918	0.813397
1.9001	0.276979	0.820442
1.9101	0.274087	0.825595
1.9201	0.271239	0.831547
1.9301	0.268436	0.836561
1.9401	0.265676	0.841551
1.9501	0.262958	0.846853
1.9601	0.260282	0.852789
1.9701	0.257646	0.857188
1.9801	0.25505	0.861815
1.9901	0.252493	0.865981
2.0001	0.249975	0.8703
2.0101	0.247494	0.874291
2.0201	0.24505	0.878309
2.0301	0.242642	0.882005
2.0401	0.240269	0.885349
2.0501	0.23793	0.888818
2.0601	0.235626	0.892184
2.0701	0.233355	0.894922
2.0801	0.231117	0.898403
2.0901	0.228911	0.901132
2.1001	0.226736	0.904321
2.1101	0.224592	0.906974
2.1201	0.222478	0.909522
2.1301	0.220394	0.912425
2.1401	0.218339	0.914892
2.1501	0.216313	0.917403
2.1601	0.214315	0.919867
2.1701	0.212344	0.922453
2.1801	0.210401	0.924711
2.1901	0.208484	0.926878
2.2001	0.206593	0.929275
2.2101	0.204727	0.931385
2.2201	0.202887	0.933626
2.2301	0.201072	0.93584
2.2401	0.199281	0.93791
2.2501	0.197513	0.939926
2.2601	0.195769	0.941756
2.2701	0.194048	0.943791
2.2801	0.19235	0.945776
2.2901	0.190674	0.947526
2.3001	0.189019	0.949279
2.3101	0.187387	0.951144
2.3201	0.185775	0.952917
2.3301	0.184184	0.954798
2.3401	0.182613	0.956505
2.3501	0.181062	0.958198
2.3601	0.179531	0.959741
2.3701	0.178019	0.961169
2.3801	0.176526	0.962629
2.3901	0.175052	0.964159
2.4001	0.173597	0.96557
2.4101	0.172159	0.96706
2.4201	0.170739	0.968462
2.4301	0.169337	0.969737
2.4401	0.167952	0.971239
2.4501	0.166584	0.972595
2.4601	0.165232	0.973893
2.4701	0.163897	0.975115
2.4801	0.162578	0.976349
2.4901	0.161275	0.977523
2.5001	0.159987	0.978613
2.5101	0.158715	0.979899
2.5201	0.157458	0.981239
2.5301	0.156216	0.982386
2.5401	0.154988	0.983476
2.5501	0.153775	0.984663
2.5601	0.152576	0.985783
2.5701	0.151391	0.986801
2.5801	0.15022	0.987826
2.5901	0.149062	0.988937
2.6001	0.147918	0.989975
2.6101	0.146786	0.99109
2.6201	0.145668	0.991997
2.6301	0.144562	0.99301
2.6401	0.143469	0.993942
2.6501	0.142389	0.994953
2.6601	0.14132	0.995834
2.6701	0.140264	0.996721
2.6801	0.139219	0.997572
2.6901	0.138186	0.99845
2.7001	0.137164	0.999209
2.7101	0.136154	0.999968
2.7201	0.135154	1.00085
2.7301	0.134166	1.00163
2.7401	0.133189	1.00246
2.7501	0.132222	1.00328
2.7601	0.131265	1.00409
2.7701	0.130319	1.00487
2.7801	0.129384	1.00559
2.7901	0.128458	1.0064
2.8001	0.127542	1.00711
2.8101	0.126636	1.00782
2.8201	0.125739	1.00853
2.8301	0.124852	1.00922
2.8401	0.123975	1.00988
2.8501	0.123106	1.01059
2.8601	0.122247	1.01123
2.8701	0.121396	1.01187
2.8801	0.120555	1.0125
2.8901	0.119722	1.01316
2.9001	0.118898	1.01382
2.9101	0.118082	1.0144
2.9201	0.117275	1.015
2.9301	0.116476	1.01561
2.9401	0.115685	1.01619
2.9501	0.114902	1.01676
2.9601	0.114127	1.01734
2.9701	0.113359	1.01787
2.9801	0.1126	1.01839
2.9901	0.111848	1.01895
3.0001	0.111104	1.01948
3.0101	0.110367	1.02006
3.0201	0.109637	1.02063
3.0301	0.108915	1.02114
3.0401	0.108199	1.02165
3.0501	0.107491	1.0222
3.0601	0.10679	1.02273
3.0701	0.106095	1.02324
3.0801	0.105407	1.02369
3.0901	0.104726	1.0242
3.1001	0.104052	1.02473
3.1101	0.103384	1.0252
3.1201	0.102722	1.0257
3.1301	0.102067	1.02616
3.1401	0.101418	1.02666
3.1501	0.100775	1.02709
3.1601	0.100138	1.02756
3.1701	0.0995071	1.02801
3.1801	0.0988823	1.02846
3.1901	0.0982633	1.02889
3.2001	0.0976501	1.0293
3.2101	0.0970427	1.02969
3.2201	0.0964409	1.0301
3.2301	0.0958447	1.03051
3.2401	0.095254	1.03089
3.2501	0.0946687	1.03128
3.2601	0.0940888	1.03169
3.2701	0.0935143	1.03207
3.2801	0.092945	1.03246
3.2901	0.0923808	1.03283
3.3001	0.0918218	1.03325
3.3101	0.0912678	1.03362
3.3201	0.0907189	1.03402
3.3301	0.0901749	1.0344
3.3401	0.0896357	1.03478
3.3501	0.0891014	1.03513
3.3601	0.0885718	1.0355
3.3701	0.088047	1.03584
3.3801	0.0875268	1.03618
3.3901	0.0870112	1.03655
3.4001	0.0865001	1.03686
3.4101	0.0859935	1.03722
3.4201	0.0854914	1.03757
3.4301	0.0849936	1.0379
3.4401	0.0845002	1.03822
3.4501	0.0840111	1.03855
3.4601	0.0835262	1.03886
3.4701	0.0830455	1.03919
3.4801	0.0825689	1.0395
3.4901	0.0820964	1.0398
3.5001	0.081628	1.04011
3.5101	0.0811635	1.04041
3.5201	0.0807031	1.04071
3.5301	0.0802465	1.04103
3.5401	0.0797938	1.04131
3.5501	0.0793449	1.04161
3.5601	0.0788997	1.04188
3.5701	0.0784584	1.04218
3.5801	0.0780207	1.04247
3.5901	0.0775866	1.04273
3.6001	0.0771562	1.043
3.6101	0.0767294	1.04326
3.6201	0.076306	1.04354
3.6301	0.0758862	1.04381
3.6401	0.0754698	1.04408
3.6501	0.0750569	1.04432
3.6601	0.0746473	1.04459
3.6701	0.0742411	1.04484
3.6801	0.0738381	1.04511
3.6901	0.0734385	1.04535
3.7001	0.0730421	1.0456
3.7101	0.0726489	1.04584
3.7201	0.0722588	1.04607
3.7301	0.0718719	1.04632
3.7401	0.0714881	1.04656
3.7501	0.0711073	1.04681
3.7601	0.0707296	1.04704
3.7701	0.0703549	1.04727
3.7801	0.0699831	1.04749
3.7901	0.0696143	1.04769
3.8001	0.0692484	1.04791
3.8101	0.0688854	1.04812
3.8201	0.0685252	1.04832
3.8301	0.0681679	1.04853
3.8401	0.0678133	1.04874
3.8501	0.0674615	1.04895
3.8601	0.0671124	1.04918
3.8701	0.066766	1.04939
3.8801	0.0664223	1.0496
3.8901	0.0660813	1.04981
3.9001	0.0657428	1.05
3.9101	0.065407	1.05022
3.9201	0.0650737	1.05042
3.9301	0.064743	1.05062
3.9401	0.0644148	1.05082
3.9501	0.064089	1.05101
3.9601	0.0637658	1.05121
3.9701	0.063445	1.05141
3.9801	0.0631265	1.0516
3.9901	0.0628105	1.05179
4.0001	0.0624969	1.05198
4.0101	0.0621856	1.05217
4.0201	0.0618766	1.05234
4.0301	0.0615699	1.05251
4.0401	0.0612655	1.05269
4.0501	0.0609633	1.05287
4.0601	0.0606634	1.05302
4.0701	0.0603656	1.05319
4.0801	0.0600701	1.05336
4.0901	0.0597767	1.05351
4.1001	0.0594855	1.05369
4.1101	0.0591964	1.05386
4.1201	0.0589094	1.05403
4.1301	0.0586245	1.0542
4.1401	0.0583416	1.05437
4.1501	0.0580608	1.05454
4.1601	0.057782	1.0547
4.1701	0.0575052	1.05488
4.1801	0.0572304	1.05504
4.1901	0.0569575	1.05519
4.2001	0.0566866	1.05534
4.2101	0.0564177	1.0555
4.2201	0.0561506	1.05566
4.2301	0.0558854	1.05581
4.2401	0.0556222	1.05595
4.2501	0.0553607	1.05609
4.2601	0.0551011	1.05624
4.2701	0.0548433	1.05639
4.2801	0.0545874	1.05654
4.2901	0.0543332	1.05669
4.3001	0.0540808	1.05684
4.3101	0.0538301	1.05699
4.3201	0.0535812	1.05713
4.3301	0.053334	1.05726
4.3401	0.0530885	1.0574
4.3501	0.0528447	1.05754
4.3601	0.0526026	1.05768
4.3701	0.0523621	1.05781
4.3801	0.0521233	1.05795
4.3901	0.0518861	1.05808
4.4001	0.0516505	1.05821
4.4101	0.0514166	1.05835
4.4201	0.0511842	1.05846
4.4301	0.0509534	1.05859
4.4401	0.0507241	1.0587
4.4501	0.0504964	1.05884
4.4601	0.0502702	1.05895
4.4701	0.0500456	1.05907
4.4801	0.0498224	1.05921
4.4901	0.0496007	1.05933
4.5001	0.0493805	1.05945
4.5101	0.0491618	1.05958
4.5201	0.0489445	1.0597
4.5301	0.0487287	1.05981
4.5401	0.0485142	1.05993
4.5501	0.0483012	1.06004
4.5601	0.0480896	1.06015
4.5701	0.0478794	1.06026
4.5801	0.0476705	1.06037
4.5901	0.0474631	1.06048
4.6001	0.0472569	1.06059
4.6101	0.0470521	1.06071
4.6201	0.0468487	1.06081
4.6301	0.0466465	1.06092
4.6401	0.0464457	1.06104
4.6501	0.0462461	1.06115
4.6601	0.0460479	1.06126
4.6701	0.0458509	1.06137
4.6801	0.0456551	1.06148
4.6901	0.0454607	1.06158
4.7001	0.0452674	1.06169
4.7101	0.0450754	1.0618
4.7201	0.0448846	1.06191
4.7301	0.044695	1.062
4.7401	0.0445067	1.06212
4.7501	0.0443195	1.06221
4.7601	0.0441334	1.06232
4.7701	0.0439486	1.06242
4.7801	0.0437649	1.06253
4.7901	0.0435824	1.06264
4.8001	0.043401	1.06274
4.8101	0.0432207	1.06283
4.8201	0.0430416	1.06293
4.8301	0.0428635	1.06302
4.8401	0.0426866	1.06312
4.8501	0.0425107	1.06321
4.8601	0.042336	1.06331
4.8701	0.0421623	1.06341
4.8801	0.0419897	1.06351
4.8901	0.0418181	1.0636
4.9001	0.0416476	1.06369
4.9101	0.0414781	1.06379
4.9201	0.0413097	1.06388
4.9301	0.0411423	1.06396
4.9401	0.0409759	1.06405
4.9501	0.0408105	1.06414
4.9601	0.0406461	1.06422
4.9701	0.0404827	1.0643
4.9801	0.0403203	1.06439
4.9901	0.0401589	1.06447
5.0001	0.0399984	1.06455
5.0101	0.0398389	1.06464
5.0201	0.0396803	1.06473
5.0301	0.0395227	1.0648
5.0401	0.039366	1.06489
5.0501	0.0392103	1.06497
5.0601	0.0390555	1.06506
5.0701	0.0389016	1.06513
5.0801	0.0387486	1.06521
5.0901	0.0385965	1.06529
5.1001	0.0384452	1.06537
5.1101	0.0382949	1.06545
5.1201	0.0381455	1.06553
5.1301	0.0379969	1.06561
5.1401	0.0378492	1.06569
5.1501	0.0377024	1.06576
5.1601	0.0375564	1.06584
5.1701	0.0374112	1.06591
5.1801	0.0372669	1.06599
5.1901	0.0371235	1.06606
5.2001	0.0369808	1.06614
5.2101	0.036839	1.06621
5.2201	0.036698	1.06629
5.2301	0.0365578	1.06636
5.2401	0.0364184	1.06643
5.2501	0.0362798	1.0665
5.2601	0.036142	1.06658
5.2701	0.036005	1.06665
5.2801	0.0358687	1.06672
5.2901	0.0357332	1.06679
5.3001	0.0355985	1.06686
5.3101	0.0354646	1.06694
5.3201	0.0353314	1.067
5.3301	0.0351989	1.06707
5.3401	0.0350672	1.06714
5.3501	0.0349362	1.06721
5.3601	0.034806	1.06728
5.3701	0.0346765	1.06734
5.3801	0.0345477	1.06741
5.3901	0.0344196	1.06748
5.4001	0.0342923	1.06754
5.4101	0.0341656	1.06761
5.4201	0.0340397	1.06767
5.4301	0.0339144	1.06774
5.4401	0.0337898	1.06781
5.4501	0.033666	1.06787
5.4601	0.0335428	1.06793
5.4701	0.0334202	1.06799
5.4801	0.0332984	1.06805
5.4901	0.0331772	1.06811
5.5001	0.0330566	1.06817
5.5101	0.0329368	1.06823
5.5201	0.0328175	1.06829
5.5301	0.032699	1.06836
5.5401	0.032581	1.06842
5.5501	0.0324637	1.06848
5.5601	0.0323471	1.06854
5.5701	0.032231	1.0686
5.5801	0.0321156	1.06866
5.5901	0.0320008	1.06872
5.6001	0.0318866	1.06878
5.6101	0.031773	1.06884
5.6201	0.0316601	1.06889
5.6301	0.0315477	1.06895
5.6401	0.0314359	1.06901
5.6501	0.0313248	1.06907
5.6601	0.0312142	1.06912
5.6701	0.0311042	1.06918
5.6801	0.0309947	1.06923
5.6901	0.0308859	1.06928
5.7001	0.0307776	1.06934
5.7101	0.0306699	1.06939
5.7201	0.0305628	1.06945
5.7301	0.0304562	1.06951
5.7401	0.0303502	1.06955
5.7501	0.0302447	1.06961
5.7601	0.0301398	1.06966
5.7701	0.0300354	1.06971
5.7801	0.0299316	1.06977
5.7901	0.0298283	1.06982
5.8001	0.0297255	1.06988
5.8101	0.0296233	1.06993
5.8201	0.0295215	1.06998
5.8301	0.0294204	1.07003
5.8401	0.0293197	1.07008
5.8501	0.0292195	1.07014
5.8601	0.0291199	1.07019
5.8701	0.0290208	1.07024
5.8801	0.0289222	1.07029
5.8901	0.028824	1.07034
5.9001	0.0287264	1.07039
5.9101	0.0286293	1.07044
5.9201	0.0285326	1.07049
5.9301	0.0284365	1.07054
5.9401	0.0283408	1.07059
5.9501	0.0282456	1.07064
5.9601	0.0281509	1.07069
5.9701	0.0280567	1.07073
5.9801	0.027963	1.07078
5.9901	0.0278697	1.07083
6.0001	0.0277769	1.07088
6.0101	0.0276845	1.07092
6.0201	0.0275926	1.07096
6.0301	0.0275012	1.07101
6.0401	0.0274102	1.07106
6.0501	0.0273196	1.0711
6.0601	0.0272295	1.07114
6.0701	0.0271399	1.07118
6.0801	0.0270507	1.07123
6.0901	0.0269619	1.07128
6.1001	0.0268736	1.07132
6.1101	0.0267857	1.07136
6.1201	0.0266983	1.07141
6.1301	0.0266112	1.07145
6.1401	0.0265246	1.07149
6.1501	0.0264384	1.07154
6.1601	0.0263527	1.07158
6.1701	0.0262673	1.07163
6.1801	0.0261824	1.07167
6.1901	0.0260978	1.07171
6.2001	0.0260137	1.07175
6.2101	0.02593	1.0718
6.2201	0.0258467	1.07184
6.2301	0.0257638	1.07188
6.2401	0.0256813	1.07192
6.2501	0.0255992	1.07196
6.2601	0.0255175	1.072
6.2701	0.0254361	1.07204
6.2801	0.0253552	1.07208
6.2901	0.0252746	1.07212
6.3001	0.0251945	1.07216
6.3101	0.0251147	1.0722
6.3201	0.0250353	1.07224
6.3301	0.0249562	1.07228
6.3401	0.0248776	1.07232
6.3501	0.0247993	1.07236
6.3601	0.0247213	1.0724
6.3701	0.0246438	1.07244
6.3801	0.0245666	1.07248
6.3901	0.0244898	1.07252
6.4001	0.0244133	1.07256
6.4101	0.0243372	1.0726
6.4201	0.0242614	1.07263
6.4301	0.024186	1.07267
6.4401	0.024111	1.07271
6.4501	0.0240363	1.07275
6.4601	0.0239619	1.07278
6.4701	0.0238879	1.07282
6.4801	0.0238142	1.07286
6.4901	0.0237409	1.07289
6.5001	0.0236679	1.07293
6.5101	0.0235953	1.07297
6.5201	0.0235229	1.073
6.5301	0.0234509	1.07304
6.5401	0.0233793	1.07308
6.5501	0.023308	1.07311
6.5601	0.0232369	1.07315
6.5701	0.0231663	1.07318
6.5801	0.0230959	1.07322
6.5901	0.0230259	1.07325
6.6001	0.0229561	1.07328
6.6101	0.0228867	1.07332
6.6201	0.0228176	1.07335
6.6301	0.0227489	1.07339
6.6401	0.0226804	1.07342
6.6501	0.0226122	1.07345
6.6601	0.0225444	1.07348
6.6701	0.0224768	1.07352
6.6801	0.0224096	1.07355
6.6901	0.0223427	1.07358
6.7001	0.022276	1.07361
6.7101	0.0222097	1.07365
6.7201	0.0221436	1.07368
6.7301	0.0220779	1.07371
6.7401	0.0220124	1.07375
6.7501	0.0219472	1.07378
6.7601	0.0218823	1.07381
6.7701	0.0218177	1.07384
6.7801	0.0217534	1.07388
6.7901	0.0216894	1.07391
6.8001	0.0216257	1.07394
6.8101	0.0215622	1.07397
6.8201	0.021499	1.074
6.8301	0.0214361	1.07403
6.8401	0.0213735	1.07406
6.8501	0.0213111	1.0741
6.8601	0.021249	1.07413
6.8701	0.0211872	1.07416
6.8801	0.0211257	1.07419
6.8901	0.0210644	1.07422
6.9001	0.0210034	1.07425
6.9101	0.0209426	1.07428
6.9201	0.0208822	1.0743
6.9301	0.0208219	1.07434
6.9401	0.020762	1.07436
6.9501	0.0207023	1.07439
6.9601	0.0206428	1.07442
6.9701	0.0205836	1.07445
6.9801	0.0205247	1.07448
6.9901	0.020466	1.07451
7.0001	0.0204076	1.07453
7.0101	0.0203494	1.07456
7.0201	0.0202915	1.07459
7.0301	0.0202338	1.07462
7.0401	0.0201763	1.07465
7.0501	0.0201191	1.07467
7.0601	0.0200622	1.0747
7.0701	0.0200055	1.07473
7.0801	0.019949	1.07475
7.0901	0.0198928	1.07478
7.1001	0.0198368	1.07481
7.1101	0.019781	1.07484
7.1201	0.0197255	1.07487
7.1301	0.0196702	1.07489
7.1401	0.0196151	1.07492
7.1501	0.0195603	1.07495
7.1601	0.0195057	1.07498
7.1701	0.0194513	1.075
7.1801	0.0193972	1.07503
7.1901	0.0193433	1.07505
7.2001	0.0192896	1.07508
7.2101	0.0192361	1.07511
7.2201	0.0191829	1.07513
7.2301	0.0191298	1.07516
7.2401	0.019077	1.07518
7.2501	0.0190244	1.07521
7.2601	0.0189721	1.07524
7.2701	0.0189199	1.07526
7.2801	0.018868	1.07528
7.2901	0.0188162	1.07531
7.3001	0.0187647	1.07533
7.3101	0.0187134	1.07536
7.3201	0.0186623	1.07538
7.3301	0.0186114	1.07541
7.3401	0.0185608	1.07543
7.3501	0.0185103	1.07546
7.3601	0.01846	1.07548
7.3701	0.01841	1.0755
7.3801	0.0183601	1.07553
7.3901	0.0183105	1.07555
7.4001	0.018261	1.07558
7.4101	0.0182118	1.0756
7.4201	0.0181627	1.07562
7.4301	0.0181138	1.07565
7.4401	0.0180652	1.07567
7.4501	0.0180167	1.07569
7.4601	0.0179685	1.07572
7.4701	0.0179204	1.07574
7.4801	0.0178725	1.07576
7.4901	0.0178248	1.07579
7.5001	0.0177773	1.07581
7.5101	0.01773	1.07583
7.5201	0.0176829	1.07586
7.5301	0.0176359	1.07588
7.5401	0.0175892	1.0759
7.5501	0.0175426	1.07592
7.5601	0.0174962	1.07595
7.5701	0.0174501	1.07597
7.5801	0.017404	1.07599
7.5901	0.0173582	1.07601
7.6001	0.0173126	1.07603
7.6101	0.0172671	1.07605
7.6201	0.0172218	1.07607
7.6301	0.0171767	1.07609
7.6401	0.0171318	1.07611
7.6501	0.017087	1.07614
7.6601	0.0170424	1.07616
7.6701	0.016998	1.07618
7.6801	0.0169538	1.0762
7.6901	0.0169097	1.07622
7.7001	0.0168658	1.07625
7.7101	0.0168221	1.07627
7.7201	0.0167785	1.07629
7.7301	0.0167352	1.07631
7.7401	0.0166919	1.07633
7.7501	0.0166489	1.07635
7.7601	0.016606	1.07637
7.7701	0.0165633	1.07639
7.7801	0.0165207	1.07641
7.7901	0.0164784	1.07643
7.8001	0.0164361	1.07645
7.8101	0.0163941	1.07647
7.8201	0.0163522	1.07649
7.8301	0.0163104	1.07651
7.8401	0.0162688	1.07653
7.8501	0.0162274	1.07655
7.8601	0.0161862	1.07657
7.8701	0.0161451	1.07659
7.8801	0.0161041	1.07661
7.8901	0.0160633	1.07663
7.9001	0.0160227	1.07665
7.9101	0.0159822	1.07667
7.9201	0.0159418	1.07669
7.9301	0.0159017	1.0767
7.9401	0.0158616	1.07672
7.9501	0.0158218	1.07675
7.9601	0.015782	1.07676
7.9701	0.0157425	1.07678
7.9801	0.015703	1.0768
7.9901	0.0156637	1.07682
8.0001	0.0156246	1.07684
8.0101	0.0155856	1.07686
8.0201	0.0155468	1.07688
8.0301	0.0155081	1.07689
8.0401	0.0154695	1.07691
8.0501	0.0154311	1.07693
8.0601	0.0153929	1.07695
8.0701	0.0153547	1.07697
8.0801	0.0153167	1.07699
8.0901	0.0152789	1.077
8.1001	0.0152412	1.07702
8.1101	0.0152036	1.07704
8.1201	0.0151662	1.07706
8.1301	0.0151289	1.07708
8.1401	0.0150918	1.07709
8.1501	0.0150548	1.07711
8.1601	0.0150179	1.07713
8.1701	0.0149812	1.07715
8.1801	0.0149445	1.07716
8.1901	0.0149081	1.07718
8.2001	0.0148717	1.0772
8.2101	0.0148355	1.07722
8.2201	0.0147995	1.07723
8.2301	0.0147635	1.07725
8.2401	0.0147277	1.07727
8.2501	0.014692	1.07728
8.2601	0.0146565	1.0773
8.2701	0.014621	1.07732
8.2801	0.0145858	1.07733
8.2901	0.0145506	1.07735
8.3001	0.0145155	1.07736
8.3101	0.0144806	1.07738
8.3201	0.0144458	1.0774
8.3301	0.0144112	1.07741
8.3401	0.0143766	1.07743
8.3501	0.0143422	1.07745
8.3601	0.0143079	1.07746
8.3701	0.0142738	1.07748
8.3801	0.0142397	1.07749
8.3901	0.0142058	1.07751
8.4001	0.014172	1.07752
8.4101	0.0141383	1.07754
8.4201	0.0141048	1.07756
8.4301	0.0140713	1.07757
8.4401	0.014038	1.07759
8.4501	0.0140048	1.0776
8.4601	0.0139717	1.07762
8.4701	0.0139387	1.07764
8.4801	0.0139059	1.07765
8.4901	0.0138731	1.07767
8.5001	0.0138405	1.07768
8.5101	0.013808	1.0777
8.5201	0.0137756	1.07771
8.5301	0.0137433	1.07773
8.5401	0.0137112	1.07774
8.5501	0.0136791	1.07776
8.5601	0.0136472	1.07777
8.5701	0.0136153	1.07779
8.5801	0.0135836	1.0778
8.5901	0.013552	1.07782
8.6001	0.0135205	1.07783
8.6101	0.0134891	1.07785
8.6201	0.0134578	1.07786
8.6301	0.0134267	1.07788
8.6401	0.0133956	1.07789
8.6501	0.0133647	1.07791
8.6601	0.0133338	1.07792
8.6701	0.0133031	1.07794
8.6801	0.0132724	1.07795
8.6901	0.0132419	1.07797
8.7001	0.0132115	1.07798
8.7101	0.0131812	1.078
8.7201	0.0131509	1.07801
8.7301	0.0131208	1.07802
8.7401	0.0130908	1.07804
8.7501	0.0130609	1.07805
8.7601	0.0130311	1.07807
8.7701	0.0130014	1.07808
8.7801	0.0129718	1.0781
8.7901	0.0129423	1.07811
8.8001	0.0129129	1.07812
8.8101	0.0128836	1.07814
8.8201	0.0128544	1.07815
8.8301	0.0128253	1.07817
8.8401	0.0127963	1.07818
8.8501	0.0127674	1.07819
8.8601	0.0127386	1.07821
8.8701	0.0127099	1.07822
8.8801	0.0126813	1.07823
8.8901	0.0126528	1.07825
8.9001	0.0126244	1.07826
8.9101	0.0125961	1.07828
8.9201	0.0125678	1.07829
8.9301	0.0125397	1.0783
8.9401	0.0125117	1.07832
8.9501	0.0124837	1.07833
8.9601	0.0124559	1.07834
8.9701	0.0124281	1.07835
8.9801	0.0124005	1.07837
8.9901	0.0123729	1.07838
9.0001	0.0123454	1.07839
9.0101	0.012318	1.07841
9.0201	0.0122907	1.07842
9.0301	0.0122635	1.07843
9.0401	0.0122364	1.07844
9.0501	0.0122094	1.07846
9.0601	0.0121824	1.07847
9.0701	0.0121556	1.07848
9.0801	0.0121288	1.07849
9.0901	0.0121022	1.0785
9.1001	0.0120756	1.07852
9.1101	0.0120491	1.07853
9.1201	0.0120227	1.07854
9.1301	0.0119963	1.07856
9.1401	0.0119701	1.07857
9.1501	0.011944	1.07858
9.1601	0.0119179	1.07859
9.1701	0.0118919	1.07861
9.1801	0.011866	1.07862
9.1901	0.0118402	1.07863
9.2001	0.0118145	1.07864
9.2101	0.0117888	1.07866
9.2201	0.0117633	1.07867
9.2301	0.0117378	1.07868
9.2401	0.0117124	1.07869
9.2501	0.0116871	1.0787
9.2601	0.0116619	1.07871
9.2701	0.0116367	1.07873
9.2801	0.0116117	1.07874
9.2901	0.0115867	1.07875
9.3001	0.0115618	1.07876
9.3101	0.011537	1.07877
9.3201	0.0115122	1.07878
9.3301	0.0114875	1.0788
9.3401	0.011463	1.07881
9.3501	0.0114385	1.07882
9.3601	0.011414	1.07883
9.3701	0.0113897	1.07884
9.3801	0.0113654	1.07885
9.3901	0.0113412	1.07887
9.4001	0.0113171	1.07888
9.4101	0.0112931	1.07889
9.4201	0.0112691	1.0789
9.4301	0.0112452	1.07891
9.4401	0.0112214	1.07892
9.4501	0.0111977	1.07893
9.4601	0.011174	1.07894
9.4701	0.0111504	1.07895
9.4801	0.0111269	1.07897
9.4901	0.0111035	1.07898
9.5001	0.0110801	1.07899
9.5101	0.0110568	1.079
9.5201	0.0110336	1.07901
9.5301	0.0110105	1.07902
9.5401	0.0109874	1.07903
9.5501	0.0109644	1.07904
9.5601	0.0109415	1.07905
9.5701	0.0109186	1.07906
9.5801	0.0108958	1.07907
9.5901	0.0108731	1.07908
9.6001	0.0108505	1.07909
9.6101	0.0108279	1.0791
9.6201	0.0108054	1.07911
9.6301	0.010783	1.07913
9.6401	0.0107606	1.07914
9.6501	0.0107383	1.07915
9.6601	0.0107161	1.07916
9.6701	0.0106939	1.07917
9.6801	0.0106719	1.07918
9.6901	0.0106498	1.07919
9.7001	0.0106279	1.0792
9.7101	0.010606	1.07921
9.7201	0.0105842	1.07922
9.7301	0.0105625	1.07923
9.7401	0.0105408	1.07924
9.7501	0.0105192	1.07925
9.7601	0.0104976	1.07926
9.7701	0.0104762	1.07927
9.7801	0.0104547	1.07928
9.7901	0.0104334	1.07929
9.8001	0.0104121	1.0793
9.8101	0.0103909	1.0793
9.8201	0.0103697	1.07931
9.8301	0.0103487	1.07933
9.8401	0.0103276	1.07934
9.8501	0.0103067	1.07934
9.8601	0.0102858	1.07935
9.8701	0.010265	1.07936
9.8801	0.0102442	1.07937
9.8901	0.0102235	1.07938
9.9001	0.0102028	1.07939
9.9101	0.0101823	1.0794
9.9201	0.0101617	1.07941
9.9301	0.0101413	1.07942
9.9401	0.0101209	1.07943
9.9501	0.0101006	1.07944
9.9601	0.0100803	1.07945
9.9701	0.0100601	1.07946
9.9801	0.0100399	1.07947
9.9901	0.0100198	1.07948
10.0001	0.0099998	1.07949
10.0101	0.00997983	1.0795
10.0201	0.00995992	1.07951
10.0301	0.00994007	1.07951
10.0401	0.00992028	1.07952
10.0501	0.00990055	1.07953
10.0601	0.00988087	1.07954
10.0701	0.00986126	1.07955
10.0801	0.0098417	1.07956
10.0901	0.00982221	1.07957
10.1001	0.00980277	1.07958
10.1101	0.00978338	1.07959
10.1201	0.00976406	1.0796
10.1301	0.00974479	1.07961
10.1401	0.00972558	1.07962
10.1501	0.00970643	1.07962
10.1601	0.00968733	1.07963
10.1701	0.00966829	1.07964
10.1801	0.0096493	1.07965
10.1901	0.00963037	1.07966
10.2001	0.0096115	1.07967
10.2101	0.00959268	1.07968
10.2201	0.00957392	1.07968
10.2301	0.00955521	1.07969
10.2401	0.00953656	1.0797
10.2501	0.00951796	1.07971
10.2601	0.00949941	1.07972
10.2701	0.00948092	1.07973
10.2801	0.00946249	1.07974
10.2901	0.00944411	1.07974
10.3001	0.00942578	1.07975
10.3101	0.0094075	1.07976
10.3201	0.00938928	1.07977
10.3301	0.00937111	1.07978
10.3401	0.00935299	1.07978
10.3501	0.00933493	1.07979
10.3601	0.00931691	1.0798
10.3701	0.00929895	1.07981
10.3801	0.00928105	1.07982
10.3901	0.00926319	1.07983
10.4001	0.00924538	1.07984
10.4101	0.00922763	1.07984
10.4201	0.00920993	1.07985
10.4301	0.00919228	1.07986
10.4401	0.00917467	1.07987
10.4501	0.00915712	1.07988
10.4601	0.00913962	1.07988
10.4701	0.00912217	1.07989
10.4801	0.00910477	1.0799
10.4901	0.00908742	1.07991
10.5001	0.00907012	1.07992
10.5101	0.00905287	1.07993
10.5201	0.00903567	1.07993
10.5301	0.00901851	1.07994
10.5401	0.00900141	1.07995
10.5501	0.00898435	1.07996
10.5601	0.00896735	1.07996
10.5701	0.00895039	1.07997
10.5801	0.00893348	1.07998
10.5901	0.00891661	1.07999
10.6001	0.0088998	1.08
10.6101	0.00888303	1.08
10.6201	0.00886631	1.08001
10.6301	0.00884963	1.08002
10.6401	0.00883301	1.08003
10.6501	0.00881643	1.08003
10.6601	0.00879989	1.08004
10.6701	0.00878341	1.08005
10.6801	0.00876697	1.08006
10.6901	0.00875057	1.08007
10.7001	0.00873422	1.08007
10.7101	0.00871792	1.08008
10.7201	0.00870166	1.08009
10.7301	0.00868545	1.0801
10.7401	0.00866929	1.0801
10.7501	0.00865317	1.08011
10.7601	0.00863709	1.08012
10.7701	0.00862106	1.08012
10.7801	0.00860507	1.08013
10.7901	0.00858913	1.08014
10.8001	0.00857323	1.08015
10.8101	0.00855738	1.08016
10.8201	0.00854157	1.08016
10.8301	0.0085258	1.08017
10.8401	0.00851008	1.08018
10.8501	0.0084944	1.08019
10.8601	0.00847876	1.08019
10.8701	0.00846317	1.0802
10.8801	0.00844762	1.08021
10.8901	0.00843211	1.08022
10.9001	0.00841665	1.08022
10.9101	0.00840122	1.08023
10.9201	0.00838584	1.08024
10.9301	0.00837051	1.08024
10.9401	0.00835521	1.08025
10.9501	0.00833996	1.08026
10.9601	0.00832475	1.08027
10.9701	0.00830958	1.08027
10.9801	0.00829445	1.08028
10.9901	0.00827936	1.08029
11.0001	0.00826431	1.08029
11.0101	0.00824931	1.0803
11.0201	0.00823434	1.08031
11.0301	0.00821942	1.08031
11.0401	0.00820454	1.08032
11.0501	0.00818969	1.08033
11.0601	0.00817489	1.08033
11.0701	0.00816013	1.08034
11.0801	0.0081454	1.08035
11.0901	0.00813072	1.08035
11.1001	0.00811608	1.08036
11.1101	0.00810147	1.08037
11.1201	0.00808691	1.08037
11.1301	0.00807239	1.08038
11.1401	0.0080579	1.08039
11.1501	0.00804345	1.08039
11.1601	0.00802904	1.0804
11.1701	0.00801467	1.08041
11.1801	0.00800034	1.08041
11.1901	0.00798605	1.08042
11.2001	0.0079718	1.08043
11.2101	0.00795758	1.08043
11.2201	0.0079434	1.08044
11.2301	0.00792926	1.08044
11.2401	0.00791516	1.08045
11.2501	0.00790109	1.08046
11.2601	0.00788707	1.08046
11.2701	0.00787308	1.08047
11.2801	0.00785912	1.08048
11.2901	0.00784521	1.08048
11.3001	0.00783133	1.08049
11.3101	0.00781749	1.0805
11.3201	0.00780368	1.0805
11.3301	0.00778991	1.08051
11.3401	0.00777618	1.08052
11.3501	0.00776248	1.08052
11.3601	0.00774882	1.08053
11.3701	0.0077352	1.08053
11.3801	0.00772161	1.08054
11.3901	0.00770806	1.08055
11.4001	0.00769454	1.08055
11.4101	0.00768106	1.08056
11.4201	0.00766761	1.08057
11.4301	0.0076542	1.08057
11.4401	0.00764083	1.08058
11.4501	0.00762749	1.08058
11.4601	0.00761418	1.08059
11.4701	0.00760091	1.0806
11.4801	0.00758767	1.0806
11.4901	0.00757447	1.08061
11.5001	0.00756131	1.08061
11.5101	0.00754817	1.08062
11.5201	0.00753507	1.08063
11.5301	0.00752201	1.08063
11.5401	0.00750898	1.08064
11.5501	0.00749598	1.08065
11.5601	0.00748302	1.08065
11.5701	0.00747009	1.08066
11.5801	0.00745719	1.08066
11.5901	0.00744433	1.08067
11.6001	0.0074315	1.08068
11.6101	0.0074187	1.08068
11.6201	0.00740594	1.08069
11.6301	0.00739321	1.08069
11.6401	0.00738051	1.0807
11.6501	0.00736785	1.0807
11.6601	0.00735522	1.08071
11.6701	0.00734262	1.08072
11.6801	0.00733005	1.08072
11.6901	0.00731751	1.08073
11.7001	0.00730501	1.08073
11.7101	0.00729254	1.08074
11.7201	0.0072801	1.08075
11.7301	0.00726769	1.08075
11.7401	0.00725532	1.08076
11.7501	0.00724297	1.08076
11.7601	0.00723066	1.08077
11.7701	0.00721838	1.08077
11.7801	0.00720613	1.08078
11.7901	0.00719391	1.08079
11.8001	0.00718172	1.08079
11.8101	0.00716957	1.0808
11.8201	0.00715744	1.0808
11.8301	0.00714534	1.08081
11.8401	0.00713328	1.08081
11.8501	0.00712125	1.08082
11.8601	0.00710924	1.08082
11.8701	0.00709727	1.08083
11.8801	0.00708533	1.08084
11.8901	0.00707341	1.08084
11.9001	0.00706153	1.08085
11.9101	0.00704968	1.08085
11.9201	0.00703785	1.08086
11.9301	0.00702606	1.08086
11.9401	0.0070143	1.08087
11.9501	0.00700256	1.08087
11.9601	0.00699086	1.08088
11.9701	0.00697918	1.08088
11.9801	0.00696753	1.08089
11.9901	0.00695592	1.08089
12.0001	0.00694433	1.0809
12.0101	0.00693277	1.08091
12.0201	0.00692124	1.08091
12.0301	0.00690974	1.08092
12.0401	0.00689826	1.08092
12.0501	0.00688682	1.08093
12.0601	0.0068754	1.08093
12.0701	0.00686402	1.08094
12.0801	0.00685266	1.08094
12.0901	0.00684132	1.08095
12.1001	0.00683002	1.08095
12.1101	0.00681875	1.08096
12.1201	0.0068075	1.08096
12.1301	0.00679628	1.08097
12.1401	0.00678509	1.08097
12.1501	0.00677392	1.08098
12.1601	0.00676279	1.08098
12.1701	0.00675168	1.08099
12.1801	0.0067406	1.08099
12.1901	0.00672954	1.081
12.2001	0.00671851	1.081
12.2101	0.00670751	1.08101
12.2201	0.00669654	1.08101
12.2301	0.00668559	1.08102
12.2401	0.00667467	1.08102
12.2501	0.00666378	1.08103
12.2601	0.00665292	1.08103
12.2701	0.00664208	1.08104
12.2801	0.00663126	1.08104
12.2901	0.00662048	1.08105
12.3001	0.00660971	1.08105
12.3101	0.00659898	1.08106
12.3201	0.00658827	1.08106
12.3301	0.00657759	1.08107
12.3401	0.00656693	1.08107
12.3501	0.0065563	1.08108
12.3601	0.0065457	1.08108
12.3701	0.00653512	1.08109
12.3801	0.00652457	1.08109
12.3901	0.00651404	1.0811
12.4001	0.00650354	1.0811
12.4101	0.00649306	1.08111
12.4201	0.00648261	1.08111
12.4301	0.00647218	1.08112
12.4401	0.00646178	1.08112
12.4501	0.00645141	1.08113
12.4601	0.00644105	1.08113
12.4701	0.00643073	1.08114
12.4801	0.00642043	1.08114
12.4901	0.00641015	1.08114
12.5001	0.0063999	1.08115
12.5101	0.00638967	1.08115
12.5201	0.00637947	1.08116
12.5301	0.00636929	1.08116
12.5401	0.00635913	1.08117
12.5501	0.006349	1.08117
12.5601	0.0063389	1.08118
12.5701	0.00632882	1.08118
12.5801	0.00631876	1.08119
12.5901	0.00630873	1.08119
12.6001	0.00629872	1.0812
12.6101	0.00628873	1.0812
12.6201	0.00627877	1.08121
12.6301	0.00626883	1.08121
12.6401	0.00625891	1.08121
12.6501	0.00624902	1.08122
12.6601	0.00623915	1.08122
12.6701	0.00622931	1.08123
12.6801	0.00621949	1.08123
12.6901	0.00620969	1.08124
12.7001	0.00619991	1.08124
12.7101	0.00619016	1.08125
12.7201	0.00618043	1.08125
12.7301	0.00617073	1.08126
12.7401	0.00616104	1.08126
12.7501	0.00615138	1.08126
12.7601	0.00614175	1.08127
12.7701	0.00613213	1.08127
12.7801	0.00612254	1.08128
12.7901	0.00611297	1.08128
12.8001	0.00610342	1.08129
12.8101	0.00609389	1.08129
12.8201	0.00608439	1.08129
12.8301	0.00607491	1.0813
12.8401	0.00606545	1.0813
12.8501	0.00605602	1.08131
12.8601	0.0060466	1.08131
12.8701	0.00603721	1.08132
12.8801	0.00602784	1.08132
12.8901	0.00601849	1.08132
12.9001	0.00600916	1.08133
12.9101	0.00599986	1.08133
12.9201	0.00599057	1.08134
12.9301	0.00598131	1.08134
12.9401	0.00597207	1.08134
12.9501	0.00596285	1.08135
12.9601	0.00595365	1.08135
12.9701	0.00594447	1.08136
12.9801	0.00593532	1.08136
12.9901	0.00592618	1.08137
13.0001	0.00591707	1.08137
13.0101	0.00590798	1.08137
13.0201	0.0058989	1.08138
13.0301	0.00588985	1.08138
13.0401	0.00588082	1.08139
13.0501	0.00587181	1.08139
13.0601	0.00586283	1.08139
13.0701	0.00585386	1.0814
13.0801	0.00584491	1.0814
13.0901	0.00583598	1.08141
13.1001	0.00582708	1.08141
13.1101	0.00581819	1.08142
13.1201	0.00580933	1.08142
13.1301	0.00580048	1.08142
13.1401	0.00579165	1.08143
13.1501	0.00578285	1.08143
13.1601	0.00577406	1.08144
13.1701	0.0057653	1.08144
13.1801	0.00575655	1.08144
13.1901	0.00574783	1.08145
13.2001	0.00573912	1.08145
13.2101	0.00573044	1.08145
13.2201	0.00572177	1.08146
13.2301	0.00571313	1.08146
13.2401	0.0057045	1.08147
13.2501	0.00569589	1.08147
13.2601	0.0056873	1.08147
13.2701	0.00567874	1.08148
13.2801	0.00567019	1.08148
13.2901	0.00566166	1.08149
13.3001	0.00565315	1.08149
13.3101	0.00564465	1.08149
13.3201	0.00563618	1.0815
13.3301	0.00562773	1.0815
13.3401	0.00561929	1.08151
13.3501	0.00561088	1.08151
13.3601	0.00560248	1.08151
13.3701	0.00559411	1.08152
13.3801	0.00558575	1.08152
13.3901	0.00557741	1.08152
13.4001	0.00556909	1.08153
13.4101	0.00556078	1.08153
13.4201	0.0055525	1.08154
13.4301	0.00554423	1.08154
13.4401	0.00553599	1.08154
13.4501	0.00552776	1.08155
13.4601	0.00551955	1.08155
13.4701	0.00551135	1.08155
13.4801	0.00550318	1.08156
13.4901	0.00549502	1.08156
13.5001	0.00548689	1.08156
13.5101	0.00547877	1.08157
13.5201	0.00547067	1.08157
13.5301	0.00546258	1.08158
13.5401	0.00545452	1.08158
13.5501	0.00544647	1.08158
13.5601	0.00543844	1.08159
13.5701	0.00543043	1.08159
13.5801	0.00542243	1.08159
13.5901	0.00541445	1.0816
13.6001	0.00540649	1.0816
13.6101	0.00539855	1.0816
13.6201	0.00539063	1.08161
13.6301	0.00538272	1.08161
13.6401	0.00537483	1.08161
13.6501	0.00536696	1.08162
13.6601	0.0053591	1.08162
13.6701	0.00535127	1.08163
13.6801	0.00534345	1.08163
13.6901	0.00533564	1.08163
13.7001	0.00532786	1.08164
13.7101	0.00532009	1.08164
13.7201	0.00531233	1.08164
13.7301	0.0053046	1.08165
13.7401	0.00529688	1.08165
13.7501	0.00528918	1.08165
13.7601	0.00528149	1.08166
13.7701	0.00527383	1.08166
13.7801	0.00526617	1.08166
13.7901	0.00525854	1.08167
13.8001	0.00525092	1.08167
13.8101	0.00524332	1.08167
13.8201	0.00523573	1.08168
13.8301	0.00522817	1.08168
13.8401	0.00522061	1.08169
13.8501	0.00521308	1.08169
13.8601	0.00520556	1.08169
13.8701	0.00519805	1.0817
13.8801	0.00519057	1.0817
13.8901	0.0051831	1.0817
13.9001	0.00517564	1.08171
13.9101	0.0051682	1.08171
13.9201	0.00516078	1.08171
13.9301	0.00515337	1.08172
13.9401	0.00514598	1.08172
13.9501	0.00513861	1.08172
13.9601	0.00513125	1.08173
13.9701	0.0051239	1.08173
13.9801	0.00511658	1.08173
13.9901	0.00510926	1.08174
14.0001	0.00510197	1.08174
14.0101	0.00509469	1.08174
14.0201	0.00508742	1.08175
14.0301	0.00508017	1.08175
14.0401	0.00507294	1.08175
14.0501	0.00506572	1.08176
14.0601	0.00505852	1.08176
14.0701	0.00505133	1.08176
14.0801	0.00504416	1.08177
14.0901	0.005037	1.08177
14.1001	0.00502986	1.08177
14.1101	0.00502273	1.08178
14.1201	0.00501562	1.08178
14.1301	0.00500852	1.08178
14.1401	0.00500144	1.08179
14.1501	0.00499437	1.08179
14.1601	0.00498732	1.08179
14.1701	0.00498028	1.08179
14.1801	0.00497326	1.0818
14.1901	0.00496626	1.0818
14.2001	0.00495926	1.0818
14.2101	0.00495229	1.08181
14.2201	0.00494532	1.08181
14.2301	0.00493838	1.08181
14.2401	0.00493144	1.08182
14.2501	0.00492452	1.08182
14.2601	0.00491762	1.08182
14.2701	0.00491073	1.08183
14.2801	0.00490385	1.08183
14.2901	0.00489699	1.08183
14.3001	0.00489015	1.08184
14.3101	0.00488331	1.08184
14.3201	0.0048765	1.08184
14.3301	0.00486969	1.08185
14.3401	0.0048629	1.08185
14.3501	0.00485613	1.08185
14.3601	0.00484937	1.08185
14.3701	0.00484262	1.08186
14.3801	0.00483589	1.08186
14.3901	0.00482917	1.08186
14.4001	0.00482246	1.08187
14.4101	0.00481577	1.08187
14.4201	0.0048091	1.08187
14.4301	0.00480243	1.08187
14.4401	0.00479578	1.08188
14.4501	0.00478915	1.08188
14.4601	0.00478253	1.08188
14.4701	0.00477592	1.08189
14.4801	0.00476932	1.08189
14.4901	0.00476274	1.08189
14.5001	0.00475618	1.0819
14.5101	0.00474962	1.0819
14.5201	0.00474308	1.0819
14.5301	0.00473656	1.08191
14.5401	0.00473004	1.08191
14.5501	0.00472354	1.08191
14.5601	0.00471706	1.08191
14.5701	0.00471059	1.08192
14.5801	0.00470413	1.08192
14.5901	0.00469768	1.08192
14.6001	0.00469125	1.08193
14.6101	0.00468483	1.08193
14.6201	0.00467842	1.08193
14.6301	0.00467203	1.08193
14.6401	0.00466565	1.08194
14.6501	0.00465928	1.08194
14.6601	0.00465293	1.08194
14.6701	0.00464658	1.08195
14.6801	0.00464026	1.08195
14.6901	0.00463394	1.08195
14.7001	0.00462764	1.08195
14.7101	0.00462135	1.08196
14.7201	0.00461507	1.08196
14.7301	0.00460881	1.08196
14.7401	0.00460256	1.08197
14.7501	0.00459632	1.08197
14.7601	0.00459009	1.08197
14.7701	0.00458388	1.08197
14.7801	0.00457768	1.08198
14.7901	0.00457149	1.08198
14.8001	0.00456531	1.08198
14.8101	0.00455915	1.08199
14.8201	0.004553	1.08199
14.8301	0.00454686	1.08199
14.8401	0.00454074	1.08199
14.8501	0.00453462	1.082
14.8601	0.00452852	1.082
14.8701	0.00452243	1.082
14.8801	0.00451636	1.082
14.8901	0.00451029	1.08201
14.9001	0.00450424	1.08201
14.9101	0.0044982	1.08201
14.9201	0.00449217	1.08202
14.9301	0.00448616	1.08202
14.9401	0.00448015	1.08202
14.9501	0.00447416	1.08202
14.9601	0.00446818	1.08203
14.9701	0.00446222	1.08203
14.9801	0.00445626	1.08203
14.9901	0.00445032	1.08203
15.0001	0.00444439	1.08204
15.0101	0.00443847	1.08204
15.0201	0.00443256	1.08204
15.0301	0.00442666	1.08205
15.0401	0.00442078	1.08205
15.0501	0.0044149	1.08205
15.0601	0.00440904	1.08205
15.0701	0.00440319	1.08206
15.0801	0.00439736	1.08206
15.0901	0.00439153	1.08206
15.1001	0.00438571	1.08206
15.1101	0.00437991	1.08207
15.1201	0.00437412	1.08207
15.1301	0.00436834	1.08207
15.1401	0.00436257	1.08207
15.1501	0.00435681	1.08208
15.1601	0.00435107	1.08208
15.1701	0.00434533	1.08208
15.1801	0.00433961	1.08208
15.1901	0.0043339	1.08209
15.2001	0.0043282	1.08209
15.2101	0.00432251	1.08209
15.2201	0.00431683	1.0821
15.2301	0.00431116	1.0821
15.2401	0.00430551	1.0821
15.2501	0.00429986	1.0821
15.2601	0.00429423	1.08211
15.2701	0.00428861	1.08211
15.2801	0.004283	1.08211
15.2901	0.00427739	1.08211
15.3001	0.00427181	1.08212
15.3101	0.00426623	1.08212
15.3201	0.00426066	1.08212
15.3301	0.0042551	1.08212
15.3401	0.00424956	1.08213
15.3501	0.00424402	1.08213
15.3601	0.0042385	1.08213
15.3701	0.00423298	1.08213
15.3801	0.00422748	1.08214
15.3901	0.00422199	1.08214
15.4001	0.00421651	1.08214
15.4101	0.00421104	1.08214
15.4201	0.00420558	1.08215
15.4301	0.00420013	1.08215
15.4401	0.00419469	1.08215
15.4501	0.00418926	1.08215
15.4601	0.00418384	1.08216
15.4701	0.00417844	1.08216
15.4801	0.00417304	1.08216
15.4901	0.00416765	1.08216
15.5001	0.00416228	1.08216
15.5101	0.00415691	1.08217
15.5201	0.00415156	1.08217
15.5301	0.00414621	1.08217
15.5401	0.00414088	1.08217
15.5501	0.00413555	1.08218
15.5601	0.00413024	1.08218
15.5701	0.00412494	1.08218
15.5801	0.00411964	1.08218
15.5901	0.00411436	1.08219
15.6001	0.00410909	1.08219
15.6101	0.00410382	1.08219
15.6201	0.00409857	1.08219
15.6301	0.00409333	1.0822
15.6401	0.00408809	1.0822
15.6501	0.00408287	1.0822
15.6601	0.00407766	1.0822
15.6701	0.00407246	1.08221
15.6801	0.00406726	1.08221
15.6901	0.00406208	1.08221
15.7001	0.00405691	1.08221
15.7101	0.00405174	1.08222
15.7201	0.00404659	1.08222
15.7301	0.00404145	1.08222
15.7401	0.00403631	1.08222
15.7501	0.00403119	1.08222
15.7601	0.00402608	1.08223
15.7701	0.00402097	1.08223
15.7801	0.00401588	1.08223
15.7901	0.00401079	1.08223
15.8001	0.00400572	1.08224
15.8101	0.00400065	1.08224
15.8201	0.0039956	1.08224
15.8301	0.00399055	1.08224
15.8401	0.00398551	1.08225
15.8501	0.00398048	1.08225
15.8601	0.00397547	1.08225
15.8701	0.00397046	1.08225
15.8801	0.00396546	1.08225
15.8901	0.00396047	1.08226
15.9001	0.00395549	1.08226
15.9101	0.00395052	1.08226
15.9201	0.00394556	1.08226
15.9301	0.00394061	1.08227
15.9401	0.00393566	1.08227
15.9501	0.00393073	1.08227
15.9601	0.00392581	1.08227
15.9701	0.00392089	1.08227
15.9801	0.00391598	1.08228
15.9901	0.00391109	1.08228
16.0001	0.0039062	1.08228
16.0101	0.00390132	1.08228
16.0201	0.00389645	1.08229
16.0301	0.00389159	1.08229
16.0401	0.00388674	1.08229
16.0501	0.0038819	1.08229
16.0601	0.00387707	1.08229
16.0701	0.00387225	1.0823
16.0801	0.00386743	1.0823
16.0901	0.00386262	1.0823
16.1001	0.00385783	1.0823
16.1101	0.00385304	1.0823
16.1201	0.00384826	1.08231
16.1301	0.00384349	1.08231
16.1401	0.00383873	1.08231
16.1501	0.00383398	1.08231
16.1601	0.00382923	1.08232
16.1701	0.0038245	1.08232
16.1801	0.00381977	1.08232
16.1901	0.00381506	1.08232
16.2001	0.00381035	1.08232
16.2101	0.00380565	1.08233
16.2201	0.00380096	1.08233
16.2301	0.00379627	1.08233
16.2401	0.0037916	1.08233
16.2501	0.00378694	1.08233
16.2601	0.00378228	1.08234
16.2701	0.00377763	1.08234
16.2801	0.00377299	1.08234
16.2901	0.00376836	1.08234
16.3001	0.00376374	1.08235
16.3101	0.00375912	1.08235
16.3201	0.00375452	1.08235
16.3301	0.00374992	1.08235
16.3401	0.00374533	1.08235
16.3501	0.00374075	1.08236
16.3601	0.00373618	1.08236
16.3701	0.00373162	1.08236
16.3801	0.00372706	1.08236
16.3901	0.00372252	1.08236
16.4001	0.00371798	1.08237
16.4101	0.00371345	1.08237
16.4201	0.00370893	1.08237
16.4301	0.00370441	1.08237
16.4401	0.00369991	1.08237
16.4501	0.00369541	1.08238
16.4601	0.00369092	1.08238
16.4701	0.00368644	1.08238
16.4801	0.00368197	1.08238
16.4901	0.00367751	1.08238
16.5001	0.00367305	1.08239
16.5101	0.0036686	1.08239
16.5201	0.00366416	1.08239
16.5301	0.00365973	1.08239
16.5401	0.00365531	1.08239
16.5501	0.00365089	1.0824
16.5601	0.00364648	1.0824
16.5701	0.00364208	1.0824
16.5801	0.00363769	1.0824
16.5901	0.00363331	1.0824
16.6001	0.00362893	1.08241
16.6101	0.00362456	1.08241
16.6201	0.0036202	1.08241
16.6301	0.00361585	1.08241
16.6401	0.0036115	1.08241
16.6501	0.00360717	1.08242
16.6601	0.00360284	1.08242
16.6701	0.00359852	1.08242
16.6801	0.0035942	1.08242
16.6901	0.0035899	1.08242
16.7001	0.0035856	1.08243
16.7101	0.00358131	1.08243
16.7201	0.00357703	1.08243
16.7301	0.00357275	1.08243
16.7401	0.00356849	1.08243
16.7501	0.00356423	1.08244
16.7601	0.00355997	1.08244
16.7701	0.00355573	1.08244
16.7801	0.00355149	1.08244
16.7901	0.00354726	1.08244
16.8001	0.00354304	1.08244
16.8101	0.00353883	1.08245
16.8201	0.00353462	1.08245
16.8301	0.00353042	1.08245
16.8401	0.00352623	1.08245
16.8501	0.00352205	1.08245
16.8601	0.00351787	1.08246
16.8701	0.0035137	1.08246
16.8801	0.00350954	1.08246
16.8901	0.00350538	1.08246
16.9001	0.00350124	1.08246
16.9101	0.0034971	1.08247
16.9201	0.00349296	1.08247
16.9301	0.00348884	1.08247
16.9401	0.00348472	1.08247
16.9501	0.00348061	1.08247
16.9601	0.00347651	1.08247
16.9701	0.00347241	1.08248
16.9801	0.00346832	1.08248
16.9901	0.00346424	1.08248
17.0001	0.00346017	1.08248
17.0101	0.0034561	1.08248
17.0201	0.00345204	1.08249
17.0301	0.00344799	1.08249
17.0401	0.00344394	1.08249
17.0501	0.0034399	1.08249
17.0601	0.00343587	1.08249
17.0701	0.00343185	1.08249
17.0801	0.00342783	1.0825
17.0901	0.00342382	1.0825
17.1001	0.00341982	1.0825
17.1101	0.00341582	1.0825
17.1201	0.00341183	1.0825
17.1301	0.00340785	1.08251
17.1401	0.00340387	1.08251
17.1501	0.0033999	1.08251
17.1601	0.00339594	1.08251
17.1701	0.00339199	1.08251
17.1801	0.00338804	1.08251
17.1901	0.0033841	1.08252
17.2001	0.00338017	1.08252
17.2101	0.00337624	1.08252
17.2201	0.00337232	1.08252
17.2301	0.00336841	1.08252
17.2401	0.0033645	1.08253
17.2501	0.0033606	1.08253
17.2601	0.00335671	1.08253
17.2701	0.00335282	1.08253
17.2801	0.00334894	1.08253
17.2901	0.00334507	1.08253
17.3001	0.0033412	1.08254
17.3101	0.00333734	1.08254
17.3201	0.00333349	1.08254
17.3301	0.00332964	1.08254
17.3401	0.00332581	1.08254
17.3501	0.00332197	1.08254
17.3601	0.00331815	1.08255
17.3701	0.00331433	1.08255
17.3801	0.00331051	1.08255
17.3901	0.00330671	1.08255
17.4001	0.00330291	1.08255
17.4101	0.00329912	1.08256
17.4201	0.00329533	1.08256
17.4301	0.00329155	1.08256
17.4401	0.00328777	1.08256
17.4501	0.00328401	1.08256
17.4601	0.00328025	1.08256
17.4701	0.00327649	1.08257
17.4801	0.00327275	1.08257
17.4901	0.003269	1.08257
17.5001	0.00326527	1.08257
17.5101	0.00326154	1.08257
17.5201	0.00325782	1.08257
17.5301	0.0032541	1.08258
17.5401	0.00325039	1.08258
17.5501	0.00324669	1.08258
17.5601	0.00324299	1.08258
17.5701	0.0032393	1.08258
17.5801	0.00323562	1.08258
17.5901	0.00323194	1.08259
17.6001	0.00322827	1.08259
17.6101	0.0032246	1.08259
17.6201	0.00322094	1.08259
17.6301	0.00321729	1.08259
17.6401	0.00321365	1.08259
17.6501	0.00321	1.08259
17.6601	0.00320637	1.0826
17.6701	0.00320274	1.0826
17.6801	0.00319912	1.0826
17.6901	0.0031955	1.0826
17.7001	0.00319189	1.0826
17.7101	0.00318829	1.0826
17.7201	0.00318469	1.08261
17.7301	0.0031811	1.08261
17.7401	0.00317752	1.08261
17.7501	0.00317394	1.08261
17.7601	0.00317036	1.08261
17.7701	0.0031668	1.08261
17.7801	0.00316324	1.08262
17.7901	0.00315968	1.08262
17.8001	0.00315613	1.08262
17.8101	0.00315259	1.08262
17.8201	0.00314905	1.08262
17.8301	0.00314552	1.08262
17.8401	0.00314199	1.08263
17.8501	0.00313848	1.08263
17.8601	0.00313496	1.08263
17.8701	0.00313145	1.08263
17.8801	0.00312795	1.08263
17.8901	0.00312446	1.08263
17.9001	0.00312097	1.08264
17.9101	0.00311748	1.08264
17.9201	0.003114	1.08264
17.9301	0.00311053	1.08264
17.9401	0.00310706	1.08264
17.9501	0.0031036	1.08264
17.9601	0.00310015	1.08264
17.9701	0.0030967	1.08265
17.9801	0.00309326	1.08265
17.9901	0.00308982	1.08265
18.0001	0.00308639	1.08265
18.0101	0.00308296	1.08265
18.0201	0.00307954	1.08265
18.0301	0.00307612	1.08266
18.0401	0.00307271	1.08266
18.0501	0.00306931	1.08266
18.0601	0.00306591	1.08266
18.0701	0.00306252	1.08266
18.0801	0.00305913	1.08266
18.0901	0.00305575	1.08267
18.1001	0.00305238	1.08267
18.1101	0.00304901	1.08267
18.1201	0.00304564	1.08267
18.1301	0.00304228	1.08267
18.1401	0.00303893	1.08267
18.1501	0.00303558	1.08267
18.1601	0.00303224	1.08268
18.1701	0.0030289	1.08268
18.1801	0.00302557	1.08268
18.1901	0.00302225	1.08268
18.2001	0.00301893	1.08268
18.2101	0.00301561	1.08268
18.2201	0.0030123	1.08269
18.2301	0.003009	1.08269
18.2401	0.0030057	1.08269
18.2501	0.00300241	1.08269
18.2601	0.00299912	1.08269
18.2701	0.00299584	1.08269
18.2801	0.00299256	1.08269
18.2901	0.00298929	1.0827
18.3001	0.00298602	1.0827
18.3101	0.00298276	1.0827
18.3201	0.00297951	1.0827
18.3301	0.00297626	1.0827
18.3401	0.00297301	1.0827
18.3501	0.00296977	1.0827
18.3601	0.00296654	1.08271
18.3701	0.00296331	1.08271
18.3801	0.00296009	1.08271
18.3901	0.00295687	1.08271
18.4001	0.00295365	1.08271
18.4101	0.00295045	1.08271
18.4201	0.00294724	1.08271
18.4301	0.00294405	1.08272
18.4401	0.00294085	1.08272
18.4501	0.00293767	1.08272
18.4601	0.00293449	1.08272
18.4701	0.00293131	1.08272
18.4801	0.00292814	1.08272
18.4901	0.00292497	1.08272
18.5001	0.00292181	1.08273
18.5101	0.00291865	1.08273
18.5201	0.0029155	1.08273
18.5301	0.00291236	1.08273
18.5401	0.00290922	1.08273
18.5501	0.00290608	1.08273
18.5601	0.00290295	1.08273
18.5701	0.00289982	1.08274
18.5801	0.0028967	1.08274
18.5901	0.00289359	1.08274
18.6001	0.00289048	1.08274
18.6101	0.00288737	1.08274
18.6201	0.00288427	1.08274
18.6301	0.00288117	1.08274
18.6401	0.00287808	1.08275
18.6501	0.002875	1.08275
18.6601	0.00287192	1.08275
18.6701	0.00286884	1.08275
18.6801	0.00286577	1.08275
18.6901	0.00286271	1.08275
18.7001	0.00285965	1.08275
18.7101	0.00285659	1.08276
18.7201	0.00285354	1.08276
18.7301	0.00285049	1.08276
18.7401	0.00284745	1.08276
18.7501	0.00284441	1.08276
18.7601	0.00284138	1.08276
18.7701	0.00283836	1.08276
18.7801	0.00283533	1.08276
18.7901	0.00283232	1.08277
18.8001	0.0028293	1.08277
18.8101	0.0028263	1.08277
18.8201	0.00282329	1.08277
18.8301	0.0028203	1.08277
18.8401	0.0028173	1.08277
18.8501	0.00281431	1.08277
18.8601	0.00281133	1.08278
18.8701	0.00280835	1.08278
18.8801	0.00280538	1.08278
18.8901	0.00280241	1.08278
18.9001	0.00279944	1.08278
18.9101	0.00279648	1.08278
18.9201	0.00279353	1.08278
18.9301	0.00279058	1.08279
18.9401	0.00278763	1.08279
18.9501	0.00278469	1.08279
18.9601	0.00278175	1.08279
18.9701	0.00277882	1.08279
18.9801	0.00277589	1.08279
18.9901	0.00277297	1.08279
19.0001	0.00277005	1.08279
19.0101	0.00276714	1.0828
19.0201	0.00276423	1.0828
19.0301	0.00276133	1.0828
19.0401	0.00275843	1.0828
19.0501	0.00275553	1.0828
19.0601	0.00275264	1.0828
19.0701	0.00274976	1.0828
19.0801	0.00274687	1.0828
19.0901	0.002744	1.08281
19.1001	0.00274112	1.08281
19.1101	0.00273826	1.08281
19.1201	0.00273539	1.08281
19.1301	0.00273253	1.08281
19.1401	0.00272968	1.08281
19.1501	0.00272683	1.08281
19.1601	0.00272398	1.08282
19.1701	0.00272114	1.08282
19.1801	0.00271831	1.08282
19.1901	0.00271547	1.08282
19.2001	0.00271265	1.08282
19.2101	0.00270982	1.08282
19.2201	0.002707	1.08282
19.2301	0.00270419	1.08282
19.2401	0.00270138	1.08283
19.2501	0.00269857	1.08283
19.2601	0.00269577	1.08283
19.2701	0.00269297	1.08283
19.2801	0.00269018	1.08283
19.2901	0.00268739	1.08283
19.3001	0.00268461	1.08283
19.3101	0.00268183	1.08283
19.3201	0.00267905	1.08283
19.3301	0.00267628	1.08284
19.3401	0.00267351	1.08284
19.3501	0.00267075	1.08284
19.3601	0.00266799	1.08284
19.3701	0.00266524	1.08284
19.3801	0.00266249	1.08284
19.3901	0.00265974	1.08284
19.4001	0.002657	1.08284
19.4101	0.00265427	1.08285
19.4201	0.00265153	1.08285
19.4301	0.0026488	1.08285
19.4401	0.00264608	1.08285
19.4501	0.00264336	1.08285
19.4601	0.00264064	1.08285
19.4701	0.00263793	1.08285
19.4801	0.00263522	1.08285
19.4901	0.00263252	1.08286
19.5001	0.00262982	1.08286
19.5101	0.00262713	1.08286
19.5201	0.00262444	1.08286
19.5301	0.00262175	1.08286
19.5401	0.00261907	1.08286
19.5501	0.00261639	1.08286
19.5601	0.00261371	1.08286
19.5701	0.00261104	1.08287
19.5801	0.00260838	1.08287
19.5901	0.00260571	1.08287
19.6001	0.00260306	1.08287
19.6101	0.0026004	1.08287
19.6201	0.00259775	1.08287
19.6301	0.00259511	1.08287
19.6401	0.00259246	1.08287
19.6501	0.00258983	1.08288
19.6601	0.00258719	1.08288
19.6701	0.00258456	1.08288
19.6801	0.00258194	1.08288
19.6901	0.00257931	1.08288
19.7001	0.0025767	1.08288
19.7101	0.00257408	1.08288
19.7201	0.00257147	1.08288
19.7301	0.00256887	1.08288
19.7401	0.00256626	1.08289
19.7501	0.00256367	1.08289
19.7601	0.00256107	1.08289
19.7701	0.00255848	1.08289
19.7801	0.0025559	1.08289
19.7901	0.00255331	1.08289
19.8001	0.00255073	1.08289
19.8101	0.00254816	1.08289
19.8201	0.00254559	1.0829
19.8301	0.00254302	1.0829
19.8401	0.00254046	1.0829
19.8501	0.0025379	1.0829
19.8601	0.00253535	1.0829
19.8701	0.00253279	1.0829
19.8801	0.00253025	1.0829
19.8901	0.0025277	1.0829
19.9001	0.00252516	1.0829
19.9101	0.00252263	1.08291
19.9201	0.0025201	1.08291
19.9301	0.00251757	1.08291
19.9401	0.00251504	1.08291
19.9501	0.00251252	1.08291
19.9601	0.00251	1.08291
19.9701	0.00250749	1.08291
19.9801	0.00250498	1.08291
19.9901	0.00250248	1.08291
