0.0001	1e+008	0
0.0101	9802.96	0
0.0201	2475.19	0
0.0301	1103.74	0
0.0401	621.887	0
0.0501	398.405	0
0.0601	276.854	0
0.0701	203.5	0
0.0801	155.86	0
0.0901	123.183	0
0.1001	99.8003	0
0.1101	82.4946	0
0.1201	69.3288	0
0.1301	59.0807	0
0.1401	50.9476	0
0.1501	44.3852	0
0.1601	39.0137	0
0.1701	34.5614	0
0.1801	30.8299	0
0.1901	27.6717	0
0.2001	24.975	0
0.2101	22.6542	0
0.2201	20.6424	0
0.2301	18.8872	0
0.2401	17.3467	0
0.2501	15.9872	0
0.2601	14.7815	0
0.2701	13.7073	0
0.2801	12.746	0
0.2901	11.8824	0
0.3001	11.1037	0
0.3101	10.3991	0
0.3201	9.75952	0
0.3301	9.17717	0
0.3401	8.64543	0
0.3501	8.1586	0
0.3601	7.71176	0
0.3701	7.30066	0
0.3801	6.92156	0
0.3901	6.57125	0
0.4001	6.24688	0
0.4101	5.94594	0
0.4201	5.66624	0
0.4301	5.40581	0
0.4401	5.16294	0
0.4501	4.93608	0
0.4601	4.72384	0
0.4701	4.52501	0
0.4801	4.33847	0
0.4901	4.16323	0
0.5001	3.9984	0.000441637
0.5101	3.84317	0.00061643
0.5201	3.6968	0.000788535
0.5301	3.55864	0.00118493
0.5401	3.42809	0.00163363
0.5501	3.30458	0.00216679
0.5601	3.18764	0.0026204
0.5701	3.07679	0.00320438
0.5801	2.97163	0.00385343
0.5901	2.87176	0.00453954
0.6001	2.77685	0.00525053
0.6101	2.68657	0.00626644
0.6201	2.60062	0.00754901
0.6301	2.51873	0.00873437
0.6401	2.44064	0.00980928
0.6501	2.36614	0.0107324
0.6601	2.29499	0.0118506
0.6701	2.227	0.0128292
0.6801	2.16199	0.0140317
0.6901	2.09979	0.015445
0.7001	2.04023	0.0170672
0.7101	1.98317	0.018764
0.7201	1.92848	0.0204225
0.7301	1.87601	0.0222623
0.7401	1.82566	0.024
0.7501	1.7773	0.026027
0.7601	1.73085	0.0278696
0.7701	1.68619	0.0297749
0.7801	1.64323	0.0321552
0.7901	1.6019	0.0341699
0.8001	1.56211	0.0367646
0.8101	1.52378	0.0388822
0.8201	1.48685	0.0414424
0.8301	1.45124	0.0436137
0.8401	1.4169	0.0459766
0.8501	1.38376	0.049029
0.8601	1.35177	0.0513569
0.8701	1.32087	0.0542427
0.8801	1.29103	0.057335
0.8901	1.26218	0.0601857
0.9001	1.23429	0.0629438
0.9101	1.20732	0.0661646
0.9201	1.18122	0.0688874
0.9301	1.15595	0.0718072
0.9401	1.13149	0.0751192
0.9501	1.1078	0.0787234
0.9601	1.08484	0.0822595
0.9701	1.06259	0.0855081
0.9801	1.04102	0.0892942
0.9901	1.0201	0.0930639
1.0001	0.9998	0.0964664
1.0101	0.980102	0.100118
1.0201	0.96098	0.103787
1.0301	0.942413	0.107776
1.0401	0.924378	0.111268
1.0501	0.906857	0.114952
1.0601	0.889829	0.119181
1.0701	0.873275	0.123588
1.0801	0.85718	0.127882
1.0901	0.841526	0.132465
1.1001	0.826296	0.137119
1.1101	0.811476	0.140936
1.1201	0.797052	0.145413
1.1301	0.783008	0.150509
1.1401	0.769333	0.155197
1.1501	0.756012	0.160124
1.1601	0.743035	0.164817
1.1701	0.730389	0.169567
1.1801	0.718063	0.175068
1.1901	0.706046	0.179931
1.2001	0.694329	0.184928
1.2101	0.682901	0.190528
1.2201	0.671752	0.195429
1.2301	0.660875	0.200815
1.2401	0.650259	0.205837
1.2501	0.639898	0.211506
1.2601	0.629782	0.216861
1.2701	0.619904	0.222663
1.2801	0.610256	0.227929
1.2901	0.600832	0.233107
1.3001	0.591625	0.239194
1.3101	0.582628	0.245143
1.3201	0.573834	0.251264
1.3301	0.565238	0.257505
1.3401	0.556834	0.264819
1.3501	0.548616	0.271055
1.3601	0.540578	0.278024
1.3701	0.532716	0.284146
1.3801	0.525024	0.290194
1.3901	0.517497	0.297867
1.4001	0.510131	0.30448
1.4101	0.502921	0.311926
1.4201	0.495864	0.319672
1.4301	0.488953	0.32658
1.4401	0.482186	0.334631
1.4501	0.475559	0.342175
1.4601	0.469067	0.350643
1.4701	0.462707	0.358921
1.4801	0.456476	0.366997
1.4901	0.45037	0.375704
1.5001	0.444385	0.382544
1.5101	0.438519	0.389939
1.5201	0.432769	0.400001
1.5301	0.42713	0.407818
1.5401	0.421602	0.416264
1.5501	0.416179	0.425744
1.5601	0.410861	0.43512
1.5701	0.405644	0.444584
1.5801	0.400526	0.456127
1.5901	0.395504	0.466494
1.6001	0.390576	0.477926
1.6101	0.38574	0.487438
1.6201	0.380992	0.497741
1.6301	0.376332	0.509283
1.6401	0.371757	0.52299
1.6501	0.367265	0.535692
1.6601	0.362854	0.548879
1.6701	0.358521	0.560301
1.6801	0.354266	0.572452
1.6901	0.350086	0.586832
1.7001	0.34598	0.596084
1.7101	0.341946	0.611442
1.7201	0.337981	0.621863
1.7301	0.334085	0.63567
1.7401	0.330257	0.647735
1.7501	0.326493	0.660408
1.7601	0.322794	0.671394
1.7701	0.319157	0.683129
1.7801	0.315581	0.69406
1.7901	0.312065	0.704574
1.8001	0.308608	0.715119
1.8101	0.305207	0.725077
1.8201	0.301863	0.735383
1.8301	0.298573	0.744233
1.8401	0.295337	0.753182
1.8501	0.292152	0.76193
1.8601	0.28902	0.769543
1.8701	0.285937	0.776283
1.8801	0.282903	0.784768
1.8901	0.279918	0.791554
1.9001	0.276979	0.798611
1.9101	0.274087	0.805401
1.9201	0.271239	0.813228
1.9301	0.268436	0.819879
1.9401	0.265676	0.82542
1.9501	0.262958	0.830773
1.9601	0.260282	0.83609
1.9701	0.257646	0.841348
1.9801	0.25505	0.845836
1.9901	0.252493	0.8509
2.0001	0.249975	0.85568
2.0101	0.247494	0.860539
2.0201	0.24505	0.865046
2.0301	0.242642	0.868752
2.0401	0.240269	0.872542
2.0501	0.23793	0.876497
2.0601	0.235626	0.880246
2.0701	0.233355	0.883711
2.0801	0.231117	0.887595
2.0901	0.228911	0.89133
2.1001	0.226736	0.894597
2.1101	0.224592	0.897525
2.1201	0.222478	0.900361
2.1301	0.220394	0.903036
2.1401	0.218339	0.906069
2.1501	0.216313	0.908741
2.1601	0.214315	0.911191
2.1701	0.212344	0.913683
2.1801	0.210401	0.916309
2.1901	0.208484	0.918513
2.2001	0.206593	0.920706
2.2101	0.204727	0.922717
2.2201	0.202887	0.92498
2.2301	0.201072	0.927127
2.2401	0.199281	0.929267
2.2501	0.197513	0.93098
2.2601	0.195769	0.932868
2.2701	0.194048	0.934718
2.2801	0.19235	0.936512
2.2901	0.190674	0.938361
2.3001	0.189019	0.940187
2.3101	0.187387	0.941866
2.3201	0.185775	0.943589
2.3301	0.184184	0.945386
2.3401	0.182613	0.946953
2.3501	0.181062	0.948544
2.3601	0.179531	0.950073
2.3701	0.178019	0.951701
2.3801	0.176526	0.953454
2.3901	0.175052	0.955111
2.4001	0.173597	0.956687
2.4101	0.172159	0.958088
2.4201	0.170739	0.95972
2.4301	0.169337	0.961284
2.4401	0.167952	0.96274
2.4501	0.166584	0.964157
2.4601	0.165232	0.965407
2.4701	0.163897	0.966746
2.4801	0.162578	0.968024
2.4901	0.161275	0.969327
2.5001	0.159987	0.970443
2.5101	0.158715	0.971569
2.5201	0.157458	0.972805
2.5301	0.156216	0.973985
2.5401	0.154988	0.975062
2.5501	0.153775	0.976148
2.5601	0.152576	0.977208
2.5701	0.151391	0.978228
2.5801	0.15022	0.97919
2.5901	0.149062	0.980209
2.6001	0.147918	0.981226
2.6101	0.146786	0.982254
2.6201	0.145668	0.983328
2.6301	0.144562	0.984357
2.6401	0.143469	0.985253
2.6501	0.142389	0.986158
2.6601	0.14132	0.987123
2.6701	0.140264	0.988065
2.6801	0.139219	0.988869
2.6901	0.138186	0.989824
2.7001	0.137164	0.990718
2.7101	0.136154	0.991627
2.7201	0.135154	0.992356
2.7301	0.134166	0.99315
2.7401	0.133189	0.99401
2.7501	0.132222	0.994852
2.7601	0.131265	0.995597
2.7701	0.130319	0.996369
2.7801	0.129384	0.997036
2.7901	0.128458	0.997725
2.8001	0.127542	0.998461
2.8101	0.126636	0.999177
2.8201	0.125739	0.999951
2.8301	0.124852	1.00066
2.8401	0.123975	1.00132
2.8501	0.123106	1.00201
2.8601	0.122247	1.00265
2.8701	0.121396	1.00334
2.8801	0.120555	1.00401
2.8901	0.119722	1.00468
2.9001	0.118898	1.00539
2.9101	0.118082	1.00597
2.9201	0.117275	1.00657
2.9301	0.116476	1.00715
2.9401	0.115685	1.00775
2.9501	0.114902	1.0084
2.9601	0.114127	1.00896
2.9701	0.113359	1.00957
2.9801	0.1126	1.01014
2.9901	0.111848	1.01073
3.0001	0.111104	1.01128
3.0101	0.110367	1.01182
3.0201	0.109637	1.01232
3.0301	0.108915	1.01286
3.0401	0.108199	1.01342
3.0501	0.107491	1.01395
3.0601	0.10679	1.01445
3.0701	0.106095	1.01496
3.0801	0.105407	1.01546
3.0901	0.104726	1.01596
3.1001	0.104052	1.01645
3.1101	0.103384	1.01691
3.1201	0.102722	1.01741
3.1301	0.102067	1.01785
3.1401	0.101418	1.01832
3.1501	0.100775	1.01877
3.1601	0.100138	1.01922
3.1701	0.0995071	1.01965
3.1801	0.0988823	1.02008
3.1901	0.0982633	1.0205
3.2001	0.0976501	1.02093
3.2101	0.0970427	1.02135
3.2201	0.0964409	1.02178
3.2301	0.0958447	1.0222
3.2401	0.095254	1.02262
3.2501	0.0946687	1.02303
3.2601	0.0940888	1.02343
3.2701	0.0935143	1.02384
3.2801	0.092945	1.02422
3.2901	0.0923808	1.02458
3.3001	0.0918218	1.02497
3.3101	0.0912678	1.0253
3.3201	0.0907189	1.02566
3.3301	0.0901749	1.02602
3.3401	0.0896357	1.02638
3.3501	0.0891014	1.02675
3.3601	0.0885718	1.02709
3.3701	0.088047	1.02744
3.3801	0.0875268	1.02776
3.3901	0.0870112	1.02809
3.4001	0.0865001	1.02844
3.4101	0.0859935	1.02881
3.4201	0.0854914	1.02915
3.4301	0.0849936	1.02946
3.4401	0.0845002	1.02981
3.4501	0.0840111	1.03015
3.4601	0.0835262	1.03046
3.4701	0.0830455	1.03076
3.4801	0.0825689	1.03107
3.4901	0.0820964	1.03138
3.5001	0.081628	1.03167
3.5101	0.0811635	1.03197
3.5201	0.0807031	1.03227
3.5301	0.0802465	1.03257
3.5401	0.0797938	1.03286
3.5501	0.0793449	1.03311
3.5601	0.0788997	1.0334
3.5701	0.0784584	1.0337
3.5801	0.0780207	1.03398
3.5901	0.0775866	1.03425
3.6001	0.0771562	1.03453
3.6101	0.0767294	1.03479
3.6201	0.076306	1.03507
3.6301	0.0758862	1.03536
3.6401	0.0754698	1.03562
3.6501	0.0750569	1.03589
3.6601	0.0746473	1.03613
3.6701	0.0742411	1.03638
3.6801	0.0738381	1.03665
3.6901	0.0734385	1.0369
3.7001	0.0730421	1.03715
3.7101	0.0726489	1.0374
3.7201	0.0722588	1.03765
3.7301	0.0718719	1.03787
3.7401	0.0714881	1.0381
3.7501	0.0711073	1.03834
3.7601	0.0707296	1.03858
3.7701	0.0703549	1.03881
3.7801	0.0699831	1.03905
3.7901	0.0696143	1.03927
3.8001	0.0692484	1.0395
3.8101	0.0688854	1.03973
3.8201	0.0685252	1.03994
3.8301	0.0681679	1.04015
3.8401	0.0678133	1.04037
3.8501	0.0674615	1.04059
3.8601	0.0671124	1.04081
3.8701	0.066766	1.04101
3.8801	0.0664223	1.04121
3.8901	0.0660813	1.04141
3.9001	0.0657428	1.04162
3.9101	0.065407	1.04181
3.9201	0.0650737	1.04201
3.9301	0.064743	1.04221
3.9401	0.0644148	1.04241
3.9501	0.064089	1.0426
3.9601	0.0637658	1.0428
3.9701	0.063445	1.04299
3.9801	0.0631265	1.04316
3.9901	0.0628105	1.04337
4.0001	0.0624969	1.04358
4.0101	0.0621856	1.04376
4.0201	0.0618766	1.04395
4.0301	0.0615699	1.04413
4.0401	0.0612655	1.04432
4.0501	0.0609633	1.0445
4.0601	0.0606634	1.04467
4.0701	0.0603656	1.04487
4.0801	0.0600701	1.04503
4.0901	0.0597767	1.04519
4.1001	0.0594855	1.04535
4.1101	0.0591964	1.04551
4.1201	0.0589094	1.04567
4.1301	0.0586245	1.04585
4.1401	0.0583416	1.04601
4.1501	0.0580608	1.04618
4.1601	0.057782	1.04634
4.1701	0.0575052	1.04649
4.1801	0.0572304	1.04665
4.1901	0.0569575	1.04681
4.2001	0.0566866	1.04698
4.2101	0.0564177	1.04713
4.2201	0.0561506	1.04729
4.2301	0.0558854	1.04744
4.2401	0.0556222	1.04759
4.2501	0.0553607	1.04774
4.2601	0.0551011	1.04789
4.2701	0.0548433	1.04804
4.2801	0.0545874	1.04818
4.2901	0.0543332	1.04832
4.3001	0.0540808	1.04847
4.3101	0.0538301	1.0486
4.3201	0.0535812	1.04875
4.3301	0.053334	1.0489
4.3401	0.0530885	1.04904
4.3501	0.0528447	1.04918
4.3601	0.0526026	1.04932
4.3701	0.0523621	1.04945
4.3801	0.0521233	1.04959
4.3901	0.0518861	1.04973
4.4001	0.0516505	1.04987
4.4101	0.0514166	1.05
4.4201	0.0511842	1.05012
4.4301	0.0509534	1.05026
4.4401	0.0507241	1.05039
4.4501	0.0504964	1.05051
4.4601	0.0502702	1.05064
4.4701	0.0500456	1.05076
4.4801	0.0498224	1.05087
4.4901	0.0496007	1.05099
4.5001	0.0493805	1.05111
4.5101	0.0491618	1.05124
4.5201	0.0489445	1.05136
4.5301	0.0487287	1.05148
4.5401	0.0485142	1.05159
4.5501	0.0483012	1.05171
4.5601	0.0480896	1.05183
4.5701	0.0478794	1.05196
4.5801	0.0476705	1.05207
4.5901	0.0474631	1.05219
4.6001	0.0472569	1.05231
4.6101	0.0470521	1.05241
4.6201	0.0468487	1.05251
4.6301	0.0466465	1.05262
4.6401	0.0464457	1.05272
4.6501	0.0462461	1.05283
4.6601	0.0460479	1.05295
4.6701	0.0458509	1.05305
4.6801	0.0456551	1.05315
4.6901	0.0454607	1.05326
4.7001	0.0452674	1.05337
4.7101	0.0450754	1.05346
4.7201	0.0448846	1.05356
4.7301	0.044695	1.05366
4.7401	0.0445067	1.05376
4.7501	0.0443195	1.05386
4.7601	0.0441334	1.05396
4.7701	0.0439486	1.05406
4.7801	0.0437649	1.05415
4.7901	0.0435824	1.05425
4.8001	0.043401	1.05435
4.8101	0.0432207	1.05444
4.8201	0.0430416	1.05453
4.8301	0.0428635	1.05462
4.8401	0.0426866	1.05472
4.8501	0.0425107	1.05481
4.8601	0.042336	1.0549
4.8701	0.0421623	1.055
4.8801	0.0419897	1.0551
4.8901	0.0418181	1.05519
4.9001	0.0416476	1.05528
4.9101	0.0414781	1.05538
4.9201	0.0413097	1.05547
4.9301	0.0411423	1.05556
4.9401	0.0409759	1.05566
4.9501	0.0408105	1.05575
4.9601	0.0406461	1.05585
4.9701	0.0404827	1.05593
4.9801	0.0403203	1.05602
4.9901	0.0401589	1.05611
5.0001	0.0399984	1.05619
5.0101	0.0398389	1.05628
5.0201	0.0396803	1.05636
5.0301	0.0395227	1.05645
5.0401	0.039366	1.05654
5.0501	0.0392103	1.05662
5.0601	0.0390555	1.0567
5.0701	0.0389016	1.05678
5.0801	0.0387486	1.05686
5.0901	0.0385965	1.05694
5.1001	0.0384452	1.05701
5.1101	0.0382949	1.0571
5.1201	0.0381455	1.05717
5.1301	0.0379969	1.05724
5.1401	0.0378492	1.05732
5.1501	0.0377024	1.0574
5.1601	0.0375564	1.05747
5.1701	0.0374112	1.05755
5.1801	0.0372669	1.05762
5.1901	0.0371235	1.0577
5.2001	0.0369808	1.05778
5.2101	0.036839	1.05785
5.2201	0.036698	1.05793
5.2301	0.0365578	1.058
5.2401	0.0364184	1.05807
5.2501	0.0362798	1.05814
5.2601	0.036142	1.05821
5.2701	0.036005	1.05829
5.2801	0.0358687	1.05836
5.2901	0.0357332	1.05843
5.3001	0.0355985	1.0585
5.3101	0.0354646	1.05856
5.3201	0.0353314	1.05863
5.3301	0.0351989	1.0587
5.3401	0.0350672	1.05876
5.3501	0.0349362	1.05883
5.3601	0.034806	1.0589
5.3701	0.0346765	1.05897
5.3801	0.0345477	1.05904
5.3901	0.0344196	1.05911
5.4001	0.0342923	1.05917
5.4101	0.0341656	1.05923
5.4201	0.0340397	1.0593
5.4301	0.0339144	1.05937
5.4401	0.0337898	1.05943
5.4501	0.033666	1.05949
5.4601	0.0335428	1.05956
5.4701	0.0334202	1.05962
5.4801	0.0332984	1.05969
5.4901	0.0331772	1.05976
5.5001	0.0330566	1.05982
5.5101	0.0329368	1.05988
5.5201	0.0328175	1.05994
5.5301	0.032699	1.06001
5.5401	0.032581	1.06006
5.5501	0.0324637	1.06012
5.5601	0.0323471	1.06018
5.5701	0.032231	1.06024
5.5801	0.0321156	1.0603
5.5901	0.0320008	1.06035
5.6001	0.0318866	1.0604
5.6101	0.031773	1.06047
5.6201	0.0316601	1.06053
5.6301	0.0315477	1.06059
5.6401	0.0314359	1.06064
5.6501	0.0313248	1.0607
5.6601	0.0312142	1.06075
5.6701	0.0311042	1.06081
5.6801	0.0309947	1.06086
5.6901	0.0308859	1.06092
5.7001	0.0307776	1.06097
5.7101	0.0306699	1.06103
5.7201	0.0305628	1.06109
5.7301	0.0304562	1.06114
5.7401	0.0303502	1.0612
5.7501	0.0302447	1.06125
5.7601	0.0301398	1.06131
5.7701	0.0300354	1.06136
5.7801	0.0299316	1.06141
5.7901	0.0298283	1.06146
5.8001	0.0297255	1.06151
5.8101	0.0296233	1.06156
5.8201	0.0295215	1.06161
5.8301	0.0294204	1.06166
5.8401	0.0293197	1.06172
5.8501	0.0292195	1.06177
5.8601	0.0291199	1.06183
5.8701	0.0290208	1.06188
5.8801	0.0289222	1.06193
5.8901	0.028824	1.06198
5.9001	0.0287264	1.06202
5.9101	0.0286293	1.06208
5.9201	0.0285326	1.06213
5.9301	0.0284365	1.06218
5.9401	0.0283408	1.06223
5.9501	0.0282456	1.06227
5.9601	0.0281509	1.06232
5.9701	0.0280567	1.06237
5.9801	0.027963	1.06242
5.9901	0.0278697	1.06246
6.0001	0.0277769	1.06251
6.0101	0.0276845	1.06255
6.0201	0.0275926	1.0626
6.0301	0.0275012	1.06264
6.0401	0.0274102	1.06269
6.0501	0.0273196	1.06274
6.0601	0.0272295	1.06278
6.0701	0.0271399	1.06282
6.0801	0.0270507	1.06287
6.0901	0.0269619	1.06291
6.1001	0.0268736	1.06296
6.1101	0.0267857	1.063
6.1201	0.0266983	1.06304
6.1301	0.0266112	1.06309
6.1401	0.0265246	1.06313
6.1501	0.0264384	1.06317
6.1601	0.0263527	1.06321
6.1701	0.0262673	1.06326
6.1801	0.0261824	1.0633
6.1901	0.0260978	1.06334
6.2001	0.0260137	1.06339
6.2101	0.02593	1.06343
6.2201	0.0258467	1.06347
6.2301	0.0257638	1.06351
6.2401	0.0256813	1.06356
6.2501	0.0255992	1.0636
6.2601	0.0255175	1.06364
6.2701	0.0254361	1.06368
6.2801	0.0253552	1.06372
6.2901	0.0252746	1.06376
6.3001	0.0251945	1.0638
6.3101	0.0251147	1.06384
6.3201	0.0250353	1.06388
6.3301	0.0249562	1.06392
6.3401	0.0248776	1.06396
6.3501	0.0247993	1.064
6.3601	0.0247213	1.06404
6.3701	0.0246438	1.06408
6.3801	0.0245666	1.06412
6.3901	0.0244898	1.06415
6.4001	0.0244133	1.06419
6.4101	0.0243372	1.06423
6.4201	0.0242614	1.06426
6.4301	0.024186	1.0643
6.4401	0.024111	1.06434
6.4501	0.0240363	1.06438
6.4601	0.0239619	1.06441
6.4701	0.0238879	1.06445
6.4801	0.0238142	1.06449
6.4901	0.0237409	1.06452
6.5001	0.0236679	1.06456
6.5101	0.0235953	1.06459
6.5201	0.0235229	1.06463
6.5301	0.0234509	1.06467
6.5401	0.0233793	1.0647
6.5501	0.023308	1.06473
6.5601	0.0232369	1.06477
6.5701	0.0231663	1.0648
6.5801	0.0230959	1.06484
6.5901	0.0230259	1.06487
6.6001	0.0229561	1.06491
6.6101	0.0228867	1.06494
6.6201	0.0228176	1.06498
6.6301	0.0227489	1.06501
6.6401	0.0226804	1.06504
6.6501	0.0226122	1.06508
6.6601	0.0225444	1.06511
6.6701	0.0224768	1.06514
6.6801	0.0224096	1.06518
6.6901	0.0223427	1.06521
6.7001	0.022276	1.06524
6.7101	0.0222097	1.06527
6.7201	0.0221436	1.06531
6.7301	0.0220779	1.06534
6.7401	0.0220124	1.06537
6.7501	0.0219472	1.0654
6.7601	0.0218823	1.06543
6.7701	0.0218177	1.06546
6.7801	0.0217534	1.0655
6.7901	0.0216894	1.06553
6.8001	0.0216257	1.06556
6.8101	0.0215622	1.06559
6.8201	0.021499	1.06562
6.8301	0.0214361	1.06566
6.8401	0.0213735	1.06569
6.8501	0.0213111	1.06572
6.8601	0.021249	1.06574
6.8701	0.0211872	1.06578
6.8801	0.0211257	1.06581
6.8901	0.0210644	1.06584
6.9001	0.0210034	1.06586
6.9101	0.0209426	1.06589
6.9201	0.0208822	1.06592
6.9301	0.0208219	1.06595
6.9401	0.020762	1.06598
6.9501	0.0207023	1.06601
6.9601	0.0206428	1.06604
6.9701	0.0205836	1.06607
6.9801	0.0205247	1.0661
6.9901	0.020466	1.06613
7.0001	0.0204076	1.06615
7.0101	0.0203494	1.06618
7.0201	0.0202915	1.06621
7.0301	0.0202338	1.06624
7.0401	0.0201763	1.06627
7.0501	0.0201191	1.0663
7.0601	0.0200622	1.06632
7.0701	0.0200055	1.06635
7.0801	0.019949	1.06638
7.0901	0.0198928	1.06641
7.1001	0.0198368	1.06643
7.1101	0.019781	1.06646
7.1201	0.0197255	1.06649
7.1301	0.0196702	1.06651
7.1401	0.0196151	1.06654
7.1501	0.0195603	1.06657
7.1601	0.0195057	1.06659
7.1701	0.0194513	1.06662
7.1801	0.0193972	1.06664
7.1901	0.0193433	1.06667
7.2001	0.0192896	1.06669
7.2101	0.0192361	1.06672
7.2201	0.0191829	1.06674
7.2301	0.0191298	1.06677
7.2401	0.019077	1.06679
7.2501	0.0190244	1.06682
7.2601	0.0189721	1.06684
7.2701	0.0189199	1.06687
7.2801	0.018868	1.0669
7.2901	0.0188162	1.06692
7.3001	0.0187647	1.06695
7.3101	0.0187134	1.06697
7.3201	0.0186623	1.06699
7.3301	0.0186114	1.06702
7.3401	0.0185608	1.06704
7.3501	0.0185103	1.06707
7.3601	0.01846	1.06709
7.3701	0.01841	1.06711
7.3801	0.0183601	1.06714
7.3901	0.0183105	1.06716
7.4001	0.018261	1.06718
7.4101	0.0182118	1.06721
7.4201	0.0181627	1.06723
7.4301	0.0181138	1.06725
7.4401	0.0180652	1.06727
7.4501	0.0180167	1.0673
7.4601	0.0179685	1.06732
7.4701	0.0179204	1.06735
7.4801	0.0178725	1.06737
7.4901	0.0178248	1.06739
7.5001	0.0177773	1.06741
7.5101	0.01773	1.06744
7.5201	0.0176829	1.06746
7.5301	0.0176359	1.06748
7.5401	0.0175892	1.0675
7.5501	0.0175426	1.06753
7.5601	0.0174962	1.06755
7.5701	0.0174501	1.06757
7.5801	0.017404	1.06759
7.5901	0.0173582	1.06762
7.6001	0.0173126	1.06764
7.6101	0.0172671	1.06766
7.6201	0.0172218	1.06768
7.6301	0.0171767	1.0677
7.6401	0.0171318	1.06772
7.6501	0.017087	1.06774
7.6601	0.0170424	1.06776
7.6701	0.016998	1.06778
7.6801	0.0169538	1.06781
7.6901	0.0169097	1.06783
7.7001	0.0168658	1.06785
7.7101	0.0168221	1.06787
7.7201	0.0167785	1.06789
7.7301	0.0167352	1.06791
7.7401	0.0166919	1.06793
7.7501	0.0166489	1.06795
7.7601	0.016606	1.06798
7.7701	0.0165633	1.068
7.7801	0.0165207	1.06802
7.7901	0.0164784	1.06804
7.8001	0.0164361	1.06805
7.8101	0.0163941	1.06807
7.8201	0.0163522	1.06809
7.8301	0.0163104	1.06811
7.8401	0.0162688	1.06813
7.8501	0.0162274	1.06815
7.8601	0.0161862	1.06817
7.8701	0.0161451	1.06819
7.8801	0.0161041	1.06821
7.8901	0.0160633	1.06823
7.9001	0.0160227	1.06825
7.9101	0.0159822	1.06827
7.9201	0.0159418	1.06829
7.9301	0.0159017	1.06831
7.9401	0.0158616	1.06833
7.9501	0.0158218	1.06835
7.9601	0.015782	1.06837
7.9701	0.0157425	1.06838
7.9801	0.015703	1.0684
7.9901	0.0156637	1.06842
8.0001	0.0156246	1.06844
8.0101	0.0155856	1.06846
8.0201	0.0155468	1.06848
8.0301	0.0155081	1.0685
8.0401	0.0154695	1.06852
8.0501	0.0154311	1.06854
8.0601	0.0153929	1.06855
8.0701	0.0153547	1.06857
8.0801	0.0153167	1.06859
8.0901	0.0152789	1.06861
8.1001	0.0152412	1.06863
8.1101	0.0152036	1.06864
8.1201	0.0151662	1.06866
8.1301	0.0151289	1.06868
8.1401	0.0150918	1.0687
8.1501	0.0150548	1.06871
8.1601	0.0150179	1.06873
8.1701	0.0149812	1.06875
8.1801	0.0149445	1.06876
8.1901	0.0149081	1.06878
8.2001	0.0148717	1.0688
8.2101	0.0148355	1.06882
8.2201	0.0147995	1.06884
8.2301	0.0147635	1.06885
8.2401	0.0147277	1.06887
8.2501	0.014692	1.06889
8.2601	0.0146565	1.0689
8.2701	0.014621	1.06892
8.2801	0.0145858	1.06894
8.2901	0.0145506	1.06895
8.3001	0.0145155	1.06897
8.3101	0.0144806	1.06899
8.3201	0.0144458	1.069
8.3301	0.0144112	1.06902
8.3401	0.0143766	1.06904
8.3501	0.0143422	1.06905
8.3601	0.0143079	1.06907
8.3701	0.0142738	1.06908
8.3801	0.0142397	1.0691
8.3901	0.0142058	1.06912
8.4001	0.014172	1.06913
8.4101	0.0141383	1.06915
8.4201	0.0141048	1.06916
8.4301	0.0140713	1.06918
8.4401	0.014038	1.0692
8.4501	0.0140048	1.06921
8.4601	0.0139717	1.06923
8.4701	0.0139387	1.06924
8.4801	0.0139059	1.06926
8.4901	0.0138731	1.06928
8.5001	0.0138405	1.06929
8.5101	0.013808	1.06931
8.5201	0.0137756	1.06932
8.5301	0.0137433	1.06933
8.5401	0.0137112	1.06935
8.5501	0.0136791	1.06937
8.5601	0.0136472	1.06938
8.5701	0.0136153	1.0694
8.5801	0.0135836	1.06941
8.5901	0.013552	1.06943
8.6001	0.0135205	1.06944
8.6101	0.0134891	1.06945
8.6201	0.0134578	1.06947
8.6301	0.0134267	1.06948
8.6401	0.0133956	1.0695
8.6501	0.0133647	1.06951
8.6601	0.0133338	1.06953
8.6701	0.0133031	1.06954
8.6801	0.0132724	1.06956
8.6901	0.0132419	1.06957
8.7001	0.0132115	1.06959
8.7101	0.0131812	1.0696
8.7201	0.0131509	1.06962
8.7301	0.0131208	1.06963
8.7401	0.0130908	1.06964
8.7501	0.0130609	1.06966
8.7601	0.0130311	1.06967
8.7701	0.0130014	1.06969
8.7801	0.0129718	1.0697
8.7901	0.0129423	1.06971
8.8001	0.0129129	1.06973
8.8101	0.0128836	1.06974
8.8201	0.0128544	1.06975
8.8301	0.0128253	1.06977
8.8401	0.0127963	1.06978
8.8501	0.0127674	1.06979
8.8601	0.0127386	1.06981
8.8701	0.0127099	1.06982
8.8801	0.0126813	1.06984
8.8901	0.0126528	1.06985
8.9001	0.0126244	1.06986
8.9101	0.0125961	1.06987
8.9201	0.0125678	1.06989
8.9301	0.0125397	1.0699
8.9401	0.0125117	1.06991
8.9501	0.0124837	1.06993
8.9601	0.0124559	1.06994
8.9701	0.0124281	1.06995
8.9801	0.0124005	1.06996
8.9901	0.0123729	1.06998
9.0001	0.0123454	1.06999
9.0101	0.012318	1.07
9.0201	0.0122907	1.07001
9.0301	0.0122635	1.07003
9.0401	0.0122364	1.07004
9.0501	0.0122094	1.07005
9.0601	0.0121824	1.07007
9.0701	0.0121556	1.07008
9.0801	0.0121288	1.07009
9.0901	0.0121022	1.0701
9.1001	0.0120756	1.07012
9.1101	0.0120491	1.07013
9.1201	0.0120227	1.07014
9.1301	0.0119963	1.07015
9.1401	0.0119701	1.07017
9.1501	0.011944	1.07018
9.1601	0.0119179	1.07019
9.1701	0.0118919	1.0702
9.1801	0.011866	1.07021
9.1901	0.0118402	1.07023
9.2001	0.0118145	1.07024
9.2101	0.0117888	1.07025
9.2201	0.0117633	1.07026
9.2301	0.0117378	1.07028
9.2401	0.0117124	1.07029
9.2501	0.0116871	1.0703
9.2601	0.0116619	1.07031
9.2701	0.0116367	1.07032
9.2801	0.0116117	1.07033
9.2901	0.0115867	1.07035
9.3001	0.0115618	1.07036
9.3101	0.011537	1.07037
9.3201	0.0115122	1.07038
9.3301	0.0114875	1.07039
9.3401	0.011463	1.07041
9.3501	0.0114385	1.07042
9.3601	0.011414	1.07043
9.3701	0.0113897	1.07044
9.3801	0.0113654	1.07045
9.3901	0.0113412	1.07046
9.4001	0.0113171	1.07047
9.4101	0.0112931	1.07048
9.4201	0.0112691	1.07049
9.4301	0.0112452	1.07051
9.4401	0.0112214	1.07052
9.4501	0.0111977	1.07053
9.4601	0.011174	1.07054
9.4701	0.0111504	1.07055
9.4801	0.0111269	1.07056
9.4901	0.0111035	1.07057
9.5001	0.0110801	1.07058
9.5101	0.0110568	1.07059
9.5201	0.0110336	1.0706
9.5301	0.0110105	1.07061
9.5401	0.0109874	1.07063
9.5501	0.0109644	1.07064
9.5601	0.0109415	1.07065
9.5701	0.0109186	1.07066
9.5801	0.0108958	1.07067
9.5901	0.0108731	1.07068
9.6001	0.0108505	1.07069
9.6101	0.0108279	1.0707
9.6201	0.0108054	1.07071
9.6301	0.010783	1.07072
9.6401	0.0107606	1.07073
9.6501	0.0107383	1.07074
9.6601	0.0107161	1.07075
9.6701	0.0106939	1.07076
9.6801	0.0106719	1.07077
9.6901	0.0106498	1.07078
9.7001	0.0106279	1.07079
9.7101	0.010606	1.0708
9.7201	0.0105842	1.07081
9.7301	0.0105625	1.07082
9.7401	0.0105408	1.07083
9.7501	0.0105192	1.07084
9.7601	0.0104976	1.07085
9.7701	0.0104762	1.07086
9.7801	0.0104547	1.07087
9.7901	0.0104334	1.07088
9.8001	0.0104121	1.07089
9.8101	0.0103909	1.0709
9.8201	0.0103697	1.07091
9.8301	0.0103487	1.07092
9.8401	0.0103276	1.07093
9.8501	0.0103067	1.07094
9.8601	0.0102858	1.07095
9.8701	0.010265	1.07096
9.8801	0.0102442	1.07097
9.8901	0.0102235	1.07098
9.9001	0.0102028	1.07099
9.9101	0.0101823	1.071
9.9201	0.0101617	1.07101
9.9301	0.0101413	1.07102
9.9401	0.0101209	1.07103
9.9501	0.0101006	1.07104
9.9601	0.0100803	1.07105
9.9701	0.0100601	1.07105
9.9801	0.0100399	1.07106
9.9901	0.0100198	1.07107
10.0001	0.0099998	1.07108
10.0101	0.00997983	1.07109
10.0201	0.00995992	1.0711
10.0301	0.00994007	1.07111
10.0401	0.00992028	1.07112
10.0501	0.00990055	1.07113
10.0601	0.00988087	1.07114
10.0701	0.00986126	1.07115
10.0801	0.0098417	1.07116
10.0901	0.00982221	1.07116
10.1001	0.00980277	1.07117
10.1101	0.00978338	1.07118
10.1201	0.00976406	1.07119
10.1301	0.00974479	1.0712
10.1401	0.00972558	1.07121
10.1501	0.00970643	1.07122
10.1601	0.00968733	1.07123
10.1701	0.00966829	1.07124
10.1801	0.0096493	1.07124
10.1901	0.00963037	1.07125
10.2001	0.0096115	1.07126
10.2101	0.00959268	1.07127
10.2201	0.00957392	1.07128
10.2301	0.00955521	1.07129
10.2401	0.00953656	1.0713
10.2501	0.00951796	1.07131
10.2601	0.00949941	1.07131
10.2701	0.00948092	1.07132
10.2801	0.00946249	1.07133
10.2901	0.00944411	1.07134
10.3001	0.00942578	1.07135
10.3101	0.0094075	1.07136
10.3201	0.00938928	1.07136
10.3301	0.00937111	1.07137
10.3401	0.00935299	1.07138
10.3501	0.00933493	1.07139
10.3601	0.00931691	1.0714
10.3701	0.00929895	1.07141
10.3801	0.00928105	1.07141
10.3901	0.00926319	1.07142
10.4001	0.00924538	1.07143
10.4101	0.00922763	1.07144
10.4201	0.00920993	1.07145
10.4301	0.00919228	1.07145
10.4401	0.00917467	1.07146
10.4501	0.00915712	1.07147
10.4601	0.00913962	1.07148
10.4701	0.00912217	1.07149
10.4801	0.00910477	1.07149
10.4901	0.00908742	1.0715
10.5001	0.00907012	1.07151
10.5101	0.00905287	1.07152
10.5201	0.00903567	1.07153
10.5301	0.00901851	1.07154
10.5401	0.00900141	1.07154
10.5501	0.00898435	1.07155
10.5601	0.00896735	1.07156
10.5701	0.00895039	1.07157
10.5801	0.00893348	1.07158
10.5901	0.00891661	1.07158
10.6001	0.0088998	1.07159
10.6101	0.00888303	1.0716
10.6201	0.00886631	1.07161
10.6301	0.00884963	1.07161
10.6401	0.00883301	1.07162
10.6501	0.00881643	1.07163
10.6601	0.00879989	1.07164
10.6701	0.00878341	1.07165
10.6801	0.00876697	1.07165
10.6901	0.00875057	1.07166
10.7001	0.00873422	1.07167
10.7101	0.00871792	1.07168
10.7201	0.00870166	1.07168
10.7301	0.00868545	1.07169
10.7401	0.00866929	1.0717
10.7501	0.00865317	1.07171
10.7601	0.00863709	1.07171
10.7701	0.00862106	1.07172
10.7801	0.00860507	1.07173
10.7901	0.00858913	1.07174
10.8001	0.00857323	1.07174
10.8101	0.00855738	1.07175
10.8201	0.00854157	1.07176
10.8301	0.0085258	1.07177
10.8401	0.00851008	1.07177
10.8501	0.0084944	1.07178
10.8601	0.00847876	1.07179
10.8701	0.00846317	1.07179
10.8801	0.00844762	1.0718
10.8901	0.00843211	1.07181
10.9001	0.00841665	1.07181
10.9101	0.00840122	1.07182
10.9201	0.00838584	1.07183
10.9301	0.00837051	1.07184
10.9401	0.00835521	1.07184
10.9501	0.00833996	1.07185
10.9601	0.00832475	1.07186
10.9701	0.00830958	1.07186
10.9801	0.00829445	1.07187
10.9901	0.00827936	1.07188
11.0001	0.00826431	1.07188
11.0101	0.00824931	1.07189
11.0201	0.00823434	1.0719
11.0301	0.00821942	1.07191
11.0401	0.00820454	1.07191
11.0501	0.00818969	1.07192
11.0601	0.00817489	1.07193
11.0701	0.00816013	1.07193
11.0801	0.0081454	1.07194
11.0901	0.00813072	1.07195
11.1001	0.00811608	1.07195
11.1101	0.00810147	1.07196
11.1201	0.00808691	1.07197
11.1301	0.00807239	1.07197
11.1401	0.0080579	1.07198
11.1501	0.00804345	1.07199
11.1601	0.00802904	1.072
11.1701	0.00801467	1.072
11.1801	0.00800034	1.07201
11.1901	0.00798605	1.07202
11.2001	0.0079718	1.07202
11.2101	0.00795758	1.07203
11.2201	0.0079434	1.07204
11.2301	0.00792926	1.07204
11.2401	0.00791516	1.07205
11.2501	0.00790109	1.07205
11.2601	0.00788707	1.07206
11.2701	0.00787308	1.07207
11.2801	0.00785912	1.07207
11.2901	0.00784521	1.07208
11.3001	0.00783133	1.07209
11.3101	0.00781749	1.07209
11.3201	0.00780368	1.0721
11.3301	0.00778991	1.07211
11.3401	0.00777618	1.07211
11.3501	0.00776248	1.07212
11.3601	0.00774882	1.07212
11.3701	0.0077352	1.07213
11.3801	0.00772161	1.07214
11.3901	0.00770806	1.07214
11.4001	0.00769454	1.07215
11.4101	0.00768106	1.07216
11.4201	0.00766761	1.07216
11.4301	0.0076542	1.07217
11.4401	0.00764083	1.07217
11.4501	0.00762749	1.07218
11.4601	0.00761418	1.07219
11.4701	0.00760091	1.07219
11.4801	0.00758767	1.0722
11.4901	0.00757447	1.07221
11.5001	0.00756131	1.07221
11.5101	0.00754817	1.07222
11.5201	0.00753507	1.07222
11.5301	0.00752201	1.07223
11.5401	0.00750898	1.07223
11.5501	0.00749598	1.07224
11.5601	0.00748302	1.07225
11.5701	0.00747009	1.07225
11.5801	0.00745719	1.07226
11.5901	0.00744433	1.07226
11.6001	0.0074315	1.07227
11.6101	0.0074187	1.07228
11.6201	0.00740594	1.07228
11.6301	0.00739321	1.07229
11.6401	0.00738051	1.07229
11.6501	0.00736785	1.0723
11.6601	0.00735522	1.07231
11.6701	0.00734262	1.07231
11.6801	0.00733005	1.07232
11.6901	0.00731751	1.07232
11.7001	0.00730501	1.07233
11.7101	0.00729254	1.07233
11.7201	0.0072801	1.07234
11.7301	0.00726769	1.07235
11.7401	0.00725532	1.07235
11.7501	0.00724297	1.07236
11.7601	0.00723066	1.07236
11.7701	0.00721838	1.07237
11.7801	0.00720613	1.07237
11.7901	0.00719391	1.07238
11.8001	0.00718172	1.07239
11.8101	0.00716957	1.07239
11.8201	0.00715744	1.0724
11.8301	0.00714534	1.0724
11.8401	0.00713328	1.07241
11.8501	0.00712125	1.07241
11.8601	0.00710924	1.07242
11.8701	0.00709727	1.07243
11.8801	0.00708533	1.07243
11.8901	0.00707341	1.07244
11.9001	0.00706153	1.07244
11.9101	0.00704968	1.07245
11.9201	0.00703785	1.07245
11.9301	0.00702606	1.07246
11.9401	0.0070143	1.07246
11.9501	0.00700256	1.07247
11.9601	0.00699086	1.07247
11.9701	0.00697918	1.07248
11.9801	0.00696753	1.07248
11.9901	0.00695592	1.07249
12.0001	0.00694433	1.07249
12.0101	0.00693277	1.0725
12.0201	0.00692124	1.07251
12.0301	0.00690974	1.07251
12.0401	0.00689826	1.07252
12.0501	0.00688682	1.07252
12.0601	0.0068754	1.07253
12.0701	0.00686402	1.07253
12.0801	0.00685266	1.07254
12.0901	0.00684132	1.07254
12.1001	0.00683002	1.07255
12.1101	0.00681875	1.07255
12.1201	0.0068075	1.07256
12.1301	0.00679628	1.07257
12.1401	0.00678509	1.07257
12.1501	0.00677392	1.07258
12.1601	0.00676279	1.07258
12.1701	0.00675168	1.07259
12.1801	0.0067406	1.07259
12.1901	0.00672954	1.0726
12.2001	0.00671851	1.0726
12.2101	0.00670751	1.07261
12.2201	0.00669654	1.07261
12.2301	0.00668559	1.07262
12.2401	0.00667467	1.07262
12.2501	0.00666378	1.07263
12.2601	0.00665292	1.07263
12.2701	0.00664208	1.07264
12.2801	0.00663126	1.07264
12.2901	0.00662048	1.07265
12.3001	0.00660971	1.07265
12.3101	0.00659898	1.07266
12.3201	0.00658827	1.07266
12.3301	0.00657759	1.07267
12.3401	0.00656693	1.07267
12.3501	0.0065563	1.07268
12.3601	0.0065457	1.07268
12.3701	0.00653512	1.07269
12.3801	0.00652457	1.07269
12.3901	0.00651404	1.07269
12.4001	0.00650354	1.0727
12.4101	0.00649306	1.0727
12.4201	0.00648261	1.07271
12.4301	0.00647218	1.07271
12.4401	0.00646178	1.07272
12.4501	0.00645141	1.07272
12.4601	0.00644105	1.07273
12.4701	0.00643073	1.07273
12.4801	0.00642043	1.07274
12.4901	0.00641015	1.07274
12.5001	0.0063999	1.07275
12.5101	0.00638967	1.07275
12.5201	0.00637947	1.07276
12.5301	0.00636929	1.07276
12.5401	0.00635913	1.07277
12.5501	0.006349	1.07277
12.5601	0.0063389	1.07278
12.5701	0.00632882	1.07278
12.5801	0.00631876	1.07278
12.5901	0.00630873	1.07279
12.6001	0.00629872	1.07279
12.6101	0.00628873	1.0728
12.6201	0.00627877	1.0728
12.6301	0.00626883	1.07281
12.6401	0.00625891	1.07281
12.6501	0.00624902	1.07282
12.6601	0.00623915	1.07282
12.6701	0.00622931	1.07283
12.6801	0.00621949	1.07283
12.6901	0.00620969	1.07283
12.7001	0.00619991	1.07284
12.7101	0.00619016	1.07284
12.7201	0.00618043	1.07285
12.7301	0.00617073	1.07285
12.7401	0.00616104	1.07286
12.7501	0.00615138	1.07286
12.7601	0.00614175	1.07287
12.7701	0.00613213	1.07287
12.7801	0.00612254	1.07288
12.7901	0.00611297	1.07288
12.8001	0.00610342	1.07288
12.8101	0.00609389	1.07289
12.8201	0.00608439	1.07289
12.8301	0.00607491	1.0729
12.8401	0.00606545	1.0729
12.8501	0.00605602	1.07291
12.8601	0.0060466	1.07291
12.8701	0.00603721	1.07291
12.8801	0.00602784	1.07292
12.8901	0.00601849	1.07292
12.9001	0.00600916	1.07293
12.9101	0.00599986	1.07293
12.9201	0.00599057	1.07293
12.9301	0.00598131	1.07294
12.9401	0.00597207	1.07294
12.9501	0.00596285	1.07295
12.9601	0.00595365	1.07295
12.9701	0.00594447	1.07296
12.9801	0.00593532	1.07296
12.9901	0.00592618	1.07296
13.0001	0.00591707	1.07297
13.0101	0.00590798	1.07297
13.0201	0.0058989	1.07298
13.0301	0.00588985	1.07298
13.0401	0.00588082	1.07298
13.0501	0.00587181	1.07299
13.0601	0.00586283	1.07299
13.0701	0.00585386	1.073
13.0801	0.00584491	1.073
13.0901	0.00583598	1.07301
13.1001	0.00582708	1.07301
13.1101	0.00581819	1.07301
13.1201	0.00580933	1.07302
13.1301	0.00580048	1.07302
13.1401	0.00579165	1.07303
13.1501	0.00578285	1.07303
13.1601	0.00577406	1.07303
13.1701	0.0057653	1.07304
13.1801	0.00575655	1.07304
13.1901	0.00574783	1.07305
13.2001	0.00573912	1.07305
13.2101	0.00573044	1.07305
13.2201	0.00572177	1.07306
13.2301	0.00571313	1.07306
13.2401	0.0057045	1.07307
13.2501	0.00569589	1.07307
13.2601	0.0056873	1.07307
13.2701	0.00567874	1.07308
13.2801	0.00567019	1.07308
13.2901	0.00566166	1.07309
13.3001	0.00565315	1.07309
13.3101	0.00564465	1.07309
13.3201	0.00563618	1.0731
13.3301	0.00562773	1.0731
13.3401	0.00561929	1.0731
13.3501	0.00561088	1.07311
13.3601	0.00560248	1.07311
13.3701	0.00559411	1.07312
13.3801	0.00558575	1.07312
13.3901	0.00557741	1.07312
13.4001	0.00556909	1.07313
13.4101	0.00556078	1.07313
13.4201	0.0055525	1.07314
13.4301	0.00554423	1.07314
13.4401	0.00553599	1.07314
13.4501	0.00552776	1.07315
13.4601	0.00551955	1.07315
13.4701	0.00551135	1.07315
13.4801	0.00550318	1.07316
13.4901	0.00549502	1.07316
13.5001	0.00548689	1.07317
13.5101	0.00547877	1.07317
13.5201	0.00547067	1.07317
13.5301	0.00546258	1.07318
13.5401	0.00545452	1.07318
13.5501	0.00544647	1.07318
13.5601	0.00543844	1.07319
13.5701	0.00543043	1.07319
13.5801	0.00542243	1.07319
13.5901	0.00541445	1.0732
13.6001	0.00540649	1.0732
13.6101	0.00539855	1.07321
13.6201	0.00539063	1.07321
13.6301	0.00538272	1.07321
13.6401	0.00537483	1.07322
13.6501	0.00536696	1.07322
13.6601	0.0053591	1.07322
13.6701	0.00535127	1.07323
13.6801	0.00534345	1.07323
13.6901	0.00533564	1.07323
13.7001	0.00532786	1.07324
13.7101	0.00532009	1.07324
13.7201	0.00531233	1.07325
13.7301	0.0053046	1.07325
13.7401	0.00529688	1.07325
13.7501	0.00528918	1.07326
13.7601	0.00528149	1.07326
13.7701	0.00527383	1.07326
13.7801	0.00526617	1.07327
13.7901	0.00525854	1.07327
13.8001	0.00525092	1.07327
13.8101	0.00524332	1.07328
13.8201	0.00523573	1.07328
13.8301	0.00522817	1.07328
13.8401	0.00522061	1.07329
13.8501	0.00521308	1.07329
13.8601	0.00520556	1.07329
13.8701	0.00519805	1.0733
13.8801	0.00519057	1.0733
13.8901	0.0051831	1.0733
13.9001	0.00517564	1.07331
13.9101	0.0051682	1.07331
13.9201	0.00516078	1.07331
13.9301	0.00515337	1.07332
13.9401	0.00514598	1.07332
13.9501	0.00513861	1.07332
13.9601	0.00513125	1.07333
13.9701	0.0051239	1.07333
13.9801	0.00511658	1.07333
13.9901	0.00510926	1.07334
14.0001	0.00510197	1.07334
14.0101	0.00509469	1.07334
14.0201	0.00508742	1.07335
14.0301	0.00508017	1.07335
14.0401	0.00507294	1.07335
14.0501	0.00506572	1.07336
14.0601	0.00505852	1.07336
14.0701	0.00505133	1.07336
14.0801	0.00504416	1.07337
14.0901	0.005037	1.07337
14.1001	0.00502986	1.07337
14.1101	0.00502273	1.07338
14.1201	0.00501562	1.07338
14.1301	0.00500852	1.07338
14.1401	0.00500144	1.07339
14.1501	0.00499437	1.07339
14.1601	0.00498732	1.07339
14.1701	0.00498028	1.0734
14.1801	0.00497326	1.0734
14.1901	0.00496626	1.0734
14.2001	0.00495926	1.07341
14.2101	0.00495229	1.07341
14.2201	0.00494532	1.07341
14.2301	0.00493838	1.07342
14.2401	0.00493144	1.07342
14.2501	0.00492452	1.07342
14.2601	0.00491762	1.07342
14.2701	0.00491073	1.07343
14.2801	0.00490385	1.07343
14.2901	0.00489699	1.07343
14.3001	0.00489015	1.07344
14.3101	0.00488331	1.07344
14.3201	0.0048765	1.07344
14.3301	0.00486969	1.07345
14.3401	0.0048629	1.07345
14.3501	0.00485613	1.07345
14.3601	0.00484937	1.07345
14.3701	0.00484262	1.07346
14.3801	0.00483589	1.07346
14.3901	0.00482917	1.07346
14.4001	0.00482246	1.07347
14.4101	0.00481577	1.07347
14.4201	0.0048091	1.07347
14.4301	0.00480243	1.07348
14.4401	0.00479578	1.07348
14.4501	0.00478915	1.07348
14.4601	0.00478253	1.07349
14.4701	0.00477592	1.07349
14.4801	0.00476932	1.07349
14.4901	0.00476274	1.07349
14.5001	0.00475618	1.0735
14.5101	0.00474962	1.0735
14.5201	0.00474308	1.0735
14.5301	0.00473656	1.07351
14.5401	0.00473004	1.07351
14.5501	0.00472354	1.07351
14.5601	0.00471706	1.07351
14.5701	0.00471059	1.07352
14.5801	0.00470413	1.07352
14.5901	0.00469768	1.07352
14.6001	0.00469125	1.07353
14.6101	0.00468483	1.07353
14.6201	0.00467842	1.07353
14.6301	0.00467203	1.07354
14.6401	0.00466565	1.07354
14.6501	0.00465928	1.07354
14.6601	0.00465293	1.07354
14.6701	0.00464658	1.07355
14.6801	0.00464026	1.07355
14.6901	0.00463394	1.07355
14.7001	0.00462764	1.07356
14.7101	0.00462135	1.07356
14.7201	0.00461507	1.07356
14.7301	0.00460881	1.07356
14.7401	0.00460256	1.07357
14.7501	0.00459632	1.07357
14.7601	0.00459009	1.07357
14.7701	0.00458388	1.07357
14.7801	0.00457768	1.07358
14.7901	0.00457149	1.07358
14.8001	0.00456531	1.07358
14.8101	0.00455915	1.07359
14.8201	0.004553	1.07359
14.8301	0.00454686	1.07359
14.8401	0.00454074	1.07359
14.8501	0.00453462	1.0736
14.8601	0.00452852	1.0736
14.8701	0.00452243	1.0736
14.8801	0.00451636	1.07361
14.8901	0.00451029	1.07361
14.9001	0.00450424	1.07361
14.9101	0.0044982	1.07361
14.9201	0.00449217	1.07362
14.9301	0.00448616	1.07362
14.9401	0.00448015	1.07362
14.9501	0.00447416	1.07362
14.9601	0.00446818	1.07363
14.9701	0.00446222	1.07363
14.9801	0.00445626	1.07363
14.9901	0.00445032	1.07363
15.0001	0.00444439	1.07364
15.0101	0.00443847	1.07364
15.0201	0.00443256	1.07364
15.0301	0.00442666	1.07365
15.0401	0.00442078	1.07365
15.0501	0.0044149	1.07365
15.0601	0.00440904	1.07365
15.0701	0.00440319	1.07366
15.0801	0.00439736	1.07366
15.0901	0.00439153	1.07366
15.1001	0.00438571	1.07366
15.1101	0.00437991	1.07367
15.1201	0.00437412	1.07367
15.1301	0.00436834	1.07367
15.1401	0.00436257	1.07368
15.1501	0.00435681	1.07368
15.1601	0.00435107	1.07368
15.1701	0.00434533	1.07368
15.1801	0.00433961	1.07369
15.1901	0.0043339	1.07369
15.2001	0.0043282	1.07369
15.2101	0.00432251	1.07369
15.2201	0.00431683	1.0737
15.2301	0.00431116	1.0737
15.2401	0.00430551	1.0737
15.2501	0.00429986	1.0737
15.2601	0.00429423	1.07371
15.2701	0.00428861	1.07371
15.2801	0.004283	1.07371
15.2901	0.00427739	1.07371
15.3001	0.00427181	1.07372
15.3101	0.00426623	1.07372
15.3201	0.00426066	1.07372
15.3301	0.0042551	1.07372
15.3401	0.00424956	1.07373
15.3501	0.00424402	1.07373
15.3601	0.0042385	1.07373
15.3701	0.00423298	1.07373
15.3801	0.00422748	1.07374
15.3901	0.00422199	1.07374
15.4001	0.00421651	1.07374
15.4101	0.00421104	1.07374
15.4201	0.00420558	1.07375
15.4301	0.00420013	1.07375
15.4401	0.00419469	1.07375
15.4501	0.00418926	1.07375
15.4601	0.00418384	1.07376
15.4701	0.00417844	1.07376
15.4801	0.00417304	1.07376
15.4901	0.00416765	1.07376
15.5001	0.00416228	1.07377
15.5101	0.00415691	1.07377
15.5201	0.00415156	1.07377
15.5301	0.00414621	1.07377
15.5401	0.00414088	1.07378
15.5501	0.00413555	1.07378
15.5601	0.00413024	1.07378
15.5701	0.00412494	1.07378
15.5801	0.00411964	1.07379
15.5901	0.00411436	1.07379
15.6001	0.00410909	1.07379
15.6101	0.00410382	1.07379
15.6201	0.00409857	1.0738
15.6301	0.00409333	1.0738
15.6401	0.00408809	1.0738
15.6501	0.00408287	1.0738
15.6601	0.00407766	1.07381
15.6701	0.00407246	1.07381
15.6801	0.00406726	1.07381
15.6901	0.00406208	1.07381
15.7001	0.00405691	1.07381
15.7101	0.00405174	1.07382
15.7201	0.00404659	1.07382
15.7301	0.00404145	1.07382
15.7401	0.00403631	1.07382
15.7501	0.00403119	1.07383
15.7601	0.00402608	1.07383
15.7701	0.00402097	1.07383
15.7801	0.00401588	1.07383
15.7901	0.00401079	1.07384
15.8001	0.00400572	1.07384
15.8101	0.00400065	1.07384
15.8201	0.0039956	1.07384
15.8301	0.00399055	1.07385
15.8401	0.00398551	1.07385
15.8501	0.00398048	1.07385
15.8601	0.00397547	1.07385
15.8701	0.00397046	1.07385
15.8801	0.00396546	1.07386
15.8901	0.00396047	1.07386
15.9001	0.00395549	1.07386
15.9101	0.00395052	1.07386
15.9201	0.00394556	1.07387
15.9301	0.00394061	1.07387
15.9401	0.00393566	1.07387
15.9501	0.00393073	1.07387
15.9601	0.00392581	1.07388
15.9701	0.00392089	1.07388
15.9801	0.00391598	1.07388
15.9901	0.00391109	1.07388
16.0001	0.0039062	1.07388
16.0101	0.00390132	1.07389
16.0201	0.00389645	1.07389
16.0301	0.00389159	1.07389
16.0401	0.00388674	1.07389
16.0501	0.0038819	1.0739
16.0601	0.00387707	1.0739
16.0701	0.00387225	1.0739
16.0801	0.00386743	1.0739
16.0901	0.00386262	1.0739
16.1001	0.00385783	1.07391
16.1101	0.00385304	1.07391
16.1201	0.00384826	1.07391
16.1301	0.00384349	1.07391
16.1401	0.00383873	1.07392
16.1501	0.00383398	1.07392
16.1601	0.00382923	1.07392
16.1701	0.0038245	1.07392
16.1801	0.00381977	1.07392
16.1901	0.00381506	1.07393
16.2001	0.00381035	1.07393
16.2101	0.00380565	1.07393
16.2201	0.00380096	1.07393
16.2301	0.00379627	1.07393
16.2401	0.0037916	1.07394
16.2501	0.00378694	1.07394
16.2601	0.00378228	1.07394
16.2701	0.00377763	1.07394
16.2801	0.00377299	1.07394
16.2901	0.00376836	1.07395
16.3001	0.00376374	1.07395
16.3101	0.00375912	1.07395
16.3201	0.00375452	1.07395
16.3301	0.00374992	1.07396
16.3401	0.00374533	1.07396
16.3501	0.00374075	1.07396
16.3601	0.00373618	1.07396
16.3701	0.00373162	1.07396
16.3801	0.00372706	1.07397
16.3901	0.00372252	1.07397
16.4001	0.00371798	1.07397
16.4101	0.00371345	1.07397
16.4201	0.00370893	1.07397
16.4301	0.00370441	1.07398
16.4401	0.00369991	1.07398
16.4501	0.00369541	1.07398
16.4601	0.00369092	1.07398
16.4701	0.00368644	1.07398
16.4801	0.00368197	1.07399
16.4901	0.00367751	1.07399
16.5001	0.00367305	1.07399
16.5101	0.0036686	1.07399
16.5201	0.00366416	1.07399
16.5301	0.00365973	1.074
16.5401	0.00365531	1.074
16.5501	0.00365089	1.074
16.5601	0.00364648	1.074
16.5701	0.00364208	1.074
16.5801	0.00363769	1.07401
16.5901	0.00363331	1.07401
16.6001	0.00362893	1.07401
16.6101	0.00362456	1.07401
16.6201	0.0036202	1.07401
16.6301	0.00361585	1.07402
16.6401	0.0036115	1.07402
16.6501	0.00360717	1.07402
16.6601	0.00360284	1.07402
16.6701	0.00359852	1.07402
16.6801	0.0035942	1.07403
16.6901	0.0035899	1.07403
16.7001	0.0035856	1.07403
16.7101	0.00358131	1.07403
16.7201	0.00357703	1.07403
16.7301	0.00357275	1.07403
16.7401	0.00356849	1.07404
16.7501	0.00356423	1.07404
16.7601	0.00355997	1.07404
16.7701	0.00355573	1.07404
16.7801	0.00355149	1.07404
16.7901	0.00354726	1.07405
16.8001	0.00354304	1.07405
16.8101	0.00353883	1.07405
16.8201	0.00353462	1.07405
16.8301	0.00353042	1.07405
16.8401	0.00352623	1.07406
16.8501	0.00352205	1.07406
16.8601	0.00351787	1.07406
16.8701	0.0035137	1.07406
16.8801	0.00350954	1.07406
16.8901	0.00350538	1.07406
16.9001	0.00350124	1.07407
16.9101	0.0034971	1.07407
16.9201	0.00349296	1.07407
16.9301	0.00348884	1.07407
16.9401	0.00348472	1.07407
16.9501	0.00348061	1.07408
16.9601	0.00347651	1.07408
16.9701	0.00347241	1.07408
16.9801	0.00346832	1.07408
16.9901	0.00346424	1.07408
17.0001	0.00346017	1.07409
17.0101	0.0034561	1.07409
17.0201	0.00345204	1.07409
17.0301	0.00344799	1.07409
17.0401	0.00344394	1.07409
17.0501	0.0034399	1.07409
17.0601	0.00343587	1.0741
17.0701	0.00343185	1.0741
17.0801	0.00342783	1.0741
17.0901	0.00342382	1.0741
17.1001	0.00341982	1.0741
17.1101	0.00341582	1.07411
17.1201	0.00341183	1.07411
17.1301	0.00340785	1.07411
17.1401	0.00340387	1.07411
17.1501	0.0033999	1.07411
17.1601	0.00339594	1.07411
17.1701	0.00339199	1.07412
17.1801	0.00338804	1.07412
17.1901	0.0033841	1.07412
17.2001	0.00338017	1.07412
17.2101	0.00337624	1.07412
17.2201	0.00337232	1.07413
17.2301	0.00336841	1.07413
17.2401	0.0033645	1.07413
17.2501	0.0033606	1.07413
17.2601	0.00335671	1.07413
17.2701	0.00335282	1.07413
17.2801	0.00334894	1.07414
17.2901	0.00334507	1.07414
17.3001	0.0033412	1.07414
17.3101	0.00333734	1.07414
17.3201	0.00333349	1.07414
17.3301	0.00332964	1.07414
17.3401	0.00332581	1.07415
17.3501	0.00332197	1.07415
17.3601	0.00331815	1.07415
17.3701	0.00331433	1.07415
17.3801	0.00331051	1.07415
17.3901	0.00330671	1.07415
17.4001	0.00330291	1.07416
17.4101	0.00329912	1.07416
17.4201	0.00329533	1.07416
17.4301	0.00329155	1.07416
17.4401	0.00328777	1.07416
17.4501	0.00328401	1.07417
17.4601	0.00328025	1.07417
17.4701	0.00327649	1.07417
17.4801	0.00327275	1.07417
17.4901	0.003269	1.07417
17.5001	0.00326527	1.07417
17.5101	0.00326154	1.07418
17.5201	0.00325782	1.07418
17.5301	0.0032541	1.07418
17.5401	0.00325039	1.07418
17.5501	0.00324669	1.07418
17.5601	0.00324299	1.07418
17.5701	0.0032393	1.07419
17.5801	0.00323562	1.07419
17.5901	0.00323194	1.07419
17.6001	0.00322827	1.07419
17.6101	0.0032246	1.07419
17.6201	0.00322094	1.07419
17.6301	0.00321729	1.0742
17.6401	0.00321365	1.0742
17.6501	0.00321	1.0742
17.6601	0.00320637	1.0742
17.6701	0.00320274	1.0742
17.6801	0.00319912	1.0742
17.6901	0.0031955	1.07421
17.7001	0.00319189	1.07421
17.7101	0.00318829	1.07421
17.7201	0.00318469	1.07421
17.7301	0.0031811	1.07421
17.7401	0.00317752	1.07421
17.7501	0.00317394	1.07421
17.7601	0.00317036	1.07422
17.7701	0.0031668	1.07422
17.7801	0.00316324	1.07422
17.7901	0.00315968	1.07422
17.8001	0.00315613	1.07422
17.8101	0.00315259	1.07422
17.8201	0.00314905	1.07423
17.8301	0.00314552	1.07423
17.8401	0.00314199	1.07423
17.8501	0.00313848	1.07423
17.8601	0.00313496	1.07423
17.8701	0.00313145	1.07423
17.8801	0.00312795	1.07424
17.8901	0.00312446	1.07424
17.9001	0.00312097	1.07424
17.9101	0.00311748	1.07424
17.9201	0.003114	1.07424
17.9301	0.00311053	1.07424
17.9401	0.00310706	1.07425
17.9501	0.0031036	1.07425
17.9601	0.00310015	1.07425
17.9701	0.0030967	1.07425
17.9801	0.00309326	1.07425
17.9901	0.00308982	1.07425
18.0001	0.00308639	1.07425
18.0101	0.00308296	1.07426
18.0201	0.00307954	1.07426
18.0301	0.00307612	1.07426
18.0401	0.00307271	1.07426
18.0501	0.00306931	1.07426
18.0601	0.00306591	1.07426
18.0701	0.00306252	1.07427
18.0801	0.00305913	1.07427
18.0901	0.00305575	1.07427
18.1001	0.00305238	1.07427
18.1101	0.00304901	1.07427
18.1201	0.00304564	1.07427
18.1301	0.00304228	1.07427
18.1401	0.00303893	1.07428
18.1501	0.00303558	1.07428
18.1601	0.00303224	1.07428
18.1701	0.0030289	1.07428
18.1801	0.00302557	1.07428
18.1901	0.00302225	1.07428
18.2001	0.00301893	1.07428
18.2101	0.00301561	1.07429
18.2201	0.0030123	1.07429
18.2301	0.003009	1.07429
18.2401	0.0030057	1.07429
18.2501	0.00300241	1.07429
18.2601	0.00299912	1.07429
18.2701	0.00299584	1.07429
18.2801	0.00299256	1.0743
18.2901	0.00298929	1.0743
18.3001	0.00298602	1.0743
18.3101	0.00298276	1.0743
18.3201	0.00297951	1.0743
18.3301	0.00297626	1.0743
18.3401	0.00297301	1.07431
18.3501	0.00296977	1.07431
18.3601	0.00296654	1.07431
18.3701	0.00296331	1.07431
18.3801	0.00296009	1.07431
18.3901	0.00295687	1.07431
18.4001	0.00295365	1.07431
18.4101	0.00295045	1.07432
18.4201	0.00294724	1.07432
18.4301	0.00294405	1.07432
18.4401	0.00294085	1.07432
18.4501	0.00293767	1.07432
18.4601	0.00293449	1.07432
18.4701	0.00293131	1.07432
18.4801	0.00292814	1.07433
18.4901	0.00292497	1.07433
18.5001	0.00292181	1.07433
18.5101	0.00291865	1.07433
18.5201	0.0029155	1.07433
18.5301	0.00291236	1.07433
18.5401	0.00290922	1.07433
18.5501	0.00290608	1.07434
18.5601	0.00290295	1.07434
18.5701	0.00289982	1.07434
18.5801	0.0028967	1.07434
18.5901	0.00289359	1.07434
18.6001	0.00289048	1.07434
18.6101	0.00288737	1.07434
18.6201	0.00288427	1.07435
18.6301	0.00288117	1.07435
18.6401	0.00287808	1.07435
18.6501	0.002875	1.07435
18.6601	0.00287192	1.07435
18.6701	0.00286884	1.07435
18.6801	0.00286577	1.07435
18.6901	0.00286271	1.07436
18.7001	0.00285965	1.07436
18.7101	0.00285659	1.07436
18.7201	0.00285354	1.07436
18.7301	0.00285049	1.07436
18.7401	0.00284745	1.07436
18.7501	0.00284441	1.07436
18.7601	0.00284138	1.07437
18.7701	0.00283836	1.07437
18.7801	0.00283533	1.07437
18.7901	0.00283232	1.07437
18.8001	0.0028293	1.07437
18.8101	0.0028263	1.07437
18.8201	0.00282329	1.07437
18.8301	0.0028203	1.07437
18.8401	0.0028173	1.07438
18.8501	0.00281431	1.07438
18.8601	0.00281133	1.07438
18.8701	0.00280835	1.07438
18.8801	0.00280538	1.07438
18.8901	0.00280241	1.07438
18.9001	0.00279944	1.07438
18.9101	0.00279648	1.07439
18.9201	0.00279353	1.07439
18.9301	0.00279058	1.07439
18.9401	0.00278763	1.07439
18.9501	0.00278469	1.07439
18.9601	0.00278175	1.07439
18.9701	0.00277882	1.07439
18.9801	0.00277589	1.07439
18.9901	0.00277297	1.0744
19.0001	0.00277005	1.0744
19.0101	0.00276714	1.0744
19.0201	0.00276423	1.0744
19.0301	0.00276133	1.0744
19.0401	0.00275843	1.0744
19.0501	0.00275553	1.0744
19.0601	0.00275264	1.07441
19.0701	0.00274976	1.07441
19.0801	0.00274687	1.07441
19.0901	0.002744	1.07441
19.1001	0.00274112	1.07441
19.1101	0.00273826	1.07441
19.1201	0.00273539	1.07441
19.1301	0.00273253	1.07441
19.1401	0.00272968	1.07442
19.1501	0.00272683	1.07442
19.1601	0.00272398	1.07442
19.1701	0.00272114	1.07442
19.1801	0.00271831	1.07442
19.1901	0.00271547	1.07442
19.2001	0.00271265	1.07442
19.2101	0.00270982	1.07442
19.2201	0.002707	1.07443
19.2301	0.00270419	1.07443
19.2401	0.00270138	1.07443
19.2501	0.00269857	1.07443
19.2601	0.00269577	1.07443
19.2701	0.00269297	1.07443
19.2801	0.00269018	1.07443
19.2901	0.00268739	1.07443
19.3001	0.00268461	1.07444
19.3101	0.00268183	1.07444
19.3201	0.00267905	1.07444
19.3301	0.00267628	1.07444
19.3401	0.00267351	1.07444
19.3501	0.00267075	1.07444
19.3601	0.00266799	1.07444
19.3701	0.00266524	1.07444
19.3801	0.00266249	1.07445
19.3901	0.00265974	1.07445
19.4001	0.002657	1.07445
19.4101	0.00265427	1.07445
19.4201	0.00265153	1.07445
19.4301	0.0026488	1.07445
19.4401	0.00264608	1.07445
19.4501	0.00264336	1.07445
19.4601	0.00264064	1.07446
19.4701	0.00263793	1.07446
19.4801	0.00263522	1.07446
19.4901	0.00263252	1.07446
19.5001	0.00262982	1.07446
19.5101	0.00262713	1.07446
19.5201	0.00262444	1.07446
19.5301	0.00262175	1.07446
19.5401	0.00261907	1.07447
19.5501	0.00261639	1.07447
19.5601	0.00261371	1.07447
19.5701	0.00261104	1.07447
19.5801	0.00260838	1.07447
19.5901	0.00260571	1.07447
19.6001	0.00260306	1.07447
19.6101	0.0026004	1.07447
19.6201	0.00259775	1.07448
19.6301	0.00259511	1.07448
19.6401	0.00259246	1.07448
19.6501	0.00258983	1.07448
19.6601	0.00258719	1.07448
19.6701	0.00258456	1.07448
19.6801	0.00258194	1.07448
19.6901	0.00257931	1.07448
19.7001	0.0025767	1.07448
19.7101	0.00257408	1.07449
19.7201	0.00257147	1.07449
19.7301	0.00256887	1.07449
19.7401	0.00256626	1.07449
19.7501	0.00256367	1.07449
19.7601	0.00256107	1.07449
19.7701	0.00255848	1.07449
19.7801	0.0025559	1.07449
19.7901	0.00255331	1.0745
19.8001	0.00255073	1.0745
19.8101	0.00254816	1.0745
19.8201	0.00254559	1.0745
19.8301	0.00254302	1.0745
19.8401	0.00254046	1.0745
19.8501	0.0025379	1.0745
19.8601	0.00253535	1.0745
19.8701	0.00253279	1.0745
19.8801	0.00253025	1.07451
19.8901	0.0025277	1.07451
19.9001	0.00252516	1.07451
19.9101	0.00252263	1.07451
19.9201	0.0025201	1.07451
19.9301	0.00251757	1.07451
19.9401	0.00251504	1.07451
19.9501	0.00251252	1.07451
19.9601	0.00251	1.07451
19.9701	0.00250749	1.07452
19.9801	0.00250498	1.07452
19.9901	0.00250248	1.07452
