0.0001	1e+008	0
0.0101	9802.96	0
0.0201	2475.19	0
0.0301	1103.74	0
0.0401	621.887	0
0.0501	398.405	0
0.0601	276.854	0
0.0701	203.5	0
0.0801	155.86	0
0.0901	123.183	0
0.1001	99.8003	0
0.1101	82.4946	0
0.1201	69.3288	0
0.1301	59.0807	0
0.1401	50.9476	0
0.1501	44.3852	0
0.1601	39.0137	0
0.1701	34.5614	0
0.1801	30.8299	0
0.1901	27.6717	0
0.2001	24.975	0
0.2101	22.6542	0
0.2201	20.6424	0
0.2301	18.8872	0
0.2401	17.3467	0
0.2501	15.9872	0
0.2601	14.7815	0
0.2701	13.7073	0
0.2801	12.746	0
0.2901	11.8824	0
0.3001	11.1037	0
0.3101	10.3991	0
0.3201	9.75952	0
0.3301	9.17717	0
0.3401	8.64543	0
0.3501	8.1586	0
0.3601	7.71176	0
0.3701	7.30066	0
0.3801	6.92156	0
0.3901	6.57125	0
0.4001	6.24688	0
0.4101	5.94594	0
0.4201	5.66624	0
0.4301	5.40581	0
0.4401	5.16294	0
0.4501	4.93608	0
0.4601	4.72384	0
0.4701	4.52501	0
0.4801	4.33847	0
0.4901	4.16323	0
0.5001	3.9984	0.000484422
0.5101	3.84317	0.000943682
0.5201	3.6968	0.00101052
0.5301	3.55864	0.00138506
0.5401	3.42809	0.00165116
0.5501	3.30458	0.00247206
0.5601	3.18764	0.00309745
0.5701	3.07679	0.00366807
0.5801	2.97163	0.0042755
0.5901	2.87176	0.00515331
0.6001	2.77685	0.00570105
0.6101	2.68657	0.00686957
0.6201	2.60062	0.00748126
0.6301	2.51873	0.00895034
0.6401	2.44064	0.00970366
0.6501	2.36614	0.0111117
0.6601	2.29499	0.0124214
0.6701	2.227	0.0134122
0.6801	2.16199	0.0150619
0.6901	2.09979	0.016629
0.7001	2.04023	0.0186135
0.7101	1.98317	0.020659
0.7201	1.92848	0.0221375
0.7301	1.87601	0.0240752
0.7401	1.82566	0.0256608
0.7501	1.7773	0.0274473
0.7601	1.73085	0.0296259
0.7701	1.68619	0.0316519
0.7801	1.64323	0.0334886
0.7901	1.6019	0.0357274
0.8001	1.56211	0.0372748
0.8101	1.52378	0.0396278
0.8201	1.48685	0.0413465
0.8301	1.45124	0.0435218
0.8401	1.4169	0.0463191
0.8501	1.38376	0.0495427
0.8601	1.35177	0.0522042
0.8701	1.32087	0.0551398
0.8801	1.29103	0.0574754
0.8901	1.26218	0.0598014
0.9001	1.23429	0.0628358
0.9101	1.20732	0.0656955
0.9201	1.18122	0.0689038
0.9301	1.15595	0.0717622
0.9401	1.13149	0.0752827
0.9501	1.1078	0.0783017
0.9601	1.08484	0.0822627
0.9701	1.06259	0.0857515
0.9801	1.04102	0.0893403
0.9901	1.0201	0.0929715
1.0001	0.9998	0.0964804
1.0101	0.980102	0.100151
1.0201	0.96098	0.103616
1.0301	0.942413	0.107407
1.0401	0.924378	0.111197
1.0501	0.906857	0.114548
1.0601	0.889829	0.118103
1.0701	0.873275	0.121959
1.0801	0.85718	0.126831
1.0901	0.841526	0.131146
1.1001	0.826296	0.13484
1.1101	0.811476	0.139537
1.1201	0.797052	0.143545
1.1301	0.783008	0.148005
1.1401	0.769333	0.152169
1.1501	0.756012	0.156529
1.1601	0.743035	0.161216
1.1701	0.730389	0.165726
1.1801	0.718063	0.170653
1.1901	0.706046	0.176256
1.2001	0.694329	0.181264
1.2101	0.682901	0.186107
1.2201	0.671752	0.191055
1.2301	0.660875	0.196226
1.2401	0.650259	0.202465
1.2501	0.639898	0.207473
1.2601	0.629782	0.213292
1.2701	0.619904	0.218988
1.2801	0.610256	0.224458
1.2901	0.600832	0.230264
1.3001	0.591625	0.236226
1.3101	0.582628	0.241858
1.3201	0.573834	0.248804
1.3301	0.565238	0.254939
1.3401	0.556834	0.260564
1.3501	0.548616	0.266948
1.3601	0.540578	0.273574
1.3701	0.532716	0.279483
1.3801	0.525024	0.286605
1.3901	0.517497	0.29325
1.4001	0.510131	0.300639
1.4101	0.502921	0.30783
1.4201	0.495864	0.314372
1.4301	0.488953	0.320698
1.4401	0.482186	0.326738
1.4501	0.475559	0.334066
1.4601	0.469067	0.341936
1.4701	0.462707	0.34965
1.4801	0.456476	0.358594
1.4901	0.45037	0.36589
1.5001	0.444385	0.372622
1.5101	0.438519	0.38054
1.5201	0.432769	0.390957
1.5301	0.42713	0.399307
1.5401	0.421602	0.406485
1.5501	0.416179	0.414976
1.5601	0.410861	0.424565
1.5701	0.405644	0.433994
1.5801	0.400526	0.44444
1.5901	0.395504	0.453799
1.6001	0.390576	0.463063
1.6101	0.38574	0.471308
1.6201	0.380992	0.481221
1.6301	0.376332	0.490469
1.6401	0.371757	0.498634
1.6501	0.367265	0.509171
1.6601	0.362854	0.517841
1.6701	0.358521	0.528387
1.6801	0.354266	0.537809
1.6901	0.350086	0.547794
1.7001	0.34598	0.557616
1.7101	0.341946	0.568813
1.7201	0.337981	0.57729
1.7301	0.334085	0.587301
1.7401	0.330257	0.598176
1.7501	0.326493	0.6081
1.7601	0.322794	0.616217
1.7701	0.319157	0.625469
1.7801	0.315581	0.633963
1.7901	0.312065	0.642669
1.8001	0.308608	0.651313
1.8101	0.305207	0.660044
1.8201	0.301863	0.669224
1.8301	0.298573	0.677847
1.8401	0.295337	0.686263
1.8501	0.292152	0.694971
1.8601	0.28902	0.702602
1.8701	0.285937	0.710845
1.8801	0.282903	0.718396
1.8901	0.279918	0.726287
1.9001	0.276979	0.733348
1.9101	0.274087	0.740527
1.9201	0.271239	0.74707
1.9301	0.268436	0.754149
1.9401	0.265676	0.76075
1.9501	0.262958	0.768318
1.9601	0.260282	0.774882
1.9701	0.257646	0.780435
1.9801	0.25505	0.786087
1.9901	0.252493	0.791832
2.0001	0.249975	0.797474
2.0101	0.247494	0.803126
2.0201	0.24505	0.808396
2.0301	0.242642	0.814213
2.0401	0.240269	0.81913
2.0501	0.23793	0.823638
2.0601	0.235626	0.828483
2.0701	0.233355	0.832856
2.0801	0.231117	0.837282
2.0901	0.228911	0.841891
2.1001	0.226736	0.845972
2.1101	0.224592	0.85012
2.1201	0.222478	0.85393
2.1301	0.220394	0.857821
2.1401	0.218339	0.861519
2.1501	0.216313	0.86488
2.1601	0.214315	0.868181
2.1701	0.212344	0.87129
2.1801	0.210401	0.874856
2.1901	0.208484	0.877858
2.2001	0.206593	0.881207
2.2101	0.204727	0.883997
2.2201	0.202887	0.887296
2.2301	0.201072	0.890409
2.2401	0.199281	0.892897
2.2501	0.197513	0.895599
2.2601	0.195769	0.89863
2.2701	0.194048	0.901277
2.2801	0.19235	0.904047
2.2901	0.190674	0.906517
2.3001	0.189019	0.908964
2.3101	0.187387	0.911444
2.3201	0.185775	0.913948
2.3301	0.184184	0.916329
2.3401	0.182613	0.918538
2.3501	0.181062	0.920639
2.3601	0.179531	0.922554
2.3701	0.178019	0.924447
2.3801	0.176526	0.926449
2.3901	0.175052	0.928167
2.4001	0.173597	0.929964
2.4101	0.172159	0.931567
2.4201	0.170739	0.933508
2.4301	0.169337	0.935275
2.4401	0.167952	0.936891
2.4501	0.166584	0.938651
2.4601	0.165232	0.940304
2.4701	0.163897	0.941807
2.4801	0.162578	0.943371
2.4901	0.161275	0.944758
2.5001	0.159987	0.946269
2.5101	0.158715	0.947654
2.5201	0.157458	0.949001
2.5301	0.156216	0.950406
2.5401	0.154988	0.951617
2.5501	0.153775	0.952856
2.5601	0.152576	0.954168
2.5701	0.151391	0.955389
2.5801	0.15022	0.956558
2.5901	0.149062	0.957787
2.6001	0.147918	0.958928
2.6101	0.146786	0.959954
2.6201	0.145668	0.961049
2.6301	0.144562	0.962183
2.6401	0.143469	0.963111
2.6501	0.142389	0.964158
2.6601	0.14132	0.965227
2.6701	0.140264	0.966129
2.6801	0.139219	0.967088
2.6901	0.138186	0.968124
2.7001	0.137164	0.969098
2.7101	0.136154	0.969925
2.7201	0.135154	0.970973
2.7301	0.134166	0.971802
2.7401	0.133189	0.972708
2.7501	0.132222	0.973458
2.7601	0.131265	0.974287
2.7701	0.130319	0.975058
2.7801	0.129384	0.975915
2.7901	0.128458	0.976696
2.8001	0.127542	0.977565
2.8101	0.126636	0.978473
2.8201	0.125739	0.979206
2.8301	0.124852	0.979978
2.8401	0.123975	0.980736
2.8501	0.123106	0.981433
2.8601	0.122247	0.982194
2.8701	0.121396	0.983013
2.8801	0.120555	0.983724
2.8901	0.119722	0.984417
2.9001	0.118898	0.985186
2.9101	0.118082	0.98589
2.9201	0.117275	0.986527
2.9301	0.116476	0.987201
2.9401	0.115685	0.987899
2.9501	0.114902	0.988555
2.9601	0.114127	0.989162
2.9701	0.113359	0.989748
2.9801	0.1126	0.990409
2.9901	0.111848	0.991058
3.0001	0.111104	0.991627
3.0101	0.110367	0.992178
3.0201	0.109637	0.992715
3.0301	0.108915	0.99327
3.0401	0.108199	0.993812
3.0501	0.107491	0.994376
3.0601	0.10679	0.994969
3.0701	0.106095	0.995468
3.0801	0.105407	0.995953
3.0901	0.104726	0.99651
3.1001	0.104052	0.997023
3.1101	0.103384	0.99758
3.1201	0.102722	0.998137
3.1301	0.102067	0.998605
3.1401	0.101418	0.999139
3.1501	0.100775	0.999653
3.1601	0.100138	1.00015
3.1701	0.0995071	1.0006
3.1801	0.0988823	1.00105
3.1901	0.0982633	1.00151
3.2001	0.0976501	1.002
3.2101	0.0970427	1.00242
3.2201	0.0964409	1.00286
3.2301	0.0958447	1.00329
3.2401	0.095254	1.0037
3.2501	0.0946687	1.00415
3.2601	0.0940888	1.00458
3.2701	0.0935143	1.00502
3.2801	0.092945	1.00541
3.2901	0.0923808	1.00579
3.3001	0.0918218	1.00618
3.3101	0.0912678	1.00656
3.3201	0.0907189	1.00692
3.3301	0.0901749	1.00732
3.3401	0.0896357	1.00768
3.3501	0.0891014	1.00805
3.3601	0.0885718	1.00843
3.3701	0.088047	1.00879
3.3801	0.0875268	1.00916
3.3901	0.0870112	1.00953
3.4001	0.0865001	1.00989
3.4101	0.0859935	1.01021
3.4201	0.0854914	1.01054
3.4301	0.0849936	1.01088
3.4401	0.0845002	1.0112
3.4501	0.0840111	1.01151
3.4601	0.0835262	1.01185
3.4701	0.0830455	1.0122
3.4801	0.0825689	1.01248
3.4901	0.0820964	1.01277
3.5001	0.081628	1.0131
3.5101	0.0811635	1.01339
3.5201	0.0807031	1.01374
3.5301	0.0802465	1.01403
3.5401	0.0797938	1.01434
3.5501	0.0793449	1.01464
3.5601	0.0788997	1.01492
3.5701	0.0784584	1.01522
3.5801	0.0780207	1.0155
3.5901	0.0775866	1.01577
3.6001	0.0771562	1.01605
3.6101	0.0767294	1.01634
3.6201	0.076306	1.01661
3.6301	0.0758862	1.01686
3.6401	0.0754698	1.01712
3.6501	0.0750569	1.01736
3.6601	0.0746473	1.01763
3.6701	0.0742411	1.0179
3.6801	0.0738381	1.01816
3.6901	0.0734385	1.01843
3.7001	0.0730421	1.01871
3.7101	0.0726489	1.01896
3.7201	0.0722588	1.0192
3.7301	0.0718719	1.01944
3.7401	0.0714881	1.0197
3.7501	0.0711073	1.01995
3.7601	0.0707296	1.02017
3.7701	0.0703549	1.02039
3.7801	0.0699831	1.02062
3.7901	0.0696143	1.02088
3.8001	0.0692484	1.02112
3.8101	0.0688854	1.02134
3.8201	0.0685252	1.02156
3.8301	0.0681679	1.02177
3.8401	0.0678133	1.02197
3.8501	0.0674615	1.02216
3.8601	0.0671124	1.02239
3.8701	0.066766	1.02259
3.8801	0.0664223	1.02279
3.8901	0.0660813	1.02301
3.9001	0.0657428	1.0232
3.9101	0.065407	1.02339
3.9201	0.0650737	1.02361
3.9301	0.064743	1.02383
3.9401	0.0644148	1.02401
3.9501	0.064089	1.02419
3.9601	0.0637658	1.0244
3.9701	0.063445	1.02458
3.9801	0.0631265	1.02475
3.9901	0.0628105	1.02494
4.0001	0.0624969	1.02513
4.0101	0.0621856	1.0253
4.0201	0.0618766	1.02547
4.0301	0.0615699	1.02564
4.0401	0.0612655	1.02583
4.0501	0.0609633	1.02602
4.0601	0.0606634	1.02619
4.0701	0.0603656	1.02636
4.0801	0.0600701	1.02654
4.0901	0.0597767	1.02671
4.1001	0.0594855	1.02689
4.1101	0.0591964	1.02706
4.1201	0.0589094	1.02723
4.1301	0.0586245	1.0274
4.1401	0.0583416	1.02756
4.1501	0.0580608	1.02775
4.1601	0.057782	1.02791
4.1701	0.0575052	1.02806
4.1801	0.0572304	1.02823
4.1901	0.0569575	1.02839
4.2001	0.0566866	1.02854
4.2101	0.0564177	1.02868
4.2201	0.0561506	1.02883
4.2301	0.0558854	1.02898
4.2401	0.0556222	1.02915
4.2501	0.0553607	1.0293
4.2601	0.0551011	1.02945
4.2701	0.0548433	1.02959
4.2801	0.0545874	1.02972
4.2901	0.0543332	1.02987
4.3001	0.0540808	1.03002
4.3101	0.0538301	1.03016
4.3201	0.0535812	1.0303
4.3301	0.053334	1.03044
4.3401	0.0530885	1.03057
4.3501	0.0528447	1.0307
4.3601	0.0526026	1.03084
4.3701	0.0523621	1.03097
4.3801	0.0521233	1.0311
4.3901	0.0518861	1.03124
4.4001	0.0516505	1.03137
4.4101	0.0514166	1.03151
4.4201	0.0511842	1.03164
4.4301	0.0509534	1.03177
4.4401	0.0507241	1.0319
4.4501	0.0504964	1.03203
4.4601	0.0502702	1.03216
4.4701	0.0500456	1.03229
4.4801	0.0498224	1.03241
4.4901	0.0496007	1.03253
4.5001	0.0493805	1.03265
4.5101	0.0491618	1.03278
4.5201	0.0489445	1.0329
4.5301	0.0487287	1.03304
4.5401	0.0485142	1.03316
4.5501	0.0483012	1.03328
4.5601	0.0480896	1.03338
4.5701	0.0478794	1.0335
4.5801	0.0476705	1.03363
4.5901	0.0474631	1.03374
4.6001	0.0472569	1.03386
4.6101	0.0470521	1.03397
4.6201	0.0468487	1.03408
4.6301	0.0466465	1.03419
4.6401	0.0464457	1.03431
4.6501	0.0462461	1.03443
4.6601	0.0460479	1.03453
4.6701	0.0458509	1.03465
4.6801	0.0456551	1.03475
4.6901	0.0454607	1.03486
4.7001	0.0452674	1.03497
4.7101	0.0450754	1.03508
4.7201	0.0448846	1.03518
4.7301	0.044695	1.03529
4.7401	0.0445067	1.03539
4.7501	0.0443195	1.03549
4.7601	0.0441334	1.03559
4.7701	0.0439486	1.03569
4.7801	0.0437649	1.03579
4.7901	0.0435824	1.0359
4.8001	0.043401	1.03599
4.8101	0.0432207	1.03608
4.8201	0.0430416	1.03617
4.8301	0.0428635	1.03627
4.8401	0.0426866	1.03637
4.8501	0.0425107	1.03647
4.8601	0.042336	1.03657
4.8701	0.0421623	1.03665
4.8801	0.0419897	1.03675
4.8901	0.0418181	1.03685
4.9001	0.0416476	1.03695
4.9101	0.0414781	1.03703
4.9201	0.0413097	1.03713
4.9301	0.0411423	1.03722
4.9401	0.0409759	1.03732
4.9501	0.0408105	1.03741
4.9601	0.0406461	1.0375
4.9701	0.0404827	1.03758
4.9801	0.0403203	1.03766
4.9901	0.0401589	1.03774
5.0001	0.0399984	1.03783
5.0101	0.0398389	1.03791
5.0201	0.0396803	1.038
5.0301	0.0395227	1.03809
5.0401	0.039366	1.03818
5.0501	0.0392103	1.03827
5.0601	0.0390555	1.03836
5.0701	0.0389016	1.03844
5.0801	0.0387486	1.03851
5.0901	0.0385965	1.03859
5.1001	0.0384452	1.03866
5.1101	0.0382949	1.03874
5.1201	0.0381455	1.03882
5.1301	0.0379969	1.03891
5.1401	0.0378492	1.03899
5.1501	0.0377024	1.03906
5.1601	0.0375564	1.03914
5.1701	0.0374112	1.03922
5.1801	0.0372669	1.03929
5.1901	0.0371235	1.03937
5.2001	0.0369808	1.03944
5.2101	0.036839	1.03952
5.2201	0.036698	1.0396
5.2301	0.0365578	1.03967
5.2401	0.0364184	1.03975
5.2501	0.0362798	1.03982
5.2601	0.036142	1.0399
5.2701	0.036005	1.03996
5.2801	0.0358687	1.04003
5.2901	0.0357332	1.04011
5.3001	0.0355985	1.04018
5.3101	0.0354646	1.04025
5.3201	0.0353314	1.04032
5.3301	0.0351989	1.04039
5.3401	0.0350672	1.04046
5.3501	0.0349362	1.04052
5.3601	0.034806	1.04059
5.3701	0.0346765	1.04066
5.3801	0.0345477	1.04072
5.3901	0.0344196	1.04079
5.4001	0.0342923	1.04085
5.4101	0.0341656	1.04092
5.4201	0.0340397	1.04099
5.4301	0.0339144	1.04105
5.4401	0.0337898	1.04112
5.4501	0.033666	1.04119
5.4601	0.0335428	1.04125
5.4701	0.0334202	1.04131
5.4801	0.0332984	1.04137
5.4901	0.0331772	1.04143
5.5001	0.0330566	1.04149
5.5101	0.0329368	1.04155
5.5201	0.0328175	1.04161
5.5301	0.032699	1.04167
5.5401	0.032581	1.04173
5.5501	0.0324637	1.0418
5.5601	0.0323471	1.04186
5.5701	0.032231	1.04192
5.5801	0.0321156	1.04198
5.5901	0.0320008	1.04204
5.6001	0.0318866	1.0421
5.6101	0.031773	1.04215
5.6201	0.0316601	1.04221
5.6301	0.0315477	1.04227
5.6401	0.0314359	1.04233
5.6501	0.0313248	1.04239
5.6601	0.0312142	1.04244
5.6701	0.0311042	1.0425
5.6801	0.0309947	1.04255
5.6901	0.0308859	1.04261
5.7001	0.0307776	1.04266
5.7101	0.0306699	1.04272
5.7201	0.0305628	1.04277
5.7301	0.0304562	1.04282
5.7401	0.0303502	1.04288
5.7501	0.0302447	1.04294
5.7601	0.0301398	1.04299
5.7701	0.0300354	1.04304
5.7801	0.0299316	1.0431
5.7901	0.0298283	1.04315
5.8001	0.0297255	1.0432
5.8101	0.0296233	1.04326
5.8201	0.0295215	1.04332
5.8301	0.0294204	1.04337
5.8401	0.0293197	1.04342
5.8501	0.0292195	1.04347
5.8601	0.0291199	1.04353
5.8701	0.0290208	1.04358
5.8801	0.0289222	1.04362
5.8901	0.028824	1.04367
5.9001	0.0287264	1.04372
5.9101	0.0286293	1.04377
5.9201	0.0285326	1.04382
5.9301	0.0284365	1.04388
5.9401	0.0283408	1.04393
5.9501	0.0282456	1.04398
5.9601	0.0281509	1.04403
5.9701	0.0280567	1.04408
5.9801	0.027963	1.04413
5.9901	0.0278697	1.04418
6.0001	0.0277769	1.04422
6.0101	0.0276845	1.04427
6.0201	0.0275926	1.04431
6.0301	0.0275012	1.04436
6.0401	0.0274102	1.0444
6.0501	0.0273196	1.04445
6.0601	0.0272295	1.0445
6.0701	0.0271399	1.04454
6.0801	0.0270507	1.04459
6.0901	0.0269619	1.04463
6.1001	0.0268736	1.04467
6.1101	0.0267857	1.04472
6.1201	0.0266983	1.04476
6.1301	0.0266112	1.0448
6.1401	0.0265246	1.04484
6.1501	0.0264384	1.04489
6.1601	0.0263527	1.04493
6.1701	0.0262673	1.04497
6.1801	0.0261824	1.04501
6.1901	0.0260978	1.04505
6.2001	0.0260137	1.0451
6.2101	0.02593	1.04514
6.2201	0.0258467	1.04518
6.2301	0.0257638	1.04522
6.2401	0.0256813	1.04526
6.2501	0.0255992	1.0453
6.2601	0.0255175	1.04535
6.2701	0.0254361	1.04538
6.2801	0.0253552	1.04542
6.2901	0.0252746	1.04546
6.3001	0.0251945	1.04551
6.3101	0.0251147	1.04554
6.3201	0.0250353	1.04558
6.3301	0.0249562	1.04562
6.3401	0.0248776	1.04566
6.3501	0.0247993	1.0457
6.3601	0.0247213	1.04574
6.3701	0.0246438	1.04578
6.3801	0.0245666	1.04582
6.3901	0.0244898	1.04586
6.4001	0.0244133	1.04589
6.4101	0.0243372	1.04593
6.4201	0.0242614	1.04597
6.4301	0.024186	1.04601
6.4401	0.024111	1.04605
6.4501	0.0240363	1.04609
6.4601	0.0239619	1.04613
6.4701	0.0238879	1.04617
6.4801	0.0238142	1.0462
6.4901	0.0237409	1.04624
6.5001	0.0236679	1.04627
6.5101	0.0235953	1.0463
6.5201	0.0235229	1.04634
6.5301	0.0234509	1.04637
6.5401	0.0233793	1.04641
6.5501	0.023308	1.04644
6.5601	0.0232369	1.04648
6.5701	0.0231663	1.04651
6.5801	0.0230959	1.04654
6.5901	0.0230259	1.04658
6.6001	0.0229561	1.04661
6.6101	0.0228867	1.04664
6.6201	0.0228176	1.04668
6.6301	0.0227489	1.04671
6.6401	0.0226804	1.04674
6.6501	0.0226122	1.04677
6.6601	0.0225444	1.04681
6.6701	0.0224768	1.04684
6.6801	0.0224096	1.04688
6.6901	0.0223427	1.04691
6.7001	0.022276	1.04694
6.7101	0.0222097	1.04698
6.7201	0.0221436	1.04701
6.7301	0.0220779	1.04704
6.7401	0.0220124	1.04707
6.7501	0.0219472	1.04711
6.7601	0.0218823	1.04714
6.7701	0.0218177	1.04717
6.7801	0.0217534	1.0472
6.7901	0.0216894	1.04723
6.8001	0.0216257	1.04727
6.8101	0.0215622	1.04729
6.8201	0.021499	1.04733
6.8301	0.0214361	1.04736
6.8401	0.0213735	1.04739
6.8501	0.0213111	1.04742
6.8601	0.021249	1.04745
6.8701	0.0211872	1.04749
6.8801	0.0211257	1.04751
6.8901	0.0210644	1.04754
6.9001	0.0210034	1.04757
6.9101	0.0209426	1.0476
6.9201	0.0208822	1.04763
6.9301	0.0208219	1.04766
6.9401	0.020762	1.04769
6.9501	0.0207023	1.04772
6.9601	0.0206428	1.04775
6.9701	0.0205836	1.04778
6.9801	0.0205247	1.0478
6.9901	0.020466	1.04783
7.0001	0.0204076	1.04786
7.0101	0.0203494	1.04789
7.0201	0.0202915	1.04792
7.0301	0.0202338	1.04795
7.0401	0.0201763	1.04797
7.0501	0.0201191	1.048
7.0601	0.0200622	1.04803
7.0701	0.0200055	1.04806
7.0801	0.019949	1.04809
7.0901	0.0198928	1.04811
7.1001	0.0198368	1.04814
7.1101	0.019781	1.04817
7.1201	0.0197255	1.04819
7.1301	0.0196702	1.04822
7.1401	0.0196151	1.04825
7.1501	0.0195603	1.04827
7.1601	0.0195057	1.0483
7.1701	0.0194513	1.04833
7.1801	0.0193972	1.04835
7.1901	0.0193433	1.04838
7.2001	0.0192896	1.04841
7.2101	0.0192361	1.04844
7.2201	0.0191829	1.04846
7.2301	0.0191298	1.04848
7.2401	0.019077	1.04851
7.2501	0.0190244	1.04853
7.2601	0.0189721	1.04856
7.2701	0.0189199	1.04858
7.2801	0.018868	1.04861
7.2901	0.0188162	1.04863
7.3001	0.0187647	1.04866
7.3101	0.0187134	1.04868
7.3201	0.0186623	1.04871
7.3301	0.0186114	1.04874
7.3401	0.0185608	1.04876
7.3501	0.0185103	1.04879
7.3601	0.01846	1.04881
7.3701	0.01841	1.04884
7.3801	0.0183601	1.04886
7.3901	0.0183105	1.04888
7.4001	0.018261	1.04891
7.4101	0.0182118	1.04893
7.4201	0.0181627	1.04895
7.4301	0.0181138	1.04898
7.4401	0.0180652	1.049
7.4501	0.0180167	1.04902
7.4601	0.0179685	1.04905
7.4701	0.0179204	1.04907
7.4801	0.0178725	1.04909
7.4901	0.0178248	1.04911
7.5001	0.0177773	1.04914
7.5101	0.01773	1.04916
7.5201	0.0176829	1.04919
7.5301	0.0176359	1.04921
7.5401	0.0175892	1.04923
7.5501	0.0175426	1.04925
7.5601	0.0174962	1.04928
7.5701	0.0174501	1.0493
7.5801	0.017404	1.04932
7.5901	0.0173582	1.04935
7.6001	0.0173126	1.04937
7.6101	0.0172671	1.04939
7.6201	0.0172218	1.04941
7.6301	0.0171767	1.04943
7.6401	0.0171318	1.04946
7.6501	0.017087	1.04948
7.6601	0.0170424	1.0495
7.6701	0.016998	1.04952
7.6801	0.0169538	1.04954
7.6901	0.0169097	1.04956
7.7001	0.0168658	1.04958
7.7101	0.0168221	1.0496
7.7201	0.0167785	1.04963
7.7301	0.0167352	1.04965
7.7401	0.0166919	1.04967
7.7501	0.0166489	1.04969
7.7601	0.016606	1.04971
7.7701	0.0165633	1.04973
7.7801	0.0165207	1.04975
7.7901	0.0164784	1.04977
7.8001	0.0164361	1.04979
7.8101	0.0163941	1.04981
7.8201	0.0163522	1.04983
7.8301	0.0163104	1.04985
7.8401	0.0162688	1.04987
7.8501	0.0162274	1.04989
7.8601	0.0161862	1.04991
7.8701	0.0161451	1.04993
7.8801	0.0161041	1.04994
7.8901	0.0160633	1.04996
7.9001	0.0160227	1.04998
7.9101	0.0159822	1.05
7.9201	0.0159418	1.05002
7.9301	0.0159017	1.05004
7.9401	0.0158616	1.05005
7.9501	0.0158218	1.05007
7.9601	0.015782	1.05009
7.9701	0.0157425	1.05011
7.9801	0.015703	1.05013
7.9901	0.0156637	1.05015
8.0001	0.0156246	1.05017
8.0101	0.0155856	1.05019
8.0201	0.0155468	1.0502
8.0301	0.0155081	1.05022
8.0401	0.0154695	1.05024
8.0501	0.0154311	1.05026
8.0601	0.0153929	1.05028
8.0701	0.0153547	1.0503
8.0801	0.0153167	1.05032
8.0901	0.0152789	1.05033
8.1001	0.0152412	1.05035
8.1101	0.0152036	1.05037
8.1201	0.0151662	1.05039
8.1301	0.0151289	1.05041
8.1401	0.0150918	1.05043
8.1501	0.0150548	1.05045
8.1601	0.0150179	1.05046
8.1701	0.0149812	1.05048
8.1801	0.0149445	1.0505
8.1901	0.0149081	1.05051
8.2001	0.0148717	1.05053
8.2101	0.0148355	1.05055
8.2201	0.0147995	1.05057
8.2301	0.0147635	1.05058
8.2401	0.0147277	1.0506
8.2501	0.014692	1.05062
8.2601	0.0146565	1.05063
8.2701	0.014621	1.05065
8.2801	0.0145858	1.05067
8.2901	0.0145506	1.05069
8.3001	0.0145155	1.0507
8.3101	0.0144806	1.05072
8.3201	0.0144458	1.05074
8.3301	0.0144112	1.05075
8.3401	0.0143766	1.05077
8.3501	0.0143422	1.05079
8.3601	0.0143079	1.0508
8.3701	0.0142738	1.05082
8.3801	0.0142397	1.05083
8.3901	0.0142058	1.05085
8.4001	0.014172	1.05087
8.4101	0.0141383	1.05088
8.4201	0.0141048	1.0509
8.4301	0.0140713	1.05091
8.4401	0.014038	1.05093
8.4501	0.0140048	1.05094
8.4601	0.0139717	1.05096
8.4701	0.0139387	1.05098
8.4801	0.0139059	1.05099
8.4901	0.0138731	1.05101
8.5001	0.0138405	1.05102
8.5101	0.013808	1.05104
8.5201	0.0137756	1.05105
8.5301	0.0137433	1.05107
8.5401	0.0137112	1.05108
8.5501	0.0136791	1.0511
8.5601	0.0136472	1.05111
8.5701	0.0136153	1.05113
8.5801	0.0135836	1.05114
8.5901	0.013552	1.05116
8.6001	0.0135205	1.05117
8.6101	0.0134891	1.05119
8.6201	0.0134578	1.0512
8.6301	0.0134267	1.05122
8.6401	0.0133956	1.05123
8.6501	0.0133647	1.05125
8.6601	0.0133338	1.05126
8.6701	0.0133031	1.05127
8.6801	0.0132724	1.05129
8.6901	0.0132419	1.0513
8.7001	0.0132115	1.05132
8.7101	0.0131812	1.05133
8.7201	0.0131509	1.05135
8.7301	0.0131208	1.05136
8.7401	0.0130908	1.05138
8.7501	0.0130609	1.05139
8.7601	0.0130311	1.0514
8.7701	0.0130014	1.05142
8.7801	0.0129718	1.05143
8.7901	0.0129423	1.05145
8.8001	0.0129129	1.05146
8.8101	0.0128836	1.05147
8.8201	0.0128544	1.05149
8.8301	0.0128253	1.0515
8.8401	0.0127963	1.05152
8.8501	0.0127674	1.05153
8.8601	0.0127386	1.05154
8.8701	0.0127099	1.05156
8.8801	0.0126813	1.05157
8.8901	0.0126528	1.05158
8.9001	0.0126244	1.0516
8.9101	0.0125961	1.05161
8.9201	0.0125678	1.05162
8.9301	0.0125397	1.05164
8.9401	0.0125117	1.05165
8.9501	0.0124837	1.05166
8.9601	0.0124559	1.05168
8.9701	0.0124281	1.05169
8.9801	0.0124005	1.0517
8.9901	0.0123729	1.05172
9.0001	0.0123454	1.05173
9.0101	0.012318	1.05174
9.0201	0.0122907	1.05176
9.0301	0.0122635	1.05177
9.0401	0.0122364	1.05178
9.0501	0.0122094	1.0518
9.0601	0.0121824	1.05181
9.0701	0.0121556	1.05182
9.0801	0.0121288	1.05183
9.0901	0.0121022	1.05185
9.1001	0.0120756	1.05186
9.1101	0.0120491	1.05187
9.1201	0.0120227	1.05189
9.1301	0.0119963	1.0519
9.1401	0.0119701	1.05191
9.1501	0.011944	1.05192
9.1601	0.0119179	1.05193
9.1701	0.0118919	1.05194
9.1801	0.011866	1.05196
9.1901	0.0118402	1.05197
9.2001	0.0118145	1.05198
9.2101	0.0117888	1.05199
9.2201	0.0117633	1.05201
9.2301	0.0117378	1.05202
9.2401	0.0117124	1.05203
9.2501	0.0116871	1.05204
9.2601	0.0116619	1.05206
9.2701	0.0116367	1.05207
9.2801	0.0116117	1.05208
9.2901	0.0115867	1.05209
9.3001	0.0115618	1.0521
9.3101	0.011537	1.05211
9.3201	0.0115122	1.05213
9.3301	0.0114875	1.05214
9.3401	0.011463	1.05215
9.3501	0.0114385	1.05216
9.3601	0.011414	1.05217
9.3701	0.0113897	1.05218
9.3801	0.0113654	1.0522
9.3901	0.0113412	1.05221
9.4001	0.0113171	1.05222
9.4101	0.0112931	1.05223
9.4201	0.0112691	1.05224
9.4301	0.0112452	1.05225
9.4401	0.0112214	1.05226
9.4501	0.0111977	1.05227
9.4601	0.011174	1.05229
9.4701	0.0111504	1.0523
9.4801	0.0111269	1.05231
9.4901	0.0111035	1.05232
9.5001	0.0110801	1.05233
9.5101	0.0110568	1.05234
9.5201	0.0110336	1.05235
9.5301	0.0110105	1.05236
9.5401	0.0109874	1.05237
9.5501	0.0109644	1.05238
9.5601	0.0109415	1.05239
9.5701	0.0109186	1.0524
9.5801	0.0108958	1.05241
9.5901	0.0108731	1.05242
9.6001	0.0108505	1.05243
9.6101	0.0108279	1.05244
9.6201	0.0108054	1.05246
9.6301	0.010783	1.05247
9.6401	0.0107606	1.05248
9.6501	0.0107383	1.05249
9.6601	0.0107161	1.0525
9.6701	0.0106939	1.05251
9.6801	0.0106719	1.05252
9.6901	0.0106498	1.05253
9.7001	0.0106279	1.05254
9.7101	0.010606	1.05255
9.7201	0.0105842	1.05256
9.7301	0.0105625	1.05257
9.7401	0.0105408	1.05258
9.7501	0.0105192	1.05259
9.7601	0.0104976	1.0526
9.7701	0.0104762	1.05261
9.7801	0.0104547	1.05262
9.7901	0.0104334	1.05263
9.8001	0.0104121	1.05264
9.8101	0.0103909	1.05265
9.8201	0.0103697	1.05266
9.8301	0.0103487	1.05267
9.8401	0.0103276	1.05268
9.8501	0.0103067	1.05269
9.8601	0.0102858	1.0527
9.8701	0.010265	1.05271
9.8801	0.0102442	1.05272
9.8901	0.0102235	1.05273
9.9001	0.0102028	1.05274
9.9101	0.0101823	1.05275
9.9201	0.0101617	1.05276
9.9301	0.0101413	1.05277
9.9401	0.0101209	1.05277
9.9501	0.0101006	1.05278
9.9601	0.0100803	1.05279
9.9701	0.0100601	1.0528
9.9801	0.0100399	1.05281
9.9901	0.0100198	1.05282
10.0001	0.0099998	1.05283
10.0101	0.00997983	1.05284
10.0201	0.00995992	1.05285
10.0301	0.00994007	1.05286
10.0401	0.00992028	1.05287
10.0501	0.00990055	1.05288
10.0601	0.00988087	1.05289
10.0701	0.00986126	1.05289
10.0801	0.0098417	1.0529
10.0901	0.00982221	1.05291
10.1001	0.00980277	1.05292
10.1101	0.00978338	1.05293
10.1201	0.00976406	1.05294
10.1301	0.00974479	1.05295
10.1401	0.00972558	1.05296
10.1501	0.00970643	1.05297
10.1601	0.00968733	1.05298
10.1701	0.00966829	1.05298
10.1801	0.0096493	1.05299
10.1901	0.00963037	1.053
10.2001	0.0096115	1.05301
10.2101	0.00959268	1.05302
10.2201	0.00957392	1.05303
10.2301	0.00955521	1.05304
10.2401	0.00953656	1.05304
10.2501	0.00951796	1.05305
10.2601	0.00949941	1.05306
10.2701	0.00948092	1.05307
10.2801	0.00946249	1.05308
10.2901	0.00944411	1.05309
10.3001	0.00942578	1.0531
10.3101	0.0094075	1.05311
10.3201	0.00938928	1.05311
10.3301	0.00937111	1.05312
10.3401	0.00935299	1.05313
10.3501	0.00933493	1.05314
10.3601	0.00931691	1.05315
10.3701	0.00929895	1.05316
10.3801	0.00928105	1.05316
10.3901	0.00926319	1.05317
10.4001	0.00924538	1.05318
10.4101	0.00922763	1.05319
10.4201	0.00920993	1.0532
10.4301	0.00919228	1.05321
10.4401	0.00917467	1.05321
10.4501	0.00915712	1.05322
10.4601	0.00913962	1.05323
10.4701	0.00912217	1.05324
10.4801	0.00910477	1.05325
10.4901	0.00908742	1.05325
10.5001	0.00907012	1.05326
10.5101	0.00905287	1.05327
10.5201	0.00903567	1.05328
10.5301	0.00901851	1.05329
10.5401	0.00900141	1.05329
10.5501	0.00898435	1.0533
10.5601	0.00896735	1.05331
10.5701	0.00895039	1.05332
10.5801	0.00893348	1.05333
10.5901	0.00891661	1.05333
10.6001	0.0088998	1.05334
10.6101	0.00888303	1.05335
10.6201	0.00886631	1.05336
10.6301	0.00884963	1.05336
10.6401	0.00883301	1.05337
10.6501	0.00881643	1.05338
10.6601	0.00879989	1.05339
10.6701	0.00878341	1.05339
10.6801	0.00876697	1.0534
10.6901	0.00875057	1.05341
10.7001	0.00873422	1.05342
10.7101	0.00871792	1.05342
10.7201	0.00870166	1.05343
10.7301	0.00868545	1.05344
10.7401	0.00866929	1.05345
10.7501	0.00865317	1.05345
10.7601	0.00863709	1.05346
10.7701	0.00862106	1.05347
10.7801	0.00860507	1.05348
10.7901	0.00858913	1.05348
10.8001	0.00857323	1.05349
10.8101	0.00855738	1.0535
10.8201	0.00854157	1.05351
10.8301	0.0085258	1.05351
10.8401	0.00851008	1.05352
10.8501	0.0084944	1.05353
10.8601	0.00847876	1.05353
10.8701	0.00846317	1.05354
10.8801	0.00844762	1.05355
10.8901	0.00843211	1.05356
10.9001	0.00841665	1.05356
10.9101	0.00840122	1.05357
10.9201	0.00838584	1.05358
10.9301	0.00837051	1.05358
10.9401	0.00835521	1.05359
10.9501	0.00833996	1.0536
10.9601	0.00832475	1.05361
10.9701	0.00830958	1.05361
10.9801	0.00829445	1.05362
10.9901	0.00827936	1.05363
11.0001	0.00826431	1.05363
11.0101	0.00824931	1.05364
11.0201	0.00823434	1.05365
11.0301	0.00821942	1.05365
11.0401	0.00820454	1.05366
11.0501	0.00818969	1.05367
11.0601	0.00817489	1.05367
11.0701	0.00816013	1.05368
11.0801	0.0081454	1.05369
11.0901	0.00813072	1.05369
11.1001	0.00811608	1.0537
11.1101	0.00810147	1.05371
11.1201	0.00808691	1.05371
11.1301	0.00807239	1.05372
11.1401	0.0080579	1.05373
11.1501	0.00804345	1.05373
11.1601	0.00802904	1.05374
11.1701	0.00801467	1.05375
11.1801	0.00800034	1.05375
11.1901	0.00798605	1.05376
11.2001	0.0079718	1.05377
11.2101	0.00795758	1.05377
11.2201	0.0079434	1.05378
11.2301	0.00792926	1.05378
11.2401	0.00791516	1.05379
11.2501	0.00790109	1.0538
11.2601	0.00788707	1.0538
11.2701	0.00787308	1.05381
11.2801	0.00785912	1.05382
11.2901	0.00784521	1.05382
11.3001	0.00783133	1.05383
11.3101	0.00781749	1.05384
11.3201	0.00780368	1.05384
11.3301	0.00778991	1.05385
11.3401	0.00777618	1.05385
11.3501	0.00776248	1.05386
11.3601	0.00774882	1.05387
11.3701	0.0077352	1.05387
11.3801	0.00772161	1.05388
11.3901	0.00770806	1.05389
11.4001	0.00769454	1.05389
11.4101	0.00768106	1.0539
11.4201	0.00766761	1.0539
11.4301	0.0076542	1.05391
11.4401	0.00764083	1.05392
11.4501	0.00762749	1.05392
11.4601	0.00761418	1.05393
11.4701	0.00760091	1.05394
11.4801	0.00758767	1.05394
11.4901	0.00757447	1.05395
11.5001	0.00756131	1.05395
11.5101	0.00754817	1.05396
11.5201	0.00753507	1.05397
11.5301	0.00752201	1.05397
11.5401	0.00750898	1.05398
11.5501	0.00749598	1.05398
11.5601	0.00748302	1.05399
11.5701	0.00747009	1.054
11.5801	0.00745719	1.054
11.5901	0.00744433	1.05401
11.6001	0.0074315	1.05401
11.6101	0.0074187	1.05402
11.6201	0.00740594	1.05402
11.6301	0.00739321	1.05403
11.6401	0.00738051	1.05404
11.6501	0.00736785	1.05404
11.6601	0.00735522	1.05405
11.6701	0.00734262	1.05405
11.6801	0.00733005	1.05406
11.6901	0.00731751	1.05407
11.7001	0.00730501	1.05407
11.7101	0.00729254	1.05408
11.7201	0.0072801	1.05408
11.7301	0.00726769	1.05409
11.7401	0.00725532	1.05409
11.7501	0.00724297	1.0541
11.7601	0.00723066	1.05411
11.7701	0.00721838	1.05411
11.7801	0.00720613	1.05412
11.7901	0.00719391	1.05412
11.8001	0.00718172	1.05413
11.8101	0.00716957	1.05413
11.8201	0.00715744	1.05414
11.8301	0.00714534	1.05414
11.8401	0.00713328	1.05415
11.8501	0.00712125	1.05415
11.8601	0.00710924	1.05416
11.8701	0.00709727	1.05417
11.8801	0.00708533	1.05417
11.8901	0.00707341	1.05418
11.9001	0.00706153	1.05418
11.9101	0.00704968	1.05419
11.9201	0.00703785	1.05419
11.9301	0.00702606	1.0542
11.9401	0.0070143	1.0542
11.9501	0.00700256	1.05421
11.9601	0.00699086	1.05421
11.9701	0.00697918	1.05422
11.9801	0.00696753	1.05422
11.9901	0.00695592	1.05423
12.0001	0.00694433	1.05423
12.0101	0.00693277	1.05424
12.0201	0.00692124	1.05425
12.0301	0.00690974	1.05425
12.0401	0.00689826	1.05426
12.0501	0.00688682	1.05426
12.0601	0.0068754	1.05427
12.0701	0.00686402	1.05427
12.0801	0.00685266	1.05428
12.0901	0.00684132	1.05428
12.1001	0.00683002	1.05429
12.1101	0.00681875	1.05429
12.1201	0.0068075	1.0543
12.1301	0.00679628	1.0543
12.1401	0.00678509	1.05431
12.1501	0.00677392	1.05431
12.1601	0.00676279	1.05432
12.1701	0.00675168	1.05432
12.1801	0.0067406	1.05433
12.1901	0.00672954	1.05433
12.2001	0.00671851	1.05434
12.2101	0.00670751	1.05434
12.2201	0.00669654	1.05435
12.2301	0.00668559	1.05435
12.2401	0.00667467	1.05436
12.2501	0.00666378	1.05436
12.2601	0.00665292	1.05437
12.2701	0.00664208	1.05437
12.2801	0.00663126	1.05438
12.2901	0.00662048	1.05438
12.3001	0.00660971	1.05439
12.3101	0.00659898	1.05439
12.3201	0.00658827	1.0544
12.3301	0.00657759	1.0544
12.3401	0.00656693	1.05441
12.3501	0.0065563	1.05441
12.3601	0.0065457	1.05442
12.3701	0.00653512	1.05442
12.3801	0.00652457	1.05443
12.3901	0.00651404	1.05443
12.4001	0.00650354	1.05444
12.4101	0.00649306	1.05444
12.4201	0.00648261	1.05445
12.4301	0.00647218	1.05445
12.4401	0.00646178	1.05446
12.4501	0.00645141	1.05446
12.4601	0.00644105	1.05447
12.4701	0.00643073	1.05447
12.4801	0.00642043	1.05447
12.4901	0.00641015	1.05448
12.5001	0.0063999	1.05448
12.5101	0.00638967	1.05449
12.5201	0.00637947	1.05449
12.5301	0.00636929	1.0545
12.5401	0.00635913	1.0545
12.5501	0.006349	1.05451
12.5601	0.0063389	1.05451
12.5701	0.00632882	1.05452
12.5801	0.00631876	1.05452
12.5901	0.00630873	1.05452
12.6001	0.00629872	1.05453
12.6101	0.00628873	1.05453
12.6201	0.00627877	1.05454
12.6301	0.00626883	1.05454
12.6401	0.00625891	1.05455
12.6501	0.00624902	1.05455
12.6601	0.00623915	1.05456
12.6701	0.00622931	1.05456
12.6801	0.00621949	1.05456
12.6901	0.00620969	1.05457
12.7001	0.00619991	1.05457
12.7101	0.00619016	1.05458
12.7201	0.00618043	1.05458
12.7301	0.00617073	1.05459
12.7401	0.00616104	1.05459
12.7501	0.00615138	1.0546
12.7601	0.00614175	1.0546
12.7701	0.00613213	1.0546
12.7801	0.00612254	1.05461
12.7901	0.00611297	1.05461
12.8001	0.00610342	1.05462
12.8101	0.00609389	1.05462
12.8201	0.00608439	1.05463
12.8301	0.00607491	1.05463
12.8401	0.00606545	1.05463
12.8501	0.00605602	1.05464
12.8601	0.0060466	1.05464
12.8701	0.00603721	1.05465
12.8801	0.00602784	1.05465
12.8901	0.00601849	1.05465
12.9001	0.00600916	1.05466
12.9101	0.00599986	1.05466
12.9201	0.00599057	1.05467
12.9301	0.00598131	1.05467
12.9401	0.00597207	1.05468
12.9501	0.00596285	1.05468
12.9601	0.00595365	1.05468
12.9701	0.00594447	1.05469
12.9801	0.00593532	1.05469
12.9901	0.00592618	1.0547
13.0001	0.00591707	1.0547
13.0101	0.00590798	1.0547
13.0201	0.0058989	1.05471
13.0301	0.00588985	1.05471
13.0401	0.00588082	1.05472
13.0501	0.00587181	1.05472
13.0601	0.00586283	1.05472
13.0701	0.00585386	1.05473
13.0801	0.00584491	1.05473
13.0901	0.00583598	1.05474
13.1001	0.00582708	1.05474
13.1101	0.00581819	1.05475
13.1201	0.00580933	1.05475
13.1301	0.00580048	1.05475
13.1401	0.00579165	1.05476
13.1501	0.00578285	1.05476
13.1601	0.00577406	1.05477
13.1701	0.0057653	1.05477
13.1801	0.00575655	1.05477
13.1901	0.00574783	1.05478
13.2001	0.00573912	1.05478
13.2101	0.00573044	1.05479
13.2201	0.00572177	1.05479
13.2301	0.00571313	1.05479
13.2401	0.0057045	1.0548
13.2501	0.00569589	1.0548
13.2601	0.0056873	1.05481
13.2701	0.00567874	1.05481
13.2801	0.00567019	1.05481
13.2901	0.00566166	1.05482
13.3001	0.00565315	1.05482
13.3101	0.00564465	1.05483
13.3201	0.00563618	1.05483
13.3301	0.00562773	1.05483
13.3401	0.00561929	1.05484
13.3501	0.00561088	1.05484
13.3601	0.00560248	1.05484
13.3701	0.00559411	1.05485
13.3801	0.00558575	1.05485
13.3901	0.00557741	1.05486
13.4001	0.00556909	1.05486
13.4101	0.00556078	1.05486
13.4201	0.0055525	1.05487
13.4301	0.00554423	1.05487
13.4401	0.00553599	1.05487
13.4501	0.00552776	1.05488
13.4601	0.00551955	1.05488
13.4701	0.00551135	1.05489
13.4801	0.00550318	1.05489
13.4901	0.00549502	1.05489
13.5001	0.00548689	1.0549
13.5101	0.00547877	1.0549
13.5201	0.00547067	1.0549
13.5301	0.00546258	1.05491
13.5401	0.00545452	1.05491
13.5501	0.00544647	1.05492
13.5601	0.00543844	1.05492
13.5701	0.00543043	1.05492
13.5801	0.00542243	1.05493
13.5901	0.00541445	1.05493
13.6001	0.00540649	1.05493
13.6101	0.00539855	1.05494
13.6201	0.00539063	1.05494
13.6301	0.00538272	1.05494
13.6401	0.00537483	1.05495
13.6501	0.00536696	1.05495
13.6601	0.0053591	1.05496
13.6701	0.00535127	1.05496
13.6801	0.00534345	1.05496
13.6901	0.00533564	1.05497
13.7001	0.00532786	1.05497
13.7101	0.00532009	1.05497
13.7201	0.00531233	1.05498
13.7301	0.0053046	1.05498
13.7401	0.00529688	1.05498
13.7501	0.00528918	1.05499
13.7601	0.00528149	1.05499
13.7701	0.00527383	1.05499
13.7801	0.00526617	1.055
13.7901	0.00525854	1.055
13.8001	0.00525092	1.055
13.8101	0.00524332	1.05501
13.8201	0.00523573	1.05501
13.8301	0.00522817	1.05501
13.8401	0.00522061	1.05502
13.8501	0.00521308	1.05502
13.8601	0.00520556	1.05502
13.8701	0.00519805	1.05503
13.8801	0.00519057	1.05503
13.8901	0.0051831	1.05503
13.9001	0.00517564	1.05504
13.9101	0.0051682	1.05504
13.9201	0.00516078	1.05505
13.9301	0.00515337	1.05505
13.9401	0.00514598	1.05505
13.9501	0.00513861	1.05506
13.9601	0.00513125	1.05506
13.9701	0.0051239	1.05506
13.9801	0.00511658	1.05507
13.9901	0.00510926	1.05507
14.0001	0.00510197	1.05507
14.0101	0.00509469	1.05508
14.0201	0.00508742	1.05508
14.0301	0.00508017	1.05508
14.0401	0.00507294	1.05509
14.0501	0.00506572	1.05509
14.0601	0.00505852	1.05509
14.0701	0.00505133	1.0551
14.0801	0.00504416	1.0551
14.0901	0.005037	1.0551
14.1001	0.00502986	1.0551
14.1101	0.00502273	1.05511
14.1201	0.00501562	1.05511
14.1301	0.00500852	1.05511
14.1401	0.00500144	1.05512
14.1501	0.00499437	1.05512
14.1601	0.00498732	1.05512
14.1701	0.00498028	1.05513
14.1801	0.00497326	1.05513
14.1901	0.00496626	1.05513
14.2001	0.00495926	1.05514
14.2101	0.00495229	1.05514
14.2201	0.00494532	1.05514
14.2301	0.00493838	1.05515
14.2401	0.00493144	1.05515
14.2501	0.00492452	1.05515
14.2601	0.00491762	1.05516
14.2701	0.00491073	1.05516
14.2801	0.00490385	1.05516
14.2901	0.00489699	1.05517
14.3001	0.00489015	1.05517
14.3101	0.00488331	1.05517
14.3201	0.0048765	1.05517
14.3301	0.00486969	1.05518
14.3401	0.0048629	1.05518
14.3501	0.00485613	1.05518
14.3601	0.00484937	1.05519
14.3701	0.00484262	1.05519
14.3801	0.00483589	1.05519
14.3901	0.00482917	1.0552
14.4001	0.00482246	1.0552
14.4101	0.00481577	1.0552
14.4201	0.0048091	1.05521
14.4301	0.00480243	1.05521
14.4401	0.00479578	1.05521
14.4501	0.00478915	1.05521
14.4601	0.00478253	1.05522
14.4701	0.00477592	1.05522
14.4801	0.00476932	1.05522
14.4901	0.00476274	1.05523
14.5001	0.00475618	1.05523
14.5101	0.00474962	1.05523
14.5201	0.00474308	1.05524
14.5301	0.00473656	1.05524
14.5401	0.00473004	1.05524
14.5501	0.00472354	1.05524
14.5601	0.00471706	1.05525
14.5701	0.00471059	1.05525
14.5801	0.00470413	1.05525
14.5901	0.00469768	1.05526
14.6001	0.00469125	1.05526
14.6101	0.00468483	1.05526
14.6201	0.00467842	1.05526
14.6301	0.00467203	1.05527
14.6401	0.00466565	1.05527
14.6501	0.00465928	1.05527
14.6601	0.00465293	1.05528
14.6701	0.00464658	1.05528
14.6801	0.00464026	1.05528
14.6901	0.00463394	1.05528
14.7001	0.00462764	1.05529
14.7101	0.00462135	1.05529
14.7201	0.00461507	1.05529
14.7301	0.00460881	1.0553
14.7401	0.00460256	1.0553
14.7501	0.00459632	1.0553
14.7601	0.00459009	1.05531
14.7701	0.00458388	1.05531
14.7801	0.00457768	1.05531
14.7901	0.00457149	1.05531
14.8001	0.00456531	1.05532
14.8101	0.00455915	1.05532
14.8201	0.004553	1.05532
14.8301	0.00454686	1.05532
14.8401	0.00454074	1.05533
14.8501	0.00453462	1.05533
14.8601	0.00452852	1.05533
14.8701	0.00452243	1.05534
14.8801	0.00451636	1.05534
14.8901	0.00451029	1.05534
14.9001	0.00450424	1.05534
14.9101	0.0044982	1.05535
14.9201	0.00449217	1.05535
14.9301	0.00448616	1.05535
14.9401	0.00448015	1.05536
14.9501	0.00447416	1.05536
14.9601	0.00446818	1.05536
14.9701	0.00446222	1.05536
14.9801	0.00445626	1.05537
14.9901	0.00445032	1.05537
15.0001	0.00444439	1.05537
15.0101	0.00443847	1.05537
15.0201	0.00443256	1.05538
15.0301	0.00442666	1.05538
15.0401	0.00442078	1.05538
15.0501	0.0044149	1.05538
15.0601	0.00440904	1.05539
15.0701	0.00440319	1.05539
15.0801	0.00439736	1.05539
15.0901	0.00439153	1.0554
15.1001	0.00438571	1.0554
15.1101	0.00437991	1.0554
15.1201	0.00437412	1.0554
15.1301	0.00436834	1.05541
15.1401	0.00436257	1.05541
15.1501	0.00435681	1.05541
15.1601	0.00435107	1.05541
15.1701	0.00434533	1.05542
15.1801	0.00433961	1.05542
15.1901	0.0043339	1.05542
15.2001	0.0043282	1.05542
15.2101	0.00432251	1.05543
15.2201	0.00431683	1.05543
15.2301	0.00431116	1.05543
15.2401	0.00430551	1.05543
15.2501	0.00429986	1.05544
15.2601	0.00429423	1.05544
15.2701	0.00428861	1.05544
15.2801	0.004283	1.05544
15.2901	0.00427739	1.05545
15.3001	0.00427181	1.05545
15.3101	0.00426623	1.05545
15.3201	0.00426066	1.05545
15.3301	0.0042551	1.05546
15.3401	0.00424956	1.05546
15.3501	0.00424402	1.05546
15.3601	0.0042385	1.05546
15.3701	0.00423298	1.05547
15.3801	0.00422748	1.05547
15.3901	0.00422199	1.05547
15.4001	0.00421651	1.05547
15.4101	0.00421104	1.05548
15.4201	0.00420558	1.05548
15.4301	0.00420013	1.05548
15.4401	0.00419469	1.05548
15.4501	0.00418926	1.05549
15.4601	0.00418384	1.05549
15.4701	0.00417844	1.05549
15.4801	0.00417304	1.05549
15.4901	0.00416765	1.0555
15.5001	0.00416228	1.0555
15.5101	0.00415691	1.0555
15.5201	0.00415156	1.0555
15.5301	0.00414621	1.05551
15.5401	0.00414088	1.05551
15.5501	0.00413555	1.05551
15.5601	0.00413024	1.05551
15.5701	0.00412494	1.05552
15.5801	0.00411964	1.05552
15.5901	0.00411436	1.05552
15.6001	0.00410909	1.05552
15.6101	0.00410382	1.05553
15.6201	0.00409857	1.05553
15.6301	0.00409333	1.05553
15.6401	0.00408809	1.05553
15.6501	0.00408287	1.05553
15.6601	0.00407766	1.05554
15.6701	0.00407246	1.05554
15.6801	0.00406726	1.05554
15.6901	0.00406208	1.05554
15.7001	0.00405691	1.05555
15.7101	0.00405174	1.05555
15.7201	0.00404659	1.05555
15.7301	0.00404145	1.05555
15.7401	0.00403631	1.05556
15.7501	0.00403119	1.05556
15.7601	0.00402608	1.05556
15.7701	0.00402097	1.05556
15.7801	0.00401588	1.05556
15.7901	0.00401079	1.05557
15.8001	0.00400572	1.05557
15.8101	0.00400065	1.05557
15.8201	0.0039956	1.05557
15.8301	0.00399055	1.05558
15.8401	0.00398551	1.05558
15.8501	0.00398048	1.05558
15.8601	0.00397547	1.05558
15.8701	0.00397046	1.05558
15.8801	0.00396546	1.05559
15.8901	0.00396047	1.05559
15.9001	0.00395549	1.05559
15.9101	0.00395052	1.05559
15.9201	0.00394556	1.0556
15.9301	0.00394061	1.0556
15.9401	0.00393566	1.0556
15.9501	0.00393073	1.0556
15.9601	0.00392581	1.0556
15.9701	0.00392089	1.05561
15.9801	0.00391598	1.05561
15.9901	0.00391109	1.05561
16.0001	0.0039062	1.05561
16.0101	0.00390132	1.05562
16.0201	0.00389645	1.05562
16.0301	0.00389159	1.05562
16.0401	0.00388674	1.05562
16.0501	0.0038819	1.05562
16.0601	0.00387707	1.05563
16.0701	0.00387225	1.05563
16.0801	0.00386743	1.05563
16.0901	0.00386262	1.05563
16.1001	0.00385783	1.05564
16.1101	0.00385304	1.05564
16.1201	0.00384826	1.05564
16.1301	0.00384349	1.05564
16.1401	0.00383873	1.05564
16.1501	0.00383398	1.05565
16.1601	0.00382923	1.05565
16.1701	0.0038245	1.05565
16.1801	0.00381977	1.05565
16.1901	0.00381506	1.05565
16.2001	0.00381035	1.05566
16.2101	0.00380565	1.05566
16.2201	0.00380096	1.05566
16.2301	0.00379627	1.05566
16.2401	0.0037916	1.05567
16.2501	0.00378694	1.05567
16.2601	0.00378228	1.05567
16.2701	0.00377763	1.05567
16.2801	0.00377299	1.05567
16.2901	0.00376836	1.05568
16.3001	0.00376374	1.05568
16.3101	0.00375912	1.05568
16.3201	0.00375452	1.05568
16.3301	0.00374992	1.05568
16.3401	0.00374533	1.05569
16.3501	0.00374075	1.05569
16.3601	0.00373618	1.05569
16.3701	0.00373162	1.05569
16.3801	0.00372706	1.05569
16.3901	0.00372252	1.0557
16.4001	0.00371798	1.0557
16.4101	0.00371345	1.0557
16.4201	0.00370893	1.0557
16.4301	0.00370441	1.0557
16.4401	0.00369991	1.05571
16.4501	0.00369541	1.05571
16.4601	0.00369092	1.05571
16.4701	0.00368644	1.05571
16.4801	0.00368197	1.05572
16.4901	0.00367751	1.05572
16.5001	0.00367305	1.05572
16.5101	0.0036686	1.05572
16.5201	0.00366416	1.05572
16.5301	0.00365973	1.05573
16.5401	0.00365531	1.05573
16.5501	0.00365089	1.05573
16.5601	0.00364648	1.05573
16.5701	0.00364208	1.05573
16.5801	0.00363769	1.05573
16.5901	0.00363331	1.05574
16.6001	0.00362893	1.05574
16.6101	0.00362456	1.05574
16.6201	0.0036202	1.05574
16.6301	0.00361585	1.05574
16.6401	0.0036115	1.05575
16.6501	0.00360717	1.05575
16.6601	0.00360284	1.05575
16.6701	0.00359852	1.05575
16.6801	0.0035942	1.05575
16.6901	0.0035899	1.05576
16.7001	0.0035856	1.05576
16.7101	0.00358131	1.05576
16.7201	0.00357703	1.05576
16.7301	0.00357275	1.05576
16.7401	0.00356849	1.05577
16.7501	0.00356423	1.05577
16.7601	0.00355997	1.05577
16.7701	0.00355573	1.05577
16.7801	0.00355149	1.05577
16.7901	0.00354726	1.05578
16.8001	0.00354304	1.05578
16.8101	0.00353883	1.05578
16.8201	0.00353462	1.05578
16.8301	0.00353042	1.05578
16.8401	0.00352623	1.05578
16.8501	0.00352205	1.05579
16.8601	0.00351787	1.05579
16.8701	0.0035137	1.05579
16.8801	0.00350954	1.05579
16.8901	0.00350538	1.05579
16.9001	0.00350124	1.0558
16.9101	0.0034971	1.0558
16.9201	0.00349296	1.0558
16.9301	0.00348884	1.0558
16.9401	0.00348472	1.0558
16.9501	0.00348061	1.05581
16.9601	0.00347651	1.05581
16.9701	0.00347241	1.05581
16.9801	0.00346832	1.05581
16.9901	0.00346424	1.05581
17.0001	0.00346017	1.05581
17.0101	0.0034561	1.05582
17.0201	0.00345204	1.05582
17.0301	0.00344799	1.05582
17.0401	0.00344394	1.05582
17.0501	0.0034399	1.05582
17.0601	0.00343587	1.05583
17.0701	0.00343185	1.05583
17.0801	0.00342783	1.05583
17.0901	0.00342382	1.05583
17.1001	0.00341982	1.05583
17.1101	0.00341582	1.05583
17.1201	0.00341183	1.05584
17.1301	0.00340785	1.05584
17.1401	0.00340387	1.05584
17.1501	0.0033999	1.05584
17.1601	0.00339594	1.05584
17.1701	0.00339199	1.05585
17.1801	0.00338804	1.05585
17.1901	0.0033841	1.05585
17.2001	0.00338017	1.05585
17.2101	0.00337624	1.05585
17.2201	0.00337232	1.05585
17.2301	0.00336841	1.05586
17.2401	0.0033645	1.05586
17.2501	0.0033606	1.05586
17.2601	0.00335671	1.05586
17.2701	0.00335282	1.05586
17.2801	0.00334894	1.05586
17.2901	0.00334507	1.05587
17.3001	0.0033412	1.05587
17.3101	0.00333734	1.05587
17.3201	0.00333349	1.05587
17.3301	0.00332964	1.05587
17.3401	0.00332581	1.05588
17.3501	0.00332197	1.05588
17.3601	0.00331815	1.05588
17.3701	0.00331433	1.05588
17.3801	0.00331051	1.05588
17.3901	0.00330671	1.05588
17.4001	0.00330291	1.05589
17.4101	0.00329912	1.05589
17.4201	0.00329533	1.05589
17.4301	0.00329155	1.05589
17.4401	0.00328777	1.05589
17.4501	0.00328401	1.05589
17.4601	0.00328025	1.0559
17.4701	0.00327649	1.0559
17.4801	0.00327275	1.0559
17.4901	0.003269	1.0559
17.5001	0.00326527	1.0559
17.5101	0.00326154	1.0559
17.5201	0.00325782	1.05591
17.5301	0.0032541	1.05591
17.5401	0.00325039	1.05591
17.5501	0.00324669	1.05591
17.5601	0.00324299	1.05591
17.5701	0.0032393	1.05591
17.5801	0.00323562	1.05592
17.5901	0.00323194	1.05592
17.6001	0.00322827	1.05592
17.6101	0.0032246	1.05592
17.6201	0.00322094	1.05592
17.6301	0.00321729	1.05592
17.6401	0.00321365	1.05593
17.6501	0.00321	1.05593
17.6601	0.00320637	1.05593
17.6701	0.00320274	1.05593
17.6801	0.00319912	1.05593
17.6901	0.0031955	1.05593
17.7001	0.00319189	1.05594
17.7101	0.00318829	1.05594
17.7201	0.00318469	1.05594
17.7301	0.0031811	1.05594
17.7401	0.00317752	1.05594
17.7501	0.00317394	1.05594
17.7601	0.00317036	1.05595
17.7701	0.0031668	1.05595
17.7801	0.00316324	1.05595
17.7901	0.00315968	1.05595
17.8001	0.00315613	1.05595
17.8101	0.00315259	1.05595
17.8201	0.00314905	1.05596
17.8301	0.00314552	1.05596
17.8401	0.00314199	1.05596
17.8501	0.00313848	1.05596
17.8601	0.00313496	1.05596
17.8701	0.00313145	1.05596
17.8801	0.00312795	1.05596
17.8901	0.00312446	1.05597
17.9001	0.00312097	1.05597
17.9101	0.00311748	1.05597
17.9201	0.003114	1.05597
17.9301	0.00311053	1.05597
17.9401	0.00310706	1.05597
17.9501	0.0031036	1.05598
17.9601	0.00310015	1.05598
17.9701	0.0030967	1.05598
17.9801	0.00309326	1.05598
17.9901	0.00308982	1.05598
18.0001	0.00308639	1.05598
18.0101	0.00308296	1.05598
18.0201	0.00307954	1.05599
18.0301	0.00307612	1.05599
18.0401	0.00307271	1.05599
18.0501	0.00306931	1.05599
18.0601	0.00306591	1.05599
18.0701	0.00306252	1.05599
18.0801	0.00305913	1.056
18.0901	0.00305575	1.056
18.1001	0.00305238	1.056
18.1101	0.00304901	1.056
18.1201	0.00304564	1.056
18.1301	0.00304228	1.056
18.1401	0.00303893	1.05601
18.1501	0.00303558	1.05601
18.1601	0.00303224	1.05601
18.1701	0.0030289	1.05601
18.1801	0.00302557	1.05601
18.1901	0.00302225	1.05601
18.2001	0.00301893	1.05601
18.2101	0.00301561	1.05602
18.2201	0.0030123	1.05602
18.2301	0.003009	1.05602
18.2401	0.0030057	1.05602
18.2501	0.00300241	1.05602
18.2601	0.00299912	1.05602
18.2701	0.00299584	1.05602
18.2801	0.00299256	1.05603
18.2901	0.00298929	1.05603
18.3001	0.00298602	1.05603
18.3101	0.00298276	1.05603
18.3201	0.00297951	1.05603
18.3301	0.00297626	1.05603
18.3401	0.00297301	1.05604
18.3501	0.00296977	1.05604
18.3601	0.00296654	1.05604
18.3701	0.00296331	1.05604
18.3801	0.00296009	1.05604
18.3901	0.00295687	1.05604
18.4001	0.00295365	1.05604
18.4101	0.00295045	1.05605
18.4201	0.00294724	1.05605
18.4301	0.00294405	1.05605
18.4401	0.00294085	1.05605
18.4501	0.00293767	1.05605
18.4601	0.00293449	1.05605
18.4701	0.00293131	1.05605
18.4801	0.00292814	1.05606
18.4901	0.00292497	1.05606
18.5001	0.00292181	1.05606
18.5101	0.00291865	1.05606
18.5201	0.0029155	1.05606
18.5301	0.00291236	1.05606
18.5401	0.00290922	1.05606
18.5501	0.00290608	1.05607
18.5601	0.00290295	1.05607
18.5701	0.00289982	1.05607
18.5801	0.0028967	1.05607
18.5901	0.00289359	1.05607
18.6001	0.00289048	1.05607
18.6101	0.00288737	1.05607
18.6201	0.00288427	1.05608
18.6301	0.00288117	1.05608
18.6401	0.00287808	1.05608
18.6501	0.002875	1.05608
18.6601	0.00287192	1.05608
18.6701	0.00286884	1.05608
18.6801	0.00286577	1.05608
18.6901	0.00286271	1.05609
18.7001	0.00285965	1.05609
18.7101	0.00285659	1.05609
18.7201	0.00285354	1.05609
18.7301	0.00285049	1.05609
18.7401	0.00284745	1.05609
18.7501	0.00284441	1.05609
18.7601	0.00284138	1.05609
18.7701	0.00283836	1.0561
18.7801	0.00283533	1.0561
18.7901	0.00283232	1.0561
18.8001	0.0028293	1.0561
18.8101	0.0028263	1.0561
18.8201	0.00282329	1.0561
18.8301	0.0028203	1.0561
18.8401	0.0028173	1.05611
18.8501	0.00281431	1.05611
18.8601	0.00281133	1.05611
18.8701	0.00280835	1.05611
18.8801	0.00280538	1.05611
18.8901	0.00280241	1.05611
18.9001	0.00279944	1.05611
18.9101	0.00279648	1.05611
18.9201	0.00279353	1.05612
18.9301	0.00279058	1.05612
18.9401	0.00278763	1.05612
18.9501	0.00278469	1.05612
18.9601	0.00278175	1.05612
18.9701	0.00277882	1.05612
18.9801	0.00277589	1.05612
18.9901	0.00277297	1.05613
19.0001	0.00277005	1.05613
19.0101	0.00276714	1.05613
19.0201	0.00276423	1.05613
19.0301	0.00276133	1.05613
19.0401	0.00275843	1.05613
19.0501	0.00275553	1.05613
19.0601	0.00275264	1.05613
19.0701	0.00274976	1.05614
19.0801	0.00274687	1.05614
19.0901	0.002744	1.05614
19.1001	0.00274112	1.05614
19.1101	0.00273826	1.05614
19.1201	0.00273539	1.05614
19.1301	0.00273253	1.05614
19.1401	0.00272968	1.05614
19.1501	0.00272683	1.05615
19.1601	0.00272398	1.05615
19.1701	0.00272114	1.05615
19.1801	0.00271831	1.05615
19.1901	0.00271547	1.05615
19.2001	0.00271265	1.05615
19.2101	0.00270982	1.05615
19.2201	0.002707	1.05615
19.2301	0.00270419	1.05616
19.2401	0.00270138	1.05616
19.2501	0.00269857	1.05616
19.2601	0.00269577	1.05616
19.2701	0.00269297	1.05616
19.2801	0.00269018	1.05616
19.2901	0.00268739	1.05616
19.3001	0.00268461	1.05616
19.3101	0.00268183	1.05617
19.3201	0.00267905	1.05617
19.3301	0.00267628	1.05617
19.3401	0.00267351	1.05617
19.3501	0.00267075	1.05617
19.3601	0.00266799	1.05617
19.3701	0.00266524	1.05617
19.3801	0.00266249	1.05617
19.3901	0.00265974	1.05618
19.4001	0.002657	1.05618
19.4101	0.00265427	1.05618
19.4201	0.00265153	1.05618
19.4301	0.0026488	1.05618
19.4401	0.00264608	1.05618
19.4501	0.00264336	1.05618
19.4601	0.00264064	1.05618
19.4701	0.00263793	1.05619
19.4801	0.00263522	1.05619
19.4901	0.00263252	1.05619
19.5001	0.00262982	1.05619
19.5101	0.00262713	1.05619
19.5201	0.00262444	1.05619
19.5301	0.00262175	1.05619
19.5401	0.00261907	1.05619
19.5501	0.00261639	1.0562
19.5601	0.00261371	1.0562
19.5701	0.00261104	1.0562
19.5801	0.00260838	1.0562
19.5901	0.00260571	1.0562
19.6001	0.00260306	1.0562
19.6101	0.0026004	1.0562
19.6201	0.00259775	1.0562
19.6301	0.00259511	1.05621
19.6401	0.00259246	1.05621
19.6501	0.00258983	1.05621
19.6601	0.00258719	1.05621
19.6701	0.00258456	1.05621
19.6801	0.00258194	1.05621
19.6901	0.00257931	1.05621
19.7001	0.0025767	1.05621
19.7101	0.00257408	1.05621
19.7201	0.00257147	1.05622
19.7301	0.00256887	1.05622
19.7401	0.00256626	1.05622
19.7501	0.00256367	1.05622
19.7601	0.00256107	1.05622
19.7701	0.00255848	1.05622
19.7801	0.0025559	1.05622
19.7901	0.00255331	1.05622
19.8001	0.00255073	1.05623
19.8101	0.00254816	1.05623
19.8201	0.00254559	1.05623
19.8301	0.00254302	1.05623
19.8401	0.00254046	1.05623
19.8501	0.0025379	1.05623
19.8601	0.00253535	1.05623
19.8701	0.00253279	1.05623
19.8801	0.00253025	1.05623
19.8901	0.0025277	1.05624
19.9001	0.00252516	1.05624
19.9101	0.00252263	1.05624
19.9201	0.0025201	1.05624
19.9301	0.00251757	1.05624
19.9401	0.00251504	1.05624
19.9501	0.00251252	1.05624
19.9601	0.00251	1.05624
19.9701	0.00250749	1.05624
19.9801	0.00250498	1.05625
19.9901	0.00250248	1.05625
