0.0001	1e+008	0
0.0101	9802.96	0
0.0201	2475.19	0
0.0301	1103.74	0
0.0401	621.887	0
0.0501	398.405	0
0.0601	276.854	0
0.0701	203.5	0
0.0801	155.86	0
0.0901	123.183	0
0.1001	99.8003	0
0.1101	82.4946	0
0.1201	69.3288	0
0.1301	59.0807	0
0.1401	50.9476	0
0.1501	44.3852	0
0.1601	39.0137	0
0.1701	34.5614	0
0.1801	30.8299	0
0.1901	27.6717	0
0.2001	24.975	0
0.2101	22.6542	0
0.2201	20.6424	0
0.2301	18.8872	0
0.2401	17.3467	0
0.2501	15.9872	0
0.2601	14.7815	0
0.2701	13.7073	0
0.2801	12.746	0
0.2901	11.8824	0
0.3001	11.1037	0
0.3101	10.3991	0
0.3201	9.75952	0
0.3301	9.17717	0
0.3401	8.64543	0
0.3501	8.1586	0
0.3601	7.71176	0
0.3701	7.30066	0
0.3801	6.92156	0
0.3901	6.57125	0
0.4001	6.24688	0
0.4101	5.94594	0
0.4201	5.66624	0
0.4301	5.40581	0
0.4401	5.16294	0
0.4501	4.93608	0
0.4601	4.72384	0
0.4701	4.52501	0
0.4801	4.33847	0
0.4901	4.16323	0
0.5001	3.9984	0.00040562
0.5101	3.84317	0.000630587
0.5201	3.6968	0.000826676
0.5301	3.55864	0.0013272
0.5401	3.42809	0.00191439
0.5501	3.30458	0.00250239
0.5601	3.18764	0.00289376
0.5701	3.07679	0.00349313
0.5801	2.97163	0.00404998
0.5901	2.87176	0.00481629
0.6001	2.77685	0.00562312
0.6101	2.68657	0.00672833
0.6201	2.60062	0.00760695
0.6301	2.51873	0.00859357
0.6401	2.44064	0.00961271
0.6501	2.36614	0.0110216
0.6601	2.29499	0.0123566
0.6701	2.227	0.0135951
0.6801	2.16199	0.014834
0.6901	2.09979	0.0162073
0.7001	2.04023	0.0177826
0.7101	1.98317	0.0191594
0.7201	1.92848	0.0209326
0.7301	1.87601	0.0226563
0.7401	1.82566	0.0241533
0.7501	1.7773	0.02596
0.7601	1.73085	0.0281238
0.7701	1.68619	0.0300191
0.7801	1.64323	0.0321702
0.7901	1.6019	0.0342461
0.8001	1.56211	0.0366078
0.8101	1.52378	0.0387764
0.8201	1.48685	0.0411655
0.8301	1.45124	0.0435766
0.8401	1.4169	0.0458599
0.8501	1.38376	0.0483307
0.8601	1.35177	0.0509562
0.8701	1.32087	0.0538952
0.8801	1.29103	0.057261
0.8901	1.26218	0.060184
0.9001	1.23429	0.0630401
0.9101	1.20732	0.0659952
0.9201	1.18122	0.0691023
0.9301	1.15595	0.0724914
0.9401	1.13149	0.0756377
0.9501	1.1078	0.0791572
0.9601	1.08484	0.08262
0.9701	1.06259	0.0858516
0.9801	1.04102	0.0895184
0.9901	1.0201	0.0932061
1.0001	0.9998	0.0971746
1.0101	0.980102	0.100892
1.0201	0.96098	0.104535
1.0301	0.942413	0.1081
1.0401	0.924378	0.112003
1.0501	0.906857	0.115659
1.0601	0.889829	0.119401
1.0701	0.873275	0.123198
1.0801	0.85718	0.127178
1.0901	0.841526	0.131249
1.1001	0.826296	0.135084
1.1101	0.811476	0.139153
1.1201	0.797052	0.143398
1.1301	0.783008	0.148029
1.1401	0.769333	0.152545
1.1501	0.756012	0.157655
1.1601	0.743035	0.162139
1.1701	0.730389	0.166601
1.1801	0.718063	0.171509
1.1901	0.706046	0.175582
1.2001	0.694329	0.180088
1.2101	0.682901	0.184621
1.2201	0.671752	0.189295
1.2301	0.660875	0.19457
1.2401	0.650259	0.199919
1.2501	0.639898	0.205505
1.2601	0.629782	0.21107
1.2701	0.619904	0.215871
1.2801	0.610256	0.22146
1.2901	0.600832	0.227515
1.3001	0.591625	0.232763
1.3101	0.582628	0.238154
1.3201	0.573834	0.243431
1.3301	0.565238	0.248693
1.3401	0.556834	0.254222
1.3501	0.548616	0.259789
1.3601	0.540578	0.265714
1.3701	0.532716	0.271769
1.3801	0.525024	0.277347
1.3901	0.517497	0.282572
1.4001	0.510131	0.288319
1.4101	0.502921	0.294805
1.4201	0.495864	0.299946
1.4301	0.488953	0.305944
1.4401	0.482186	0.31227
1.4501	0.475559	0.318364
1.4601	0.469067	0.325995
1.4701	0.462707	0.333813
1.4801	0.456476	0.340422
1.4901	0.45037	0.346395
1.5001	0.444385	0.353171
1.5101	0.438519	0.360768
1.5201	0.432769	0.367778
1.5301	0.42713	0.374088
1.5401	0.421602	0.381143
1.5501	0.416179	0.386682
1.5601	0.410861	0.392077
1.5701	0.405644	0.399457
1.5801	0.400526	0.406549
1.5901	0.395504	0.413761
1.6001	0.390576	0.420744
1.6101	0.38574	0.428079
1.6201	0.380992	0.43531
1.6301	0.376332	0.442178
1.6401	0.371757	0.451066
1.6501	0.367265	0.457816
1.6601	0.362854	0.465021
1.6701	0.358521	0.475692
1.6801	0.354266	0.48262
1.6901	0.350086	0.489601
1.7001	0.34598	0.497147
1.7101	0.341946	0.505163
1.7201	0.337981	0.512994
1.7301	0.334085	0.521235
1.7401	0.330257	0.533432
1.7501	0.326493	0.544055
1.7601	0.322794	0.554922
1.7701	0.319157	0.563826
1.7801	0.315581	0.573126
1.7901	0.312065	0.582256
1.8001	0.308608	0.590819
1.8101	0.305207	0.601217
1.8201	0.301863	0.610532
1.8301	0.298573	0.621257
1.8401	0.295337	0.630408
1.8501	0.292152	0.639722
1.8601	0.28902	0.650458
1.8701	0.285937	0.660091
1.8801	0.282903	0.668327
1.8901	0.279918	0.677364
1.9001	0.276979	0.6869
1.9101	0.274087	0.694399
1.9201	0.271239	0.70094
1.9301	0.268436	0.709677
1.9401	0.265676	0.718409
1.9501	0.262958	0.724476
1.9601	0.260282	0.732169
1.9701	0.257646	0.738666
1.9801	0.25505	0.745305
1.9901	0.252493	0.750701
2.0001	0.249975	0.756215
2.0101	0.247494	0.762142
2.0201	0.24505	0.76774
2.0301	0.242642	0.772556
2.0401	0.240269	0.77724
2.0501	0.23793	0.782298
2.0601	0.235626	0.787582
2.0701	0.233355	0.792984
2.0801	0.231117	0.797721
2.0901	0.228911	0.802171
2.1001	0.226736	0.806849
2.1101	0.224592	0.811181
2.1201	0.222478	0.815137
2.1301	0.220394	0.81966
2.1401	0.218339	0.823042
2.1501	0.216313	0.827254
2.1601	0.214315	0.830988
2.1701	0.212344	0.834329
2.1801	0.210401	0.837639
2.1901	0.208484	0.840558
2.2001	0.206593	0.843241
2.2101	0.204727	0.846485
2.2201	0.202887	0.849229
2.2301	0.201072	0.852051
2.2401	0.199281	0.85438
2.2501	0.197513	0.857292
2.2601	0.195769	0.859743
2.2701	0.194048	0.862163
2.2801	0.19235	0.864941
2.2901	0.190674	0.866938
2.3001	0.189019	0.869446
2.3101	0.187387	0.871843
2.3201	0.185775	0.873789
2.3301	0.184184	0.875878
2.3401	0.182613	0.878087
2.3501	0.181062	0.880413
2.3601	0.179531	0.882537
2.3701	0.178019	0.884556
2.3801	0.176526	0.88657
2.3901	0.175052	0.888551
2.4001	0.173597	0.890762
2.4101	0.172159	0.892515
2.4201	0.170739	0.894549
2.4301	0.169337	0.896585
2.4401	0.167952	0.898296
2.4501	0.166584	0.900072
2.4601	0.165232	0.901975
2.4701	0.163897	0.903717
2.4801	0.162578	0.905682
2.4901	0.161275	0.907416
2.5001	0.159987	0.909117
2.5101	0.158715	0.910745
2.5201	0.157458	0.912312
2.5301	0.156216	0.913988
2.5401	0.154988	0.915607
2.5501	0.153775	0.917045
2.5601	0.152576	0.918289
2.5701	0.151391	0.920124
2.5801	0.15022	0.921477
2.5901	0.149062	0.922835
2.6001	0.147918	0.92407
2.6101	0.146786	0.925389
2.6201	0.145668	0.926772
2.6301	0.144562	0.928106
2.6401	0.143469	0.929417
2.6501	0.142389	0.930802
2.6601	0.14132	0.931896
2.6701	0.140264	0.933018
2.6801	0.139219	0.934204
2.6901	0.138186	0.935446
2.7001	0.137164	0.936568
2.7101	0.136154	0.937616
2.7201	0.135154	0.938801
2.7301	0.134166	0.939927
2.7401	0.133189	0.940998
2.7501	0.132222	0.942121
2.7601	0.131265	0.943163
2.7701	0.130319	0.944224
2.7801	0.129384	0.945224
2.7901	0.128458	0.946229
2.8001	0.127542	0.947269
2.8101	0.126636	0.948386
2.8201	0.125739	0.949301
2.8301	0.124852	0.950475
2.8401	0.123975	0.951374
2.8501	0.123106	0.952407
2.8601	0.122247	0.953293
2.8701	0.121396	0.954226
2.8801	0.120555	0.955144
2.8901	0.119722	0.956052
2.9001	0.118898	0.956936
2.9101	0.118082	0.957829
2.9201	0.117275	0.958684
2.9301	0.116476	0.959552
2.9401	0.115685	0.960411
2.9501	0.114902	0.961201
2.9601	0.114127	0.962085
2.9701	0.113359	0.962892
2.9801	0.1126	0.963682
2.9901	0.111848	0.964416
3.0001	0.111104	0.965223
3.0101	0.110367	0.965979
3.0201	0.109637	0.966739
3.0301	0.108915	0.967536
3.0401	0.108199	0.968292
3.0501	0.107491	0.969041
3.0601	0.10679	0.96986
3.0701	0.106095	0.970651
3.0801	0.105407	0.971385
3.0901	0.104726	0.972122
3.1001	0.104052	0.972842
3.1101	0.103384	0.973536
3.1201	0.102722	0.974263
3.1301	0.102067	0.974887
3.1401	0.101418	0.975514
3.1501	0.100775	0.976133
3.1601	0.100138	0.97676
3.1701	0.0995071	0.977387
3.1801	0.0988823	0.977973
3.1901	0.0982633	0.978612
3.2001	0.0976501	0.979204
3.2101	0.0970427	0.979859
3.2201	0.0964409	0.980444
3.2301	0.0958447	0.981044
3.2401	0.095254	0.981667
3.2501	0.0946687	0.982276
3.2601	0.0940888	0.982902
3.2701	0.0935143	0.983484
3.2801	0.092945	0.984072
3.2901	0.0923808	0.984589
3.3001	0.0918218	0.985147
3.3101	0.0912678	0.985728
3.3201	0.0907189	0.986269
3.3301	0.0901749	0.986789
3.3401	0.0896357	0.987293
3.3501	0.0891014	0.987864
3.3601	0.0885718	0.988373
3.3701	0.088047	0.988876
3.3801	0.0875268	0.989376
3.3901	0.0870112	0.989864
3.4001	0.0865001	0.99035
3.4101	0.0859935	0.990859
3.4201	0.0854914	0.99134
3.4301	0.0849936	0.991823
3.4401	0.0845002	0.992271
3.4501	0.0840111	0.99276
3.4601	0.0835262	0.99324
3.4701	0.0830455	0.993714
3.4801	0.0825689	0.994202
3.4901	0.0820964	0.994675
3.5001	0.081628	0.995163
3.5101	0.0811635	0.995625
3.5201	0.0807031	0.996044
3.5301	0.0802465	0.996525
3.5401	0.0797938	0.99696
3.5501	0.0793449	0.997382
3.5601	0.0788997	0.997786
3.5701	0.0784584	0.998212
3.5801	0.0780207	0.998635
3.5901	0.0775866	0.999036
3.6001	0.0771562	0.999465
3.6101	0.0767294	0.999848
3.6201	0.076306	1.00027
3.6301	0.0758862	1.00068
3.6401	0.0754698	1.00106
3.6501	0.0750569	1.00145
3.6601	0.0746473	1.00183
3.6701	0.0742411	1.00222
3.6801	0.0738381	1.00262
3.6901	0.0734385	1.00301
3.7001	0.0730421	1.00342
3.7101	0.0726489	1.0038
3.7201	0.0722588	1.00417
3.7301	0.0718719	1.00453
3.7401	0.0714881	1.00492
3.7501	0.0711073	1.00528
3.7601	0.0707296	1.00561
3.7701	0.0703549	1.00597
3.7801	0.0699831	1.00632
3.7901	0.0696143	1.00665
3.8001	0.0692484	1.007
3.8101	0.0688854	1.00733
3.8201	0.0685252	1.00767
3.8301	0.0681679	1.00802
3.8401	0.0678133	1.00834
3.8501	0.0674615	1.00866
3.8601	0.0671124	1.009
3.8701	0.066766	1.00934
3.8801	0.0664223	1.00968
3.8901	0.0660813	1.00998
3.9001	0.0657428	1.01031
3.9101	0.065407	1.01063
3.9201	0.0650737	1.01097
3.9301	0.064743	1.0113
3.9401	0.0644148	1.0116
3.9501	0.064089	1.0119
3.9601	0.0637658	1.0122
3.9701	0.063445	1.0125
3.9801	0.0631265	1.01279
3.9901	0.0628105	1.01308
4.0001	0.0624969	1.01336
4.0101	0.0621856	1.01365
4.0201	0.0618766	1.01394
4.0301	0.0615699	1.0142
4.0401	0.0612655	1.01451
4.0501	0.0609633	1.01478
4.0601	0.0606634	1.01508
4.0701	0.0603656	1.01535
4.0801	0.0600701	1.0156
4.0901	0.0597767	1.01589
4.1001	0.0594855	1.01616
4.1101	0.0591964	1.01642
4.1201	0.0589094	1.01668
4.1301	0.0586245	1.01693
4.1401	0.0583416	1.01719
4.1501	0.0580608	1.01746
4.1601	0.057782	1.0177
4.1701	0.0575052	1.01795
4.1801	0.0572304	1.01819
4.1901	0.0569575	1.01844
4.2001	0.0566866	1.0187
4.2101	0.0564177	1.01896
4.2201	0.0561506	1.01921
4.2301	0.0558854	1.01946
4.2401	0.0556222	1.01969
4.2501	0.0553607	1.01992
4.2601	0.0551011	1.02016
4.2701	0.0548433	1.02039
4.2801	0.0545874	1.02062
4.2901	0.0543332	1.02086
4.3001	0.0540808	1.02109
4.3101	0.0538301	1.02131
4.3201	0.0535812	1.02153
4.3301	0.053334	1.02174
4.3401	0.0530885	1.02196
4.3501	0.0528447	1.02221
4.3601	0.0526026	1.02244
4.3701	0.0523621	1.02267
4.3801	0.0521233	1.02288
4.3901	0.0518861	1.0231
4.4001	0.0516505	1.02331
4.4101	0.0514166	1.02353
4.4201	0.0511842	1.02376
4.4301	0.0509534	1.02395
4.4401	0.0507241	1.02416
4.4501	0.0504964	1.02437
4.4601	0.0502702	1.02457
4.4701	0.0500456	1.02478
4.4801	0.0498224	1.02497
4.4901	0.0496007	1.02517
4.5001	0.0493805	1.02537
4.5101	0.0491618	1.02555
4.5201	0.0489445	1.02575
4.5301	0.0487287	1.02596
4.5401	0.0485142	1.02615
4.5501	0.0483012	1.02634
4.5601	0.0480896	1.02653
4.5701	0.0478794	1.0267
4.5801	0.0476705	1.02689
4.5901	0.0474631	1.02709
4.6001	0.0472569	1.02728
4.6101	0.0470521	1.02747
4.6201	0.0468487	1.02765
4.6301	0.0466465	1.02783
4.6401	0.0464457	1.02801
4.6501	0.0462461	1.02818
4.6601	0.0460479	1.02836
4.6701	0.0458509	1.02853
4.6801	0.0456551	1.02871
4.6901	0.0454607	1.02888
4.7001	0.0452674	1.02905
4.7101	0.0450754	1.02922
4.7201	0.0448846	1.02941
4.7301	0.044695	1.02956
4.7401	0.0445067	1.02973
4.7501	0.0443195	1.0299
4.7601	0.0441334	1.03008
4.7701	0.0439486	1.03025
4.7801	0.0437649	1.03041
4.7901	0.0435824	1.03059
4.8001	0.043401	1.03075
4.8101	0.0432207	1.03091
4.8201	0.0430416	1.03107
4.8301	0.0428635	1.03124
4.8401	0.0426866	1.03138
4.8501	0.0425107	1.03154
4.8601	0.042336	1.03168
4.8701	0.0421623	1.03183
4.8801	0.0419897	1.03198
4.8901	0.0418181	1.03213
4.9001	0.0416476	1.03229
4.9101	0.0414781	1.03243
4.9201	0.0413097	1.03257
4.9301	0.0411423	1.03271
4.9401	0.0409759	1.03286
4.9501	0.0408105	1.033
4.9601	0.0406461	1.03314
4.9701	0.0404827	1.0333
4.9801	0.0403203	1.03345
4.9901	0.0401589	1.03358
5.0001	0.0399984	1.03372
5.0101	0.0398389	1.03386
5.0201	0.0396803	1.03401
5.0301	0.0395227	1.03414
5.0401	0.039366	1.03428
5.0501	0.0392103	1.03442
5.0601	0.0390555	1.03455
5.0701	0.0389016	1.03469
5.0801	0.0387486	1.03483
5.0901	0.0385965	1.03497
5.1001	0.0384452	1.03511
5.1101	0.0382949	1.03524
5.1201	0.0381455	1.03537
5.1301	0.0379969	1.03549
5.1401	0.0378492	1.03561
5.1501	0.0377024	1.03574
5.1601	0.0375564	1.03585
5.1701	0.0374112	1.036
5.1801	0.0372669	1.03611
5.1901	0.0371235	1.03623
5.2001	0.0369808	1.03636
5.2101	0.036839	1.03649
5.2201	0.036698	1.03661
5.2301	0.0365578	1.03673
5.2401	0.0364184	1.03686
5.2501	0.0362798	1.03697
5.2601	0.036142	1.0371
5.2701	0.036005	1.03723
5.2801	0.0358687	1.03734
5.2901	0.0357332	1.03746
5.3001	0.0355985	1.03759
5.3101	0.0354646	1.03771
5.3201	0.0353314	1.03783
5.3301	0.0351989	1.03795
5.3401	0.0350672	1.03807
5.3501	0.0349362	1.03818
5.3601	0.034806	1.0383
5.3701	0.0346765	1.03842
5.3801	0.0345477	1.03854
5.3901	0.0344196	1.03864
5.4001	0.0342923	1.03875
5.4101	0.0341656	1.03886
5.4201	0.0340397	1.03898
5.4301	0.0339144	1.03909
5.4401	0.0337898	1.0392
5.4501	0.033666	1.03929
5.4601	0.0335428	1.0394
5.4701	0.0334202	1.03951
5.4801	0.0332984	1.03962
5.4901	0.0331772	1.03973
5.5001	0.0330566	1.03983
5.5101	0.0329368	1.03993
5.5201	0.0328175	1.04003
5.5301	0.032699	1.04013
5.5401	0.032581	1.04024
5.5501	0.0324637	1.04034
5.5601	0.0323471	1.04045
5.5701	0.032231	1.04055
5.5801	0.0321156	1.04065
5.5901	0.0320008	1.04074
5.6001	0.0318866	1.04084
5.6101	0.031773	1.04095
5.6201	0.0316601	1.04104
5.6301	0.0315477	1.04114
5.6401	0.0314359	1.04124
5.6501	0.0313248	1.04134
5.6601	0.0312142	1.04143
5.6701	0.0311042	1.04153
5.6801	0.0309947	1.04162
5.6901	0.0308859	1.04172
5.7001	0.0307776	1.04182
5.7101	0.0306699	1.04192
5.7201	0.0305628	1.04201
5.7301	0.0304562	1.0421
5.7401	0.0303502	1.04219
5.7501	0.0302447	1.04228
5.7601	0.0301398	1.04237
5.7701	0.0300354	1.04246
5.7801	0.0299316	1.04255
5.7901	0.0298283	1.04264
5.8001	0.0297255	1.04273
5.8101	0.0296233	1.04282
5.8201	0.0295215	1.0429
5.8301	0.0294204	1.04298
5.8401	0.0293197	1.04306
5.8501	0.0292195	1.04314
5.8601	0.0291199	1.04323
5.8701	0.0290208	1.04332
5.8801	0.0289222	1.0434
5.8901	0.028824	1.04348
5.9001	0.0287264	1.04356
5.9101	0.0286293	1.04365
5.9201	0.0285326	1.04373
5.9301	0.0284365	1.04381
5.9401	0.0283408	1.0439
5.9501	0.0282456	1.04398
5.9601	0.0281509	1.04406
5.9701	0.0280567	1.04414
5.9801	0.027963	1.04422
5.9901	0.0278697	1.04431
6.0001	0.0277769	1.04438
6.0101	0.0276845	1.04446
6.0201	0.0275926	1.04455
6.0301	0.0275012	1.04463
6.0401	0.0274102	1.0447
6.0501	0.0273196	1.04477
6.0601	0.0272295	1.04485
6.0701	0.0271399	1.04493
6.0801	0.0270507	1.04501
6.0901	0.0269619	1.04509
6.1001	0.0268736	1.04516
6.1101	0.0267857	1.04524
6.1201	0.0266983	1.04531
6.1301	0.0266112	1.04539
6.1401	0.0265246	1.04546
6.1501	0.0264384	1.04554
6.1601	0.0263527	1.04561
6.1701	0.0262673	1.0457
6.1801	0.0261824	1.04576
6.1901	0.0260978	1.04584
6.2001	0.0260137	1.04591
6.2101	0.02593	1.04598
6.2201	0.0258467	1.04605
6.2301	0.0257638	1.04612
6.2401	0.0256813	1.04618
6.2501	0.0255992	1.04626
6.2601	0.0255175	1.04633
6.2701	0.0254361	1.0464
6.2801	0.0253552	1.04647
6.2901	0.0252746	1.04655
6.3001	0.0251945	1.04662
6.3101	0.0251147	1.04669
6.3201	0.0250353	1.04676
6.3301	0.0249562	1.04683
6.3401	0.0248776	1.0469
6.3501	0.0247993	1.04696
6.3601	0.0247213	1.04703
6.3701	0.0246438	1.0471
6.3801	0.0245666	1.04717
6.3901	0.0244898	1.04724
6.4001	0.0244133	1.04731
6.4101	0.0243372	1.04738
6.4201	0.0242614	1.04745
6.4301	0.024186	1.04751
6.4401	0.024111	1.04758
6.4501	0.0240363	1.04764
6.4601	0.0239619	1.0477
6.4701	0.0238879	1.04776
6.4801	0.0238142	1.04783
6.4901	0.0237409	1.04789
6.5001	0.0236679	1.04795
6.5101	0.0235953	1.04802
6.5201	0.0235229	1.04808
6.5301	0.0234509	1.04814
6.5401	0.0233793	1.04821
6.5501	0.023308	1.04827
6.5601	0.0232369	1.04833
6.5701	0.0231663	1.04839
6.5801	0.0230959	1.04845
6.5901	0.0230259	1.04851
6.6001	0.0229561	1.04858
6.6101	0.0228867	1.04864
6.6201	0.0228176	1.0487
6.6301	0.0227489	1.04875
6.6401	0.0226804	1.04881
6.6501	0.0226122	1.04887
6.6601	0.0225444	1.04893
6.6701	0.0224768	1.04899
6.6801	0.0224096	1.04905
6.6901	0.0223427	1.04911
6.7001	0.022276	1.04916
6.7101	0.0222097	1.04922
6.7201	0.0221436	1.04928
6.7301	0.0220779	1.04934
6.7401	0.0220124	1.04939
6.7501	0.0219472	1.04945
6.7601	0.0218823	1.0495
6.7701	0.0218177	1.04956
6.7801	0.0217534	1.04961
6.7901	0.0216894	1.04967
6.8001	0.0216257	1.04972
6.8101	0.0215622	1.04978
6.8201	0.021499	1.04983
6.8301	0.0214361	1.0499
6.8401	0.0213735	1.04995
6.8501	0.0213111	1.05001
6.8601	0.021249	1.05007
6.8701	0.0211872	1.05012
6.8801	0.0211257	1.05018
6.8901	0.0210644	1.05023
6.9001	0.0210034	1.05028
6.9101	0.0209426	1.05034
6.9201	0.0208822	1.05039
6.9301	0.0208219	1.05044
6.9401	0.020762	1.05049
6.9501	0.0207023	1.05055
6.9601	0.0206428	1.0506
6.9701	0.0205836	1.05065
6.9801	0.0205247	1.0507
6.9901	0.020466	1.05075
7.0001	0.0204076	1.0508
7.0101	0.0203494	1.05085
7.0201	0.0202915	1.05091
7.0301	0.0202338	1.05096
7.0401	0.0201763	1.05101
7.0501	0.0201191	1.05105
7.0601	0.0200622	1.0511
7.0701	0.0200055	1.05115
7.0801	0.019949	1.0512
7.0901	0.0198928	1.05125
7.1001	0.0198368	1.0513
7.1101	0.019781	1.05134
7.1201	0.0197255	1.05139
7.1301	0.0196702	1.05144
7.1401	0.0196151	1.05149
7.1501	0.0195603	1.05153
7.1601	0.0195057	1.05158
7.1701	0.0194513	1.05163
7.1801	0.0193972	1.05168
7.1901	0.0193433	1.05172
7.2001	0.0192896	1.05177
7.2101	0.0192361	1.05182
7.2201	0.0191829	1.05186
7.2301	0.0191298	1.05191
7.2401	0.019077	1.05195
7.2501	0.0190244	1.052
7.2601	0.0189721	1.05204
7.2701	0.0189199	1.05209
7.2801	0.018868	1.05213
7.2901	0.0188162	1.05217
7.3001	0.0187647	1.05222
7.3101	0.0187134	1.05227
7.3201	0.0186623	1.05231
7.3301	0.0186114	1.05235
7.3401	0.0185608	1.0524
7.3501	0.0185103	1.05244
7.3601	0.01846	1.05249
7.3701	0.01841	1.05253
7.3801	0.0183601	1.05257
7.3901	0.0183105	1.05261
7.4001	0.018261	1.05266
7.4101	0.0182118	1.0527
7.4201	0.0181627	1.05275
7.4301	0.0181138	1.05279
7.4401	0.0180652	1.05283
7.4501	0.0180167	1.05288
7.4601	0.0179685	1.05292
7.4701	0.0179204	1.05296
7.4801	0.0178725	1.05301
7.4901	0.0178248	1.05304
7.5001	0.0177773	1.05309
7.5101	0.01773	1.05312
7.5201	0.0176829	1.05317
7.5301	0.0176359	1.05321
7.5401	0.0175892	1.05325
7.5501	0.0175426	1.05328
7.5601	0.0174962	1.05333
7.5701	0.0174501	1.05337
7.5801	0.017404	1.05341
7.5901	0.0173582	1.05345
7.6001	0.0173126	1.05349
7.6101	0.0172671	1.05353
7.6201	0.0172218	1.05357
7.6301	0.0171767	1.0536
7.6401	0.0171318	1.05365
7.6501	0.017087	1.05368
7.6601	0.0170424	1.05372
7.6701	0.016998	1.05376
7.6801	0.0169538	1.0538
7.6901	0.0169097	1.05383
7.7001	0.0168658	1.05387
7.7101	0.0168221	1.05391
7.7201	0.0167785	1.05395
7.7301	0.0167352	1.05399
7.7401	0.0166919	1.05403
7.7501	0.0166489	1.05407
7.7601	0.016606	1.0541
7.7701	0.0165633	1.05414
7.7801	0.0165207	1.05417
7.7901	0.0164784	1.05421
7.8001	0.0164361	1.05424
7.8101	0.0163941	1.05428
7.8201	0.0163522	1.05432
7.8301	0.0163104	1.05436
7.8401	0.0162688	1.05439
7.8501	0.0162274	1.05443
7.8601	0.0161862	1.05446
7.8701	0.0161451	1.0545
7.8801	0.0161041	1.05454
7.8901	0.0160633	1.05457
7.9001	0.0160227	1.05461
7.9101	0.0159822	1.05464
7.9201	0.0159418	1.05468
7.9301	0.0159017	1.05471
7.9401	0.0158616	1.05475
7.9501	0.0158218	1.05479
7.9601	0.015782	1.05482
7.9701	0.0157425	1.05485
7.9801	0.015703	1.05489
7.9901	0.0156637	1.05492
8.0001	0.0156246	1.05495
8.0101	0.0155856	1.05499
8.0201	0.0155468	1.05503
8.0301	0.0155081	1.05506
8.0401	0.0154695	1.05509
8.0501	0.0154311	1.05512
8.0601	0.0153929	1.05516
8.0701	0.0153547	1.05519
8.0801	0.0153167	1.05522
8.0901	0.0152789	1.05525
8.1001	0.0152412	1.05529
8.1101	0.0152036	1.05532
8.1201	0.0151662	1.05535
8.1301	0.0151289	1.05538
8.1401	0.0150918	1.05541
8.1501	0.0150548	1.05545
8.1601	0.0150179	1.05548
8.1701	0.0149812	1.05551
8.1801	0.0149445	1.05555
8.1901	0.0149081	1.05558
8.2001	0.0148717	1.05561
8.2101	0.0148355	1.05564
8.2201	0.0147995	1.05567
8.2301	0.0147635	1.0557
8.2401	0.0147277	1.05573
8.2501	0.014692	1.05576
8.2601	0.0146565	1.0558
8.2701	0.014621	1.05583
8.2801	0.0145858	1.05585
8.2901	0.0145506	1.05588
8.3001	0.0145155	1.05592
8.3101	0.0144806	1.05595
8.3201	0.0144458	1.05598
8.3301	0.0144112	1.05601
8.3401	0.0143766	1.05604
8.3501	0.0143422	1.05607
8.3601	0.0143079	1.0561
8.3701	0.0142738	1.05613
8.3801	0.0142397	1.05616
8.3901	0.0142058	1.05619
8.4001	0.014172	1.05622
8.4101	0.0141383	1.05625
8.4201	0.0141048	1.05628
8.4301	0.0140713	1.05631
8.4401	0.014038	1.05633
8.4501	0.0140048	1.05636
8.4601	0.0139717	1.05639
8.4701	0.0139387	1.05642
8.4801	0.0139059	1.05645
8.4901	0.0138731	1.05648
8.5001	0.0138405	1.0565
8.5101	0.013808	1.05653
8.5201	0.0137756	1.05656
8.5301	0.0137433	1.05659
8.5401	0.0137112	1.05661
8.5501	0.0136791	1.05664
8.5601	0.0136472	1.05667
8.5701	0.0136153	1.0567
8.5801	0.0135836	1.05673
8.5901	0.013552	1.05676
8.6001	0.0135205	1.05678
8.6101	0.0134891	1.05681
8.6201	0.0134578	1.05684
8.6301	0.0134267	1.05687
8.6401	0.0133956	1.05689
8.6501	0.0133647	1.05692
8.6601	0.0133338	1.05695
8.6701	0.0133031	1.05697
8.6801	0.0132724	1.057
8.6901	0.0132419	1.05703
8.7001	0.0132115	1.05705
8.7101	0.0131812	1.05708
8.7201	0.0131509	1.05711
8.7301	0.0131208	1.05713
8.7401	0.0130908	1.05716
8.7501	0.0130609	1.05718
8.7601	0.0130311	1.05721
8.7701	0.0130014	1.05724
8.7801	0.0129718	1.05726
8.7901	0.0129423	1.05729
8.8001	0.0129129	1.05732
8.8101	0.0128836	1.05734
8.8201	0.0128544	1.05737
8.8301	0.0128253	1.0574
8.8401	0.0127963	1.05742
8.8501	0.0127674	1.05745
8.8601	0.0127386	1.05747
8.8701	0.0127099	1.0575
8.8801	0.0126813	1.05752
8.8901	0.0126528	1.05755
8.9001	0.0126244	1.05758
8.9101	0.0125961	1.0576
8.9201	0.0125678	1.05763
8.9301	0.0125397	1.05765
8.9401	0.0125117	1.05768
8.9501	0.0124837	1.0577
8.9601	0.0124559	1.05772
8.9701	0.0124281	1.05775
8.9801	0.0124005	1.05777
8.9901	0.0123729	1.0578
9.0001	0.0123454	1.05782
9.0101	0.012318	1.05784
9.0201	0.0122907	1.05787
9.0301	0.0122635	1.05789
9.0401	0.0122364	1.05792
9.0501	0.0122094	1.05794
9.0601	0.0121824	1.05796
9.0701	0.0121556	1.05799
9.0801	0.0121288	1.05801
9.0901	0.0121022	1.05803
9.1001	0.0120756	1.05805
9.1101	0.0120491	1.05808
9.1201	0.0120227	1.0581
9.1301	0.0119963	1.05812
9.1401	0.0119701	1.05815
9.1501	0.011944	1.05817
9.1601	0.0119179	1.0582
9.1701	0.0118919	1.05822
9.1801	0.011866	1.05824
9.1901	0.0118402	1.05827
9.2001	0.0118145	1.05829
9.2101	0.0117888	1.05831
9.2201	0.0117633	1.05833
9.2301	0.0117378	1.05835
9.2401	0.0117124	1.05837
9.2501	0.0116871	1.0584
9.2601	0.0116619	1.05842
9.2701	0.0116367	1.05844
9.2801	0.0116117	1.05846
9.2901	0.0115867	1.05849
9.3001	0.0115618	1.05851
9.3101	0.011537	1.05853
9.3201	0.0115122	1.05855
9.3301	0.0114875	1.05857
9.3401	0.011463	1.05859
9.3501	0.0114385	1.05861
9.3601	0.011414	1.05863
9.3701	0.0113897	1.05865
9.3801	0.0113654	1.05867
9.3901	0.0113412	1.0587
9.4001	0.0113171	1.05872
9.4101	0.0112931	1.05874
9.4201	0.0112691	1.05876
9.4301	0.0112452	1.05878
9.4401	0.0112214	1.0588
9.4501	0.0111977	1.05882
9.4601	0.011174	1.05884
9.4701	0.0111504	1.05886
9.4801	0.0111269	1.05888
9.4901	0.0111035	1.05891
9.5001	0.0110801	1.05893
9.5101	0.0110568	1.05895
9.5201	0.0110336	1.05897
9.5301	0.0110105	1.05899
9.5401	0.0109874	1.05901
9.5501	0.0109644	1.05903
9.5601	0.0109415	1.05904
9.5701	0.0109186	1.05906
9.5801	0.0108958	1.05909
9.5901	0.0108731	1.05911
9.6001	0.0108505	1.05912
9.6101	0.0108279	1.05915
9.6201	0.0108054	1.05917
9.6301	0.010783	1.05919
9.6401	0.0107606	1.0592
9.6501	0.0107383	1.05922
9.6601	0.0107161	1.05924
9.6701	0.0106939	1.05926
9.6801	0.0106719	1.05928
9.6901	0.0106498	1.0593
9.7001	0.0106279	1.05932
9.7101	0.010606	1.05934
9.7201	0.0105842	1.05935
9.7301	0.0105625	1.05937
9.7401	0.0105408	1.05939
9.7501	0.0105192	1.05941
9.7601	0.0104976	1.05943
9.7701	0.0104762	1.05945
9.7801	0.0104547	1.05947
9.7901	0.0104334	1.05949
9.8001	0.0104121	1.05951
9.8101	0.0103909	1.05953
9.8201	0.0103697	1.05954
9.8301	0.0103487	1.05956
9.8401	0.0103276	1.05958
9.8501	0.0103067	1.0596
9.8601	0.0102858	1.05962
9.8701	0.010265	1.05963
9.8801	0.0102442	1.05965
9.8901	0.0102235	1.05967
9.9001	0.0102028	1.05969
9.9101	0.0101823	1.0597
9.9201	0.0101617	1.05972
9.9301	0.0101413	1.05974
9.9401	0.0101209	1.05976
9.9501	0.0101006	1.05977
9.9601	0.0100803	1.05979
9.9701	0.0100601	1.05981
9.9801	0.0100399	1.05983
9.9901	0.0100198	1.05985
10.0001	0.0099998	1.05986
10.0101	0.00997983	1.05988
10.0201	0.00995992	1.0599
10.0301	0.00994007	1.05991
10.0401	0.00992028	1.05993
10.0501	0.00990055	1.05995
10.0601	0.00988087	1.05997
10.0701	0.00986126	1.05998
10.0801	0.0098417	1.06
10.0901	0.00982221	1.06002
10.1001	0.00980277	1.06003
10.1101	0.00978338	1.06005
10.1201	0.00976406	1.06007
10.1301	0.00974479	1.06008
10.1401	0.00972558	1.0601
10.1501	0.00970643	1.06011
10.1601	0.00968733	1.06013
10.1701	0.00966829	1.06015
10.1801	0.0096493	1.06016
10.1901	0.00963037	1.06018
10.2001	0.0096115	1.0602
10.2101	0.00959268	1.06021
10.2201	0.00957392	1.06023
10.2301	0.00955521	1.06025
10.2401	0.00953656	1.06026
10.2501	0.00951796	1.06028
10.2601	0.00949941	1.0603
10.2701	0.00948092	1.06031
10.2801	0.00946249	1.06033
10.2901	0.00944411	1.06035
10.3001	0.00942578	1.06036
10.3101	0.0094075	1.06038
10.3201	0.00938928	1.06039
10.3301	0.00937111	1.06041
10.3401	0.00935299	1.06042
10.3501	0.00933493	1.06044
10.3601	0.00931691	1.06046
10.3701	0.00929895	1.06047
10.3801	0.00928105	1.06049
10.3901	0.00926319	1.0605
10.4001	0.00924538	1.06052
10.4101	0.00922763	1.06053
10.4201	0.00920993	1.06055
10.4301	0.00919228	1.06056
10.4401	0.00917467	1.06058
10.4501	0.00915712	1.06059
10.4601	0.00913962	1.06061
10.4701	0.00912217	1.06063
10.4801	0.00910477	1.06064
10.4901	0.00908742	1.06066
10.5001	0.00907012	1.06067
10.5101	0.00905287	1.06069
10.5201	0.00903567	1.0607
10.5301	0.00901851	1.06072
10.5401	0.00900141	1.06073
10.5501	0.00898435	1.06075
10.5601	0.00896735	1.06076
10.5701	0.00895039	1.06078
10.5801	0.00893348	1.06079
10.5901	0.00891661	1.0608
10.6001	0.0088998	1.06082
10.6101	0.00888303	1.06083
10.6201	0.00886631	1.06085
10.6301	0.00884963	1.06086
10.6401	0.00883301	1.06088
10.6501	0.00881643	1.06089
10.6601	0.00879989	1.06091
10.6701	0.00878341	1.06092
10.6801	0.00876697	1.06094
10.6901	0.00875057	1.06095
10.7001	0.00873422	1.06097
10.7101	0.00871792	1.06098
10.7201	0.00870166	1.061
10.7301	0.00868545	1.06101
10.7401	0.00866929	1.06103
10.7501	0.00865317	1.06104
10.7601	0.00863709	1.06106
10.7701	0.00862106	1.06107
10.7801	0.00860507	1.06108
10.7901	0.00858913	1.0611
10.8001	0.00857323	1.06111
10.8101	0.00855738	1.06113
10.8201	0.00854157	1.06114
10.8301	0.0085258	1.06115
10.8401	0.00851008	1.06117
10.8501	0.0084944	1.06118
10.8601	0.00847876	1.0612
10.8701	0.00846317	1.06121
10.8801	0.00844762	1.06122
10.8901	0.00843211	1.06124
10.9001	0.00841665	1.06125
10.9101	0.00840122	1.06127
10.9201	0.00838584	1.06128
10.9301	0.00837051	1.06129
10.9401	0.00835521	1.06131
10.9501	0.00833996	1.06132
10.9601	0.00832475	1.06133
10.9701	0.00830958	1.06135
10.9801	0.00829445	1.06136
10.9901	0.00827936	1.06137
11.0001	0.00826431	1.06139
11.0101	0.00824931	1.0614
11.0201	0.00823434	1.06141
11.0301	0.00821942	1.06143
11.0401	0.00820454	1.06144
11.0501	0.00818969	1.06145
11.0601	0.00817489	1.06147
11.0701	0.00816013	1.06148
11.0801	0.0081454	1.06149
11.0901	0.00813072	1.06151
11.1001	0.00811608	1.06152
11.1101	0.00810147	1.06153
11.1201	0.00808691	1.06154
11.1301	0.00807239	1.06156
11.1401	0.0080579	1.06157
11.1501	0.00804345	1.06158
11.1601	0.00802904	1.0616
11.1701	0.00801467	1.06161
11.1801	0.00800034	1.06162
11.1901	0.00798605	1.06163
11.2001	0.0079718	1.06165
11.2101	0.00795758	1.06166
11.2201	0.0079434	1.06167
11.2301	0.00792926	1.06168
11.2401	0.00791516	1.0617
11.2501	0.00790109	1.06171
11.2601	0.00788707	1.06172
11.2701	0.00787308	1.06173
11.2801	0.00785912	1.06175
11.2901	0.00784521	1.06176
11.3001	0.00783133	1.06177
11.3101	0.00781749	1.06178
11.3201	0.00780368	1.0618
11.3301	0.00778991	1.06181
11.3401	0.00777618	1.06182
11.3501	0.00776248	1.06183
11.3601	0.00774882	1.06184
11.3701	0.0077352	1.06185
11.3801	0.00772161	1.06187
11.3901	0.00770806	1.06188
11.4001	0.00769454	1.06189
11.4101	0.00768106	1.0619
11.4201	0.00766761	1.06192
11.4301	0.0076542	1.06193
11.4401	0.00764083	1.06194
11.4501	0.00762749	1.06195
11.4601	0.00761418	1.06196
11.4701	0.00760091	1.06198
11.4801	0.00758767	1.06199
11.4901	0.00757447	1.062
11.5001	0.00756131	1.06201
11.5101	0.00754817	1.06202
11.5201	0.00753507	1.06203
11.5301	0.00752201	1.06205
11.5401	0.00750898	1.06206
11.5501	0.00749598	1.06207
11.5601	0.00748302	1.06208
11.5701	0.00747009	1.06209
11.5801	0.00745719	1.0621
11.5901	0.00744433	1.06211
11.6001	0.0074315	1.06213
11.6101	0.0074187	1.06214
11.6201	0.00740594	1.06215
11.6301	0.00739321	1.06216
11.6401	0.00738051	1.06217
11.6501	0.00736785	1.06218
11.6601	0.00735522	1.06219
11.6701	0.00734262	1.0622
11.6801	0.00733005	1.06221
11.6901	0.00731751	1.06223
11.7001	0.00730501	1.06224
11.7101	0.00729254	1.06225
11.7201	0.0072801	1.06226
11.7301	0.00726769	1.06227
11.7401	0.00725532	1.06228
11.7501	0.00724297	1.06229
11.7601	0.00723066	1.0623
11.7701	0.00721838	1.06231
11.7801	0.00720613	1.06232
11.7901	0.00719391	1.06234
11.8001	0.00718172	1.06235
11.8101	0.00716957	1.06236
11.8201	0.00715744	1.06237
11.8301	0.00714534	1.06238
11.8401	0.00713328	1.06239
11.8501	0.00712125	1.0624
11.8601	0.00710924	1.06241
11.8701	0.00709727	1.06242
11.8801	0.00708533	1.06243
11.8901	0.00707341	1.06244
11.9001	0.00706153	1.06245
11.9101	0.00704968	1.06247
11.9201	0.00703785	1.06248
11.9301	0.00702606	1.06249
11.9401	0.0070143	1.0625
11.9501	0.00700256	1.06251
11.9601	0.00699086	1.06252
11.9701	0.00697918	1.06253
11.9801	0.00696753	1.06254
11.9901	0.00695592	1.06255
12.0001	0.00694433	1.06256
12.0101	0.00693277	1.06257
12.0201	0.00692124	1.06258
12.0301	0.00690974	1.06259
12.0401	0.00689826	1.0626
12.0501	0.00688682	1.06261
12.0601	0.0068754	1.06262
12.0701	0.00686402	1.06263
12.0801	0.00685266	1.06264
12.0901	0.00684132	1.06265
12.1001	0.00683002	1.06266
12.1101	0.00681875	1.06267
12.1201	0.0068075	1.06268
12.1301	0.00679628	1.06269
12.1401	0.00678509	1.0627
12.1501	0.00677392	1.06271
12.1601	0.00676279	1.06273
12.1701	0.00675168	1.06274
12.1801	0.0067406	1.06275
12.1901	0.00672954	1.06276
12.2001	0.00671851	1.06277
12.2101	0.00670751	1.06278
12.2201	0.00669654	1.06279
12.2301	0.00668559	1.0628
12.2401	0.00667467	1.0628
12.2501	0.00666378	1.06281
12.2601	0.00665292	1.06282
12.2701	0.00664208	1.06283
12.2801	0.00663126	1.06284
12.2901	0.00662048	1.06285
12.3001	0.00660971	1.06286
12.3101	0.00659898	1.06287
12.3201	0.00658827	1.06288
12.3301	0.00657759	1.06289
12.3401	0.00656693	1.0629
12.3501	0.0065563	1.06291
12.3601	0.0065457	1.06292
12.3701	0.00653512	1.06293
12.3801	0.00652457	1.06294
12.3901	0.00651404	1.06295
12.4001	0.00650354	1.06296
12.4101	0.00649306	1.06297
12.4201	0.00648261	1.06297
12.4301	0.00647218	1.06298
12.4401	0.00646178	1.06299
12.4501	0.00645141	1.063
12.4601	0.00644105	1.06301
12.4701	0.00643073	1.06302
12.4801	0.00642043	1.06303
12.4901	0.00641015	1.06304
12.5001	0.0063999	1.06305
12.5101	0.00638967	1.06306
12.5201	0.00637947	1.06307
12.5301	0.00636929	1.06308
12.5401	0.00635913	1.06309
12.5501	0.006349	1.0631
12.5601	0.0063389	1.0631
12.5701	0.00632882	1.06311
12.5801	0.00631876	1.06312
12.5901	0.00630873	1.06313
12.6001	0.00629872	1.06314
12.6101	0.00628873	1.06315
12.6201	0.00627877	1.06316
12.6301	0.00626883	1.06317
12.6401	0.00625891	1.06318
12.6501	0.00624902	1.06319
12.6601	0.00623915	1.06319
12.6701	0.00622931	1.0632
12.6801	0.00621949	1.06321
12.6901	0.00620969	1.06322
12.7001	0.00619991	1.06323
12.7101	0.00619016	1.06324
12.7201	0.00618043	1.06325
12.7301	0.00617073	1.06325
12.7401	0.00616104	1.06326
12.7501	0.00615138	1.06327
12.7601	0.00614175	1.06328
12.7701	0.00613213	1.06329
12.7801	0.00612254	1.0633
12.7901	0.00611297	1.06331
12.8001	0.00610342	1.06331
12.8101	0.00609389	1.06332
12.8201	0.00608439	1.06333
12.8301	0.00607491	1.06334
12.8401	0.00606545	1.06335
12.8501	0.00605602	1.06336
12.8601	0.0060466	1.06337
12.8701	0.00603721	1.06337
12.8801	0.00602784	1.06338
12.8901	0.00601849	1.06339
12.9001	0.00600916	1.0634
12.9101	0.00599986	1.06341
12.9201	0.00599057	1.06341
12.9301	0.00598131	1.06342
12.9401	0.00597207	1.06343
12.9501	0.00596285	1.06344
12.9601	0.00595365	1.06345
12.9701	0.00594447	1.06346
12.9801	0.00593532	1.06346
12.9901	0.00592618	1.06347
13.0001	0.00591707	1.06348
13.0101	0.00590798	1.06349
13.0201	0.0058989	1.0635
13.0301	0.00588985	1.0635
13.0401	0.00588082	1.06351
13.0501	0.00587181	1.06352
13.0601	0.00586283	1.06353
13.0701	0.00585386	1.06354
13.0801	0.00584491	1.06354
13.0901	0.00583598	1.06355
13.1001	0.00582708	1.06356
13.1101	0.00581819	1.06357
13.1201	0.00580933	1.06357
13.1301	0.00580048	1.06358
13.1401	0.00579165	1.06359
13.1501	0.00578285	1.0636
13.1601	0.00577406	1.06361
13.1701	0.0057653	1.06361
13.1801	0.00575655	1.06362
13.1901	0.00574783	1.06363
13.2001	0.00573912	1.06364
13.2101	0.00573044	1.06364
13.2201	0.00572177	1.06365
13.2301	0.00571313	1.06366
13.2401	0.0057045	1.06367
13.2501	0.00569589	1.06368
13.2601	0.0056873	1.06368
13.2701	0.00567874	1.06369
13.2801	0.00567019	1.0637
13.2901	0.00566166	1.06371
13.3001	0.00565315	1.06371
13.3101	0.00564465	1.06372
13.3201	0.00563618	1.06373
13.3301	0.00562773	1.06374
13.3401	0.00561929	1.06374
13.3501	0.00561088	1.06375
13.3601	0.00560248	1.06376
13.3701	0.00559411	1.06377
13.3801	0.00558575	1.06378
13.3901	0.00557741	1.06378
13.4001	0.00556909	1.06379
13.4101	0.00556078	1.0638
13.4201	0.0055525	1.0638
13.4301	0.00554423	1.06381
13.4401	0.00553599	1.06382
13.4501	0.00552776	1.06383
13.4601	0.00551955	1.06383
13.4701	0.00551135	1.06384
13.4801	0.00550318	1.06385
13.4901	0.00549502	1.06386
13.5001	0.00548689	1.06386
13.5101	0.00547877	1.06387
13.5201	0.00547067	1.06388
13.5301	0.00546258	1.06388
13.5401	0.00545452	1.06389
13.5501	0.00544647	1.0639
13.5601	0.00543844	1.06391
13.5701	0.00543043	1.06391
13.5801	0.00542243	1.06392
13.5901	0.00541445	1.06393
13.6001	0.00540649	1.06393
13.6101	0.00539855	1.06394
13.6201	0.00539063	1.06395
13.6301	0.00538272	1.06396
13.6401	0.00537483	1.06396
13.6501	0.00536696	1.06397
13.6601	0.0053591	1.06398
13.6701	0.00535127	1.06398
13.6801	0.00534345	1.06399
13.6901	0.00533564	1.064
13.7001	0.00532786	1.06401
13.7101	0.00532009	1.06401
13.7201	0.00531233	1.06402
13.7301	0.0053046	1.06403
13.7401	0.00529688	1.06403
13.7501	0.00528918	1.06404
13.7601	0.00528149	1.06405
13.7701	0.00527383	1.06405
13.7801	0.00526617	1.06406
13.7901	0.00525854	1.06407
13.8001	0.00525092	1.06407
13.8101	0.00524332	1.06408
13.8201	0.00523573	1.06409
13.8301	0.00522817	1.06409
13.8401	0.00522061	1.0641
13.8501	0.00521308	1.06411
13.8601	0.00520556	1.06412
13.8701	0.00519805	1.06412
13.8801	0.00519057	1.06413
13.8901	0.0051831	1.06414
13.9001	0.00517564	1.06414
13.9101	0.0051682	1.06415
13.9201	0.00516078	1.06416
13.9301	0.00515337	1.06416
13.9401	0.00514598	1.06417
13.9501	0.00513861	1.06418
13.9601	0.00513125	1.06418
13.9701	0.0051239	1.06419
13.9801	0.00511658	1.0642
13.9901	0.00510926	1.0642
14.0001	0.00510197	1.06421
14.0101	0.00509469	1.06422
14.0201	0.00508742	1.06422
14.0301	0.00508017	1.06423
14.0401	0.00507294	1.06423
14.0501	0.00506572	1.06424
14.0601	0.00505852	1.06425
14.0701	0.00505133	1.06425
14.0801	0.00504416	1.06426
14.0901	0.005037	1.06427
14.1001	0.00502986	1.06427
14.1101	0.00502273	1.06428
14.1201	0.00501562	1.06429
14.1301	0.00500852	1.06429
14.1401	0.00500144	1.0643
14.1501	0.00499437	1.0643
14.1601	0.00498732	1.06431
14.1701	0.00498028	1.06432
14.1801	0.00497326	1.06432
14.1901	0.00496626	1.06433
14.2001	0.00495926	1.06434
14.2101	0.00495229	1.06434
14.2201	0.00494532	1.06435
14.2301	0.00493838	1.06436
14.2401	0.00493144	1.06436
14.2501	0.00492452	1.06437
14.2601	0.00491762	1.06437
14.2701	0.00491073	1.06438
14.2801	0.00490385	1.06439
14.2901	0.00489699	1.06439
14.3001	0.00489015	1.0644
14.3101	0.00488331	1.0644
14.3201	0.0048765	1.06441
14.3301	0.00486969	1.06442
14.3401	0.0048629	1.06442
14.3501	0.00485613	1.06443
14.3601	0.00484937	1.06443
14.3701	0.00484262	1.06444
14.3801	0.00483589	1.06445
14.3901	0.00482917	1.06445
14.4001	0.00482246	1.06446
14.4101	0.00481577	1.06447
14.4201	0.0048091	1.06447
14.4301	0.00480243	1.06448
14.4401	0.00479578	1.06448
14.4501	0.00478915	1.06449
14.4601	0.00478253	1.0645
14.4701	0.00477592	1.0645
14.4801	0.00476932	1.06451
14.4901	0.00476274	1.06451
14.5001	0.00475618	1.06452
14.5101	0.00474962	1.06453
14.5201	0.00474308	1.06453
14.5301	0.00473656	1.06454
14.5401	0.00473004	1.06454
14.5501	0.00472354	1.06455
14.5601	0.00471706	1.06456
14.5701	0.00471059	1.06456
14.5801	0.00470413	1.06457
14.5901	0.00469768	1.06457
14.6001	0.00469125	1.06458
14.6101	0.00468483	1.06458
14.6201	0.00467842	1.06459
14.6301	0.00467203	1.0646
14.6401	0.00466565	1.0646
14.6501	0.00465928	1.06461
14.6601	0.00465293	1.06461
14.6701	0.00464658	1.06462
14.6801	0.00464026	1.06462
14.6901	0.00463394	1.06463
14.7001	0.00462764	1.06464
14.7101	0.00462135	1.06464
14.7201	0.00461507	1.06465
14.7301	0.00460881	1.06465
14.7401	0.00460256	1.06466
14.7501	0.00459632	1.06466
14.7601	0.00459009	1.06467
14.7701	0.00458388	1.06468
14.7801	0.00457768	1.06468
14.7901	0.00457149	1.06469
14.8001	0.00456531	1.06469
14.8101	0.00455915	1.0647
14.8201	0.004553	1.0647
14.8301	0.00454686	1.06471
14.8401	0.00454074	1.06471
14.8501	0.00453462	1.06472
14.8601	0.00452852	1.06472
14.8701	0.00452243	1.06473
14.8801	0.00451636	1.06474
14.8901	0.00451029	1.06474
14.9001	0.00450424	1.06475
14.9101	0.0044982	1.06475
14.9201	0.00449217	1.06476
14.9301	0.00448616	1.06476
14.9401	0.00448015	1.06477
14.9501	0.00447416	1.06477
14.9601	0.00446818	1.06478
14.9701	0.00446222	1.06479
14.9801	0.00445626	1.06479
14.9901	0.00445032	1.0648
15.0001	0.00444439	1.0648
15.0101	0.00443847	1.06481
15.0201	0.00443256	1.06481
15.0301	0.00442666	1.06482
15.0401	0.00442078	1.06482
15.0501	0.0044149	1.06483
15.0601	0.00440904	1.06483
15.0701	0.00440319	1.06484
15.0801	0.00439736	1.06484
15.0901	0.00439153	1.06485
15.1001	0.00438571	1.06486
15.1101	0.00437991	1.06486
15.1201	0.00437412	1.06487
15.1301	0.00436834	1.06487
15.1401	0.00436257	1.06488
15.1501	0.00435681	1.06488
15.1601	0.00435107	1.06489
15.1701	0.00434533	1.06489
15.1801	0.00433961	1.0649
15.1901	0.0043339	1.0649
15.2001	0.0043282	1.06491
15.2101	0.00432251	1.06491
15.2201	0.00431683	1.06492
15.2301	0.00431116	1.06492
15.2401	0.00430551	1.06493
15.2501	0.00429986	1.06493
15.2601	0.00429423	1.06494
15.2701	0.00428861	1.06494
15.2801	0.004283	1.06495
15.2901	0.00427739	1.06495
15.3001	0.00427181	1.06496
15.3101	0.00426623	1.06496
15.3201	0.00426066	1.06497
15.3301	0.0042551	1.06497
15.3401	0.00424956	1.06498
15.3501	0.00424402	1.06498
15.3601	0.0042385	1.06499
15.3701	0.00423298	1.06499
15.3801	0.00422748	1.065
15.3901	0.00422199	1.065
15.4001	0.00421651	1.06501
15.4101	0.00421104	1.06501
15.4201	0.00420558	1.06502
15.4301	0.00420013	1.06502
15.4401	0.00419469	1.06503
15.4501	0.00418926	1.06503
15.4601	0.00418384	1.06504
15.4701	0.00417844	1.06504
15.4801	0.00417304	1.06505
15.4901	0.00416765	1.06505
15.5001	0.00416228	1.06506
15.5101	0.00415691	1.06506
15.5201	0.00415156	1.06507
15.5301	0.00414621	1.06507
15.5401	0.00414088	1.06508
15.5501	0.00413555	1.06508
15.5601	0.00413024	1.06509
15.5701	0.00412494	1.06509
15.5801	0.00411964	1.06509
15.5901	0.00411436	1.0651
15.6001	0.00410909	1.0651
15.6101	0.00410382	1.06511
15.6201	0.00409857	1.06511
15.6301	0.00409333	1.06512
15.6401	0.00408809	1.06512
15.6501	0.00408287	1.06513
15.6601	0.00407766	1.06513
15.6701	0.00407246	1.06514
15.6801	0.00406726	1.06514
15.6901	0.00406208	1.06515
15.7001	0.00405691	1.06515
15.7101	0.00405174	1.06516
15.7201	0.00404659	1.06516
15.7301	0.00404145	1.06517
15.7401	0.00403631	1.06517
15.7501	0.00403119	1.06517
15.7601	0.00402608	1.06518
15.7701	0.00402097	1.06518
15.7801	0.00401588	1.06519
15.7901	0.00401079	1.06519
15.8001	0.00400572	1.0652
15.8101	0.00400065	1.0652
15.8201	0.0039956	1.06521
15.8301	0.00399055	1.06521
15.8401	0.00398551	1.06522
15.8501	0.00398048	1.06522
15.8601	0.00397547	1.06522
15.8701	0.00397046	1.06523
15.8801	0.00396546	1.06523
15.8901	0.00396047	1.06524
15.9001	0.00395549	1.06524
15.9101	0.00395052	1.06525
15.9201	0.00394556	1.06525
15.9301	0.00394061	1.06526
15.9401	0.00393566	1.06526
15.9501	0.00393073	1.06526
15.9601	0.00392581	1.06527
15.9701	0.00392089	1.06527
15.9801	0.00391598	1.06528
15.9901	0.00391109	1.06528
16.0001	0.0039062	1.06529
16.0101	0.00390132	1.06529
16.0201	0.00389645	1.0653
16.0301	0.00389159	1.0653
16.0401	0.00388674	1.0653
16.0501	0.0038819	1.06531
16.0601	0.00387707	1.06531
16.0701	0.00387225	1.06532
16.0801	0.00386743	1.06532
16.0901	0.00386262	1.06533
16.1001	0.00385783	1.06533
16.1101	0.00385304	1.06533
16.1201	0.00384826	1.06534
16.1301	0.00384349	1.06534
16.1401	0.00383873	1.06535
16.1501	0.00383398	1.06535
16.1601	0.00382923	1.06536
16.1701	0.0038245	1.06536
16.1801	0.00381977	1.06536
16.1901	0.00381506	1.06537
16.2001	0.00381035	1.06537
16.2101	0.00380565	1.06538
16.2201	0.00380096	1.06538
16.2301	0.00379627	1.06539
16.2401	0.0037916	1.06539
16.2501	0.00378694	1.06539
16.2601	0.00378228	1.0654
16.2701	0.00377763	1.0654
16.2801	0.00377299	1.06541
16.2901	0.00376836	1.06541
16.3001	0.00376374	1.06541
16.3101	0.00375912	1.06542
16.3201	0.00375452	1.06542
16.3301	0.00374992	1.06543
16.3401	0.00374533	1.06543
16.3501	0.00374075	1.06544
16.3601	0.00373618	1.06544
16.3701	0.00373162	1.06544
16.3801	0.00372706	1.06545
16.3901	0.00372252	1.06545
16.4001	0.00371798	1.06546
16.4101	0.00371345	1.06546
16.4201	0.00370893	1.06546
16.4301	0.00370441	1.06547
16.4401	0.00369991	1.06547
16.4501	0.00369541	1.06548
16.4601	0.00369092	1.06548
16.4701	0.00368644	1.06548
16.4801	0.00368197	1.06549
16.4901	0.00367751	1.06549
16.5001	0.00367305	1.0655
16.5101	0.0036686	1.0655
16.5201	0.00366416	1.0655
16.5301	0.00365973	1.06551
16.5401	0.00365531	1.06551
16.5501	0.00365089	1.06552
16.5601	0.00364648	1.06552
16.5701	0.00364208	1.06552
16.5801	0.00363769	1.06553
16.5901	0.00363331	1.06553
16.6001	0.00362893	1.06554
16.6101	0.00362456	1.06554
16.6201	0.0036202	1.06554
16.6301	0.00361585	1.06555
16.6401	0.0036115	1.06555
16.6501	0.00360717	1.06556
16.6601	0.00360284	1.06556
16.6701	0.00359852	1.06556
16.6801	0.0035942	1.06557
16.6901	0.0035899	1.06557
16.7001	0.0035856	1.06558
16.7101	0.00358131	1.06558
16.7201	0.00357703	1.06558
16.7301	0.00357275	1.06559
16.7401	0.00356849	1.06559
16.7501	0.00356423	1.0656
16.7601	0.00355997	1.0656
16.7701	0.00355573	1.0656
16.7801	0.00355149	1.06561
16.7901	0.00354726	1.06561
16.8001	0.00354304	1.06561
16.8101	0.00353883	1.06562
16.8201	0.00353462	1.06562
16.8301	0.00353042	1.06563
16.8401	0.00352623	1.06563
16.8501	0.00352205	1.06563
16.8601	0.00351787	1.06564
16.8701	0.0035137	1.06564
16.8801	0.00350954	1.06565
16.8901	0.00350538	1.06565
16.9001	0.00350124	1.06565
16.9101	0.0034971	1.06566
16.9201	0.00349296	1.06566
16.9301	0.00348884	1.06566
16.9401	0.00348472	1.06567
16.9501	0.00348061	1.06567
16.9601	0.00347651	1.06567
16.9701	0.00347241	1.06568
16.9801	0.00346832	1.06568
16.9901	0.00346424	1.06569
17.0001	0.00346017	1.06569
17.0101	0.0034561	1.06569
17.0201	0.00345204	1.0657
17.0301	0.00344799	1.0657
17.0401	0.00344394	1.0657
17.0501	0.0034399	1.06571
17.0601	0.00343587	1.06571
17.0701	0.00343185	1.06572
17.0801	0.00342783	1.06572
17.0901	0.00342382	1.06572
17.1001	0.00341982	1.06573
17.1101	0.00341582	1.06573
17.1201	0.00341183	1.06573
17.1301	0.00340785	1.06574
17.1401	0.00340387	1.06574
17.1501	0.0033999	1.06574
17.1601	0.00339594	1.06575
17.1701	0.00339199	1.06575
17.1801	0.00338804	1.06576
17.1901	0.0033841	1.06576
17.2001	0.00338017	1.06576
17.2101	0.00337624	1.06577
17.2201	0.00337232	1.06577
17.2301	0.00336841	1.06577
17.2401	0.0033645	1.06578
17.2501	0.0033606	1.06578
17.2601	0.00335671	1.06578
17.2701	0.00335282	1.06579
17.2801	0.00334894	1.06579
17.2901	0.00334507	1.06579
17.3001	0.0033412	1.0658
17.3101	0.00333734	1.0658
17.3201	0.00333349	1.06581
17.3301	0.00332964	1.06581
17.3401	0.00332581	1.06581
17.3501	0.00332197	1.06582
17.3601	0.00331815	1.06582
17.3701	0.00331433	1.06582
17.3801	0.00331051	1.06583
17.3901	0.00330671	1.06583
17.4001	0.00330291	1.06583
17.4101	0.00329912	1.06584
17.4201	0.00329533	1.06584
17.4301	0.00329155	1.06584
17.4401	0.00328777	1.06585
17.4501	0.00328401	1.06585
17.4601	0.00328025	1.06585
17.4701	0.00327649	1.06586
17.4801	0.00327275	1.06586
17.4901	0.003269	1.06586
17.5001	0.00326527	1.06587
17.5101	0.00326154	1.06587
17.5201	0.00325782	1.06587
17.5301	0.0032541	1.06588
17.5401	0.00325039	1.06588
17.5501	0.00324669	1.06588
17.5601	0.00324299	1.06589
17.5701	0.0032393	1.06589
17.5801	0.00323562	1.06589
17.5901	0.00323194	1.0659
17.6001	0.00322827	1.0659
17.6101	0.0032246	1.0659
17.6201	0.00322094	1.06591
17.6301	0.00321729	1.06591
17.6401	0.00321365	1.06591
17.6501	0.00321	1.06592
17.6601	0.00320637	1.06592
17.6701	0.00320274	1.06593
17.6801	0.00319912	1.06593
17.6901	0.0031955	1.06593
17.7001	0.00319189	1.06594
17.7101	0.00318829	1.06594
17.7201	0.00318469	1.06594
17.7301	0.0031811	1.06594
17.7401	0.00317752	1.06595
17.7501	0.00317394	1.06595
17.7601	0.00317036	1.06595
17.7701	0.0031668	1.06596
17.7801	0.00316324	1.06596
17.7901	0.00315968	1.06596
17.8001	0.00315613	1.06597
17.8101	0.00315259	1.06597
17.8201	0.00314905	1.06597
17.8301	0.00314552	1.06598
17.8401	0.00314199	1.06598
17.8501	0.00313848	1.06598
17.8601	0.00313496	1.06599
17.8701	0.00313145	1.06599
17.8801	0.00312795	1.06599
17.8901	0.00312446	1.066
17.9001	0.00312097	1.066
17.9101	0.00311748	1.066
17.9201	0.003114	1.06601
17.9301	0.00311053	1.06601
17.9401	0.00310706	1.06601
17.9501	0.0031036	1.06602
17.9601	0.00310015	1.06602
17.9701	0.0030967	1.06602
17.9801	0.00309326	1.06602
17.9901	0.00308982	1.06603
18.0001	0.00308639	1.06603
18.0101	0.00308296	1.06603
18.0201	0.00307954	1.06604
18.0301	0.00307612	1.06604
18.0401	0.00307271	1.06604
18.0501	0.00306931	1.06605
18.0601	0.00306591	1.06605
18.0701	0.00306252	1.06605
18.0801	0.00305913	1.06606
18.0901	0.00305575	1.06606
18.1001	0.00305238	1.06606
18.1101	0.00304901	1.06606
18.1201	0.00304564	1.06607
18.1301	0.00304228	1.06607
18.1401	0.00303893	1.06607
18.1501	0.00303558	1.06608
18.1601	0.00303224	1.06608
18.1701	0.0030289	1.06608
18.1801	0.00302557	1.06609
18.1901	0.00302225	1.06609
18.2001	0.00301893	1.06609
18.2101	0.00301561	1.0661
18.2201	0.0030123	1.0661
18.2301	0.003009	1.0661
18.2401	0.0030057	1.0661
18.2501	0.00300241	1.06611
18.2601	0.00299912	1.06611
18.2701	0.00299584	1.06611
18.2801	0.00299256	1.06612
18.2901	0.00298929	1.06612
18.3001	0.00298602	1.06612
18.3101	0.00298276	1.06613
18.3201	0.00297951	1.06613
18.3301	0.00297626	1.06613
18.3401	0.00297301	1.06613
18.3501	0.00296977	1.06614
18.3601	0.00296654	1.06614
18.3701	0.00296331	1.06614
18.3801	0.00296009	1.06615
18.3901	0.00295687	1.06615
18.4001	0.00295365	1.06615
18.4101	0.00295045	1.06616
18.4201	0.00294724	1.06616
18.4301	0.00294405	1.06616
18.4401	0.00294085	1.06616
18.4501	0.00293767	1.06617
18.4601	0.00293449	1.06617
18.4701	0.00293131	1.06617
18.4801	0.00292814	1.06617
18.4901	0.00292497	1.06618
18.5001	0.00292181	1.06618
18.5101	0.00291865	1.06618
18.5201	0.0029155	1.06619
18.5301	0.00291236	1.06619
18.5401	0.00290922	1.06619
18.5501	0.00290608	1.06619
18.5601	0.00290295	1.0662
18.5701	0.00289982	1.0662
18.5801	0.0028967	1.0662
18.5901	0.00289359	1.06621
18.6001	0.00289048	1.06621
18.6101	0.00288737	1.06621
18.6201	0.00288427	1.06622
18.6301	0.00288117	1.06622
18.6401	0.00287808	1.06622
18.6501	0.002875	1.06622
18.6601	0.00287192	1.06623
18.6701	0.00286884	1.06623
18.6801	0.00286577	1.06623
18.6901	0.00286271	1.06623
18.7001	0.00285965	1.06624
18.7101	0.00285659	1.06624
18.7201	0.00285354	1.06624
18.7301	0.00285049	1.06625
18.7401	0.00284745	1.06625
18.7501	0.00284441	1.06625
18.7601	0.00284138	1.06625
18.7701	0.00283836	1.06626
18.7801	0.00283533	1.06626
18.7901	0.00283232	1.06626
18.8001	0.0028293	1.06626
18.8101	0.0028263	1.06627
18.8201	0.00282329	1.06627
18.8301	0.0028203	1.06627
18.8401	0.0028173	1.06628
18.8501	0.00281431	1.06628
18.8601	0.00281133	1.06628
18.8701	0.00280835	1.06628
18.8801	0.00280538	1.06629
18.8901	0.00280241	1.06629
18.9001	0.00279944	1.06629
18.9101	0.00279648	1.06629
18.9201	0.00279353	1.0663
18.9301	0.00279058	1.0663
18.9401	0.00278763	1.0663
18.9501	0.00278469	1.06631
18.9601	0.00278175	1.06631
18.9701	0.00277882	1.06631
18.9801	0.00277589	1.06631
18.9901	0.00277297	1.06632
19.0001	0.00277005	1.06632
19.0101	0.00276714	1.06632
19.0201	0.00276423	1.06632
19.0301	0.00276133	1.06633
19.0401	0.00275843	1.06633
19.0501	0.00275553	1.06633
19.0601	0.00275264	1.06633
19.0701	0.00274976	1.06634
19.0801	0.00274687	1.06634
19.0901	0.002744	1.06634
19.1001	0.00274112	1.06635
19.1101	0.00273826	1.06635
19.1201	0.00273539	1.06635
19.1301	0.00273253	1.06635
19.1401	0.00272968	1.06636
19.1501	0.00272683	1.06636
19.1601	0.00272398	1.06636
19.1701	0.00272114	1.06636
19.1801	0.00271831	1.06637
19.1901	0.00271547	1.06637
19.2001	0.00271265	1.06637
19.2101	0.00270982	1.06637
19.2201	0.002707	1.06638
19.2301	0.00270419	1.06638
19.2401	0.00270138	1.06638
19.2501	0.00269857	1.06638
19.2601	0.00269577	1.06639
19.2701	0.00269297	1.06639
19.2801	0.00269018	1.06639
19.2901	0.00268739	1.06639
19.3001	0.00268461	1.0664
19.3101	0.00268183	1.0664
19.3201	0.00267905	1.0664
19.3301	0.00267628	1.0664
19.3401	0.00267351	1.06641
19.3501	0.00267075	1.06641
19.3601	0.00266799	1.06641
19.3701	0.00266524	1.06641
19.3801	0.00266249	1.06642
19.3901	0.00265974	1.06642
19.4001	0.002657	1.06642
19.4101	0.00265427	1.06642
19.4201	0.00265153	1.06643
19.4301	0.0026488	1.06643
19.4401	0.00264608	1.06643
19.4501	0.00264336	1.06643
19.4601	0.00264064	1.06644
19.4701	0.00263793	1.06644
19.4801	0.00263522	1.06644
19.4901	0.00263252	1.06644
19.5001	0.00262982	1.06645
19.5101	0.00262713	1.06645
19.5201	0.00262444	1.06645
19.5301	0.00262175	1.06645
19.5401	0.00261907	1.06646
19.5501	0.00261639	1.06646
19.5601	0.00261371	1.06646
19.5701	0.00261104	1.06646
19.5801	0.00260838	1.06647
19.5901	0.00260571	1.06647
19.6001	0.00260306	1.06647
19.6101	0.0026004	1.06647
19.6201	0.00259775	1.06648
19.6301	0.00259511	1.06648
19.6401	0.00259246	1.06648
19.6501	0.00258983	1.06648
19.6601	0.00258719	1.06649
19.6701	0.00258456	1.06649
19.6801	0.00258194	1.06649
19.6901	0.00257931	1.06649
19.7001	0.0025767	1.06649
19.7101	0.00257408	1.0665
19.7201	0.00257147	1.0665
19.7301	0.00256887	1.0665
19.7401	0.00256626	1.0665
19.7501	0.00256367	1.06651
19.7601	0.00256107	1.06651
19.7701	0.00255848	1.06651
19.7801	0.0025559	1.06651
19.7901	0.00255331	1.06652
19.8001	0.00255073	1.06652
19.8101	0.00254816	1.06652
19.8201	0.00254559	1.06652
19.8301	0.00254302	1.06653
19.8401	0.00254046	1.06653
19.8501	0.0025379	1.06653
19.8601	0.00253535	1.06653
19.8701	0.00253279	1.06654
19.8801	0.00253025	1.06654
19.8901	0.0025277	1.06654
19.9001	0.00252516	1.06654
19.9101	0.00252263	1.06654
19.9201	0.0025201	1.06655
19.9301	0.00251757	1.06655
19.9401	0.00251504	1.06655
19.9501	0.00251252	1.06655
19.9601	0.00251	1.06656
19.9701	0.00250749	1.06656
19.9801	0.00250498	1.06656
19.9901	0.00250248	1.06656
