0.0001	1e+008	0
0.0101	9802.96	0
0.0201	2475.19	0
0.0301	1103.74	0
0.0401	621.887	0
0.0501	398.405	0
0.0601	276.854	0
0.0701	203.5	0
0.0801	155.86	0
0.0901	123.183	0
0.1001	99.8003	0
0.1101	82.4946	0
0.1201	69.3288	0
0.1301	59.0807	0
0.1401	50.9476	0
0.1501	44.3852	0
0.1601	39.0137	0
0.1701	34.5614	0
0.1801	30.8299	0
0.1901	27.6717	0
0.2001	24.975	0
0.2101	22.6542	0
0.2201	20.6424	0
0.2301	18.8872	0
0.2401	17.3467	0
0.2501	15.9872	0
0.2601	14.7815	0
0.2701	13.7073	0
0.2801	12.746	0
0.2901	11.8824	0
0.3001	11.1037	0
0.3101	10.3991	0
0.3201	9.75952	0
0.3301	9.17717	0
0.3401	8.64543	0
0.3501	8.1586	0
0.3601	7.71176	0
0.3701	7.30066	0
0.3801	6.92156	0
0.3901	6.57125	0
0.4001	6.24688	0
0.4101	5.94594	0
0.4201	5.66624	0
0.4301	5.40581	0
0.4401	5.16294	0
0.4501	4.93608	0
0.4601	4.72384	0
0.4701	4.52501	0
0.4801	4.33847	0
0.4901	4.16323	0
0.5001	3.9984	0.000455434
0.5101	3.84317	0.000817697
0.5201	3.6968	0.00117193
0.5301	3.55864	0.00143317
0.5401	3.42809	0.00199043
0.5501	3.30458	0.00246668
0.5601	3.18764	0.00306321
0.5701	3.07679	0.00379158
0.5801	2.97163	0.00443928
0.5901	2.87176	0.00530852
0.6001	2.77685	0.00610121
0.6101	2.68657	0.00692158
0.6201	2.60062	0.00778741
0.6301	2.51873	0.00892941
0.6401	2.44064	0.0100588
0.6501	2.36614	0.0112217
0.6601	2.29499	0.0125352
0.6701	2.227	0.0138739
0.6801	2.16199	0.0153894
0.6901	2.09979	0.0168249
0.7001	2.04023	0.0184446
0.7101	1.98317	0.0200137
0.7201	1.92848	0.0216023
0.7301	1.87601	0.0235202
0.7401	1.82566	0.0254325
0.7501	1.7773	0.0272006
0.7601	1.73085	0.0291463
0.7701	1.68619	0.031112
0.7801	1.64323	0.0333271
0.7901	1.6019	0.0354713
0.8001	1.56211	0.0377891
0.8101	1.52378	0.0398523
0.8201	1.48685	0.0424962
0.8301	1.45124	0.0448863
0.8401	1.4169	0.047531
0.8501	1.38376	0.0500807
0.8601	1.35177	0.0529697
0.8701	1.32087	0.0555932
0.8801	1.29103	0.0585351
0.8901	1.26218	0.0614431
0.9001	1.23429	0.0643111
0.9101	1.20732	0.0670449
0.9201	1.18122	0.0703234
0.9301	1.15595	0.0732058
0.9401	1.13149	0.0763703
0.9501	1.1078	0.0798633
0.9601	1.08484	0.0831772
0.9701	1.06259	0.0863804
0.9801	1.04102	0.0897355
0.9901	1.0201	0.0930419
1.0001	0.9998	0.0967332
1.0101	0.980102	0.1005
1.0201	0.96098	0.104278
1.0301	0.942413	0.10791
1.0401	0.924378	0.111927
1.0501	0.906857	0.116117
1.0601	0.889829	0.120253
1.0701	0.873275	0.124644
1.0801	0.85718	0.128627
1.0901	0.841526	0.132337
1.1001	0.826296	0.136721
1.1101	0.811476	0.14116
1.1201	0.797052	0.145735
1.1301	0.783008	0.150036
1.1401	0.769333	0.1544
1.1501	0.756012	0.158987
1.1601	0.743035	0.163457
1.1701	0.730389	0.167349
1.1801	0.718063	0.171516
1.1901	0.706046	0.176063
1.2001	0.694329	0.180695
1.2101	0.682901	0.185411
1.2201	0.671752	0.190806
1.2301	0.660875	0.195314
1.2401	0.650259	0.200758
1.2501	0.639898	0.205711
1.2601	0.629782	0.210508
1.2701	0.619904	0.215868
1.2801	0.610256	0.221048
1.2901	0.600832	0.226343
1.3001	0.591625	0.23172
1.3101	0.582628	0.237329
1.3201	0.573834	0.242341
1.3301	0.565238	0.248457
1.3401	0.556834	0.253566
1.3501	0.548616	0.259113
1.3601	0.540578	0.265655
1.3701	0.532716	0.270564
1.3801	0.525024	0.276614
1.3901	0.517497	0.28263
1.4001	0.510131	0.289631
1.4101	0.502921	0.295267
1.4201	0.495864	0.301097
1.4301	0.488953	0.307467
1.4401	0.482186	0.314104
1.4501	0.475559	0.320418
1.4601	0.469067	0.326183
1.4701	0.462707	0.332486
1.4801	0.456476	0.339382
1.4901	0.45037	0.345441
1.5001	0.444385	0.351478
1.5101	0.438519	0.359066
1.5201	0.432769	0.365814
1.5301	0.42713	0.373078
1.5401	0.421602	0.38024
1.5501	0.416179	0.386999
1.5601	0.410861	0.393695
1.5701	0.405644	0.402409
1.5801	0.400526	0.409991
1.5901	0.395504	0.416235
1.6001	0.390576	0.424734
1.6101	0.38574	0.4335
1.6201	0.380992	0.441041
1.6301	0.376332	0.448568
1.6401	0.371757	0.455976
1.6501	0.367265	0.462466
1.6601	0.362854	0.4704
1.6701	0.358521	0.477724
1.6801	0.354266	0.48726
1.6901	0.350086	0.495338
1.7001	0.34598	0.506618
1.7101	0.341946	0.521237
1.7201	0.337981	0.530592
1.7301	0.334085	0.540307
1.7401	0.330257	0.548864
1.7501	0.326493	0.557804
1.7601	0.322794	0.566302
1.7701	0.319157	0.579619
1.7801	0.315581	0.58803
1.7901	0.312065	0.598656
1.8001	0.308608	0.609182
1.8101	0.305207	0.620915
1.8201	0.301863	0.631433
1.8301	0.298573	0.642813
1.8401	0.295337	0.653733
1.8501	0.292152	0.663986
1.8601	0.28902	0.67323
1.8701	0.285937	0.682348
1.8801	0.282903	0.691182
1.8901	0.279918	0.703641
1.9001	0.276979	0.711584
1.9101	0.274087	0.719699
1.9201	0.271239	0.727316
1.9301	0.268436	0.733875
1.9401	0.265676	0.740166
1.9501	0.262958	0.74713
1.9601	0.260282	0.753671
1.9701	0.257646	0.758932
1.9801	0.25505	0.765917
1.9901	0.252493	0.771875
2.0001	0.249975	0.777777
2.0101	0.247494	0.783008
2.0201	0.24505	0.787839
2.0301	0.242642	0.792292
2.0401	0.240269	0.797338
2.0501	0.23793	0.80181
2.0601	0.235626	0.805844
2.0701	0.233355	0.810528
2.0801	0.231117	0.814395
2.0901	0.228911	0.818363
2.1001	0.226736	0.821957
2.1101	0.224592	0.826202
2.1201	0.222478	0.829909
2.1301	0.220394	0.833537
2.1401	0.218339	0.836916
2.1501	0.216313	0.839917
2.1601	0.214315	0.843112
2.1701	0.212344	0.846403
2.1801	0.210401	0.849684
2.1901	0.208484	0.852714
2.2001	0.206593	0.856118
2.2101	0.204727	0.858711
2.2201	0.202887	0.861496
2.2301	0.201072	0.864016
2.2401	0.199281	0.867147
2.2501	0.197513	0.8702
2.2601	0.195769	0.873294
2.2701	0.194048	0.875843
2.2801	0.19235	0.878269
2.2901	0.190674	0.88063
2.3001	0.189019	0.883052
2.3101	0.187387	0.885523
2.3201	0.185775	0.88811
2.3301	0.184184	0.890174
2.3401	0.182613	0.89215
2.3501	0.181062	0.894371
2.3601	0.179531	0.896282
2.3701	0.178019	0.898484
2.3801	0.176526	0.900221
2.3901	0.175052	0.902114
2.4001	0.173597	0.903942
2.4101	0.172159	0.905845
2.4201	0.170739	0.90773
2.4301	0.169337	0.909589
2.4401	0.167952	0.911267
2.4501	0.166584	0.913025
2.4601	0.165232	0.914733
2.4701	0.163897	0.916449
2.4801	0.162578	0.918102
2.4901	0.161275	0.919646
2.5001	0.159987	0.92112
2.5101	0.158715	0.92258
2.5201	0.157458	0.924193
2.5301	0.156216	0.92579
2.5401	0.154988	0.927171
2.5501	0.153775	0.928738
2.5601	0.152576	0.930087
2.5701	0.151391	0.93138
2.5801	0.15022	0.93272
2.5901	0.149062	0.934049
2.6001	0.147918	0.935527
2.6101	0.146786	0.936824
2.6201	0.145668	0.938158
2.6301	0.144562	0.939476
2.6401	0.143469	0.940825
2.6501	0.142389	0.942031
2.6601	0.14132	0.943271
2.6701	0.140264	0.94462
2.6801	0.139219	0.945807
2.6901	0.138186	0.946912
2.7001	0.137164	0.94803
2.7101	0.136154	0.949243
2.7201	0.135154	0.950392
2.7301	0.134166	0.951486
2.7401	0.133189	0.952568
2.7501	0.132222	0.953765
2.7601	0.131265	0.954882
2.7701	0.130319	0.955927
2.7801	0.129384	0.956939
2.7901	0.128458	0.957973
2.8001	0.127542	0.959029
2.8101	0.126636	0.959997
2.8201	0.125739	0.960959
2.8301	0.124852	0.961921
2.8401	0.123975	0.962839
2.8501	0.123106	0.963818
2.8601	0.122247	0.96481
2.8701	0.121396	0.96586
2.8801	0.120555	0.966704
2.8901	0.119722	0.967685
2.9001	0.118898	0.968585
2.9101	0.118082	0.969503
2.9201	0.117275	0.97035
2.9301	0.116476	0.971187
2.9401	0.115685	0.971998
2.9501	0.114902	0.972854
2.9601	0.114127	0.973706
2.9701	0.113359	0.974515
2.9801	0.1126	0.975361
2.9901	0.111848	0.976187
3.0001	0.111104	0.976989
3.0101	0.110367	0.977841
3.0201	0.109637	0.978638
3.0301	0.108915	0.979329
3.0401	0.108199	0.980036
3.0501	0.107491	0.980794
3.0601	0.10679	0.981522
3.0701	0.106095	0.982264
3.0801	0.105407	0.983042
3.0901	0.104726	0.983739
3.1001	0.104052	0.984398
3.1101	0.103384	0.98508
3.1201	0.102722	0.985768
3.1301	0.102067	0.986419
3.1401	0.101418	0.987169
3.1501	0.100775	0.987828
3.1601	0.100138	0.988496
3.1701	0.0995071	0.989153
3.1801	0.0988823	0.989846
3.1901	0.0982633	0.990466
3.2001	0.0976501	0.991019
3.2101	0.0970427	0.991628
3.2201	0.0964409	0.992279
3.2301	0.0958447	0.992875
3.2401	0.095254	0.993562
3.2501	0.0946687	0.994169
3.2601	0.0940888	0.994748
3.2701	0.0935143	0.995293
3.2801	0.092945	0.995872
3.2901	0.0923808	0.996434
3.3001	0.0918218	0.996971
3.3101	0.0912678	0.997491
3.3201	0.0907189	0.998059
3.3301	0.0901749	0.998632
3.3401	0.0896357	0.999147
3.3501	0.0891014	0.999645
3.3601	0.0885718	1.0002
3.3701	0.088047	1.00074
3.3801	0.0875268	1.00124
3.3901	0.0870112	1.00179
3.4001	0.0865001	1.00228
3.4101	0.0859935	1.00278
3.4201	0.0854914	1.00331
3.4301	0.0849936	1.00384
3.4401	0.0845002	1.00431
3.4501	0.0840111	1.00479
3.4601	0.0835262	1.00526
3.4701	0.0830455	1.00578
3.4801	0.0825689	1.00626
3.4901	0.0820964	1.00675
3.5001	0.081628	1.00722
3.5101	0.0811635	1.00767
3.5201	0.0807031	1.00818
3.5301	0.0802465	1.00862
3.5401	0.0797938	1.00904
3.5501	0.0793449	1.00947
3.5601	0.0788997	1.0099
3.5701	0.0784584	1.01031
3.5801	0.0780207	1.01074
3.5901	0.0775866	1.01115
3.6001	0.0771562	1.01157
3.6101	0.0767294	1.01197
3.6201	0.076306	1.01237
3.6301	0.0758862	1.01276
3.6401	0.0754698	1.01314
3.6501	0.0750569	1.01354
3.6601	0.0746473	1.01395
3.6701	0.0742411	1.01433
3.6801	0.0738381	1.01473
3.6901	0.0734385	1.01513
3.7001	0.0730421	1.01551
3.7101	0.0726489	1.01585
3.7201	0.0722588	1.01624
3.7301	0.0718719	1.01662
3.7401	0.0714881	1.01699
3.7501	0.0711073	1.01737
3.7601	0.0707296	1.01774
3.7701	0.0703549	1.0181
3.7801	0.0699831	1.01845
3.7901	0.0696143	1.01878
3.8001	0.0692484	1.01914
3.8101	0.0688854	1.0195
3.8201	0.0685252	1.01985
3.8301	0.0681679	1.02019
3.8401	0.0678133	1.02049
3.8501	0.0674615	1.02079
3.8601	0.0671124	1.02111
3.8701	0.066766	1.02146
3.8801	0.0664223	1.02175
3.8901	0.0660813	1.02207
3.9001	0.0657428	1.02237
3.9101	0.065407	1.02267
3.9201	0.0650737	1.02296
3.9301	0.064743	1.02328
3.9401	0.0644148	1.0236
3.9501	0.064089	1.02391
3.9601	0.0637658	1.02424
3.9701	0.063445	1.02455
3.9801	0.0631265	1.02486
3.9901	0.0628105	1.02515
4.0001	0.0624969	1.02547
4.0101	0.0621856	1.02574
4.0201	0.0618766	1.02604
4.0301	0.0615699	1.02632
4.0401	0.0612655	1.02661
4.0501	0.0609633	1.02688
4.0601	0.0606634	1.02715
4.0701	0.0603656	1.02744
4.0801	0.0600701	1.02769
4.0901	0.0597767	1.02795
4.1001	0.0594855	1.02821
4.1101	0.0591964	1.02846
4.1201	0.0589094	1.02872
4.1301	0.0586245	1.02898
4.1401	0.0583416	1.02925
4.1501	0.0580608	1.02953
4.1601	0.057782	1.02979
4.1701	0.0575052	1.03004
4.1801	0.0572304	1.03028
4.1901	0.0569575	1.03054
4.2001	0.0566866	1.03078
4.2101	0.0564177	1.03106
4.2201	0.0561506	1.0313
4.2301	0.0558854	1.03153
4.2401	0.0556222	1.03177
4.2501	0.0553607	1.03199
4.2601	0.0551011	1.03225
4.2701	0.0548433	1.03249
4.2801	0.0545874	1.03274
4.2901	0.0543332	1.03298
4.3001	0.0540808	1.0332
4.3101	0.0538301	1.03343
4.3201	0.0535812	1.03366
4.3301	0.053334	1.03389
4.3401	0.0530885	1.0341
4.3501	0.0528447	1.03433
4.3601	0.0526026	1.03455
4.3701	0.0523621	1.03477
4.3801	0.0521233	1.03498
4.3901	0.0518861	1.03518
4.4001	0.0516505	1.03539
4.4101	0.0514166	1.03561
4.4201	0.0511842	1.03581
4.4301	0.0509534	1.03602
4.4401	0.0507241	1.03623
4.4501	0.0504964	1.03643
4.4601	0.0502702	1.03662
4.4701	0.0500456	1.03683
4.4801	0.0498224	1.03703
4.4901	0.0496007	1.03722
4.5001	0.0493805	1.03741
4.5101	0.0491618	1.03761
4.5201	0.0489445	1.03781
4.5301	0.0487287	1.03801
4.5401	0.0485142	1.03819
4.5501	0.0483012	1.03838
4.5601	0.0480896	1.03857
4.5701	0.0478794	1.03875
4.5801	0.0476705	1.03895
4.5901	0.0474631	1.03912
4.6001	0.0472569	1.0393
4.6101	0.0470521	1.03949
4.6201	0.0468487	1.03965
4.6301	0.0466465	1.03983
4.6401	0.0464457	1.04001
4.6501	0.0462461	1.04017
4.6601	0.0460479	1.04035
4.6701	0.0458509	1.04052
4.6801	0.0456551	1.04071
4.6901	0.0454607	1.0409
4.7001	0.0452674	1.04107
4.7101	0.0450754	1.04124
4.7201	0.0448846	1.04142
4.7301	0.044695	1.04159
4.7401	0.0445067	1.04176
4.7501	0.0443195	1.04193
4.7601	0.0441334	1.04209
4.7701	0.0439486	1.04227
4.7801	0.0437649	1.04244
4.7901	0.0435824	1.04262
4.8001	0.043401	1.04279
4.8101	0.0432207	1.04296
4.8201	0.0430416	1.04313
4.8301	0.0428635	1.04328
4.8401	0.0426866	1.04344
4.8501	0.0425107	1.0436
4.8601	0.042336	1.04376
4.8701	0.0421623	1.04391
4.8801	0.0419897	1.04407
4.8901	0.0418181	1.04422
4.9001	0.0416476	1.04437
4.9101	0.0414781	1.04453
4.9201	0.0413097	1.04468
4.9301	0.0411423	1.04483
4.9401	0.0409759	1.04496
4.9501	0.0408105	1.04511
4.9601	0.0406461	1.04525
4.9701	0.0404827	1.04539
4.9801	0.0403203	1.04553
4.9901	0.0401589	1.04568
5.0001	0.0399984	1.04583
5.0101	0.0398389	1.04597
5.0201	0.0396803	1.04611
5.0301	0.0395227	1.04626
5.0401	0.039366	1.0464
5.0501	0.0392103	1.04652
5.0601	0.0390555	1.04667
5.0701	0.0389016	1.0468
5.0801	0.0387486	1.04694
5.0901	0.0385965	1.04707
5.1001	0.0384452	1.04721
5.1101	0.0382949	1.04735
5.1201	0.0381455	1.04749
5.1301	0.0379969	1.04762
5.1401	0.0378492	1.04775
5.1501	0.0377024	1.04789
5.1601	0.0375564	1.04803
5.1701	0.0374112	1.04816
5.1801	0.0372669	1.0483
5.1901	0.0371235	1.04842
5.2001	0.0369808	1.04856
5.2101	0.036839	1.04869
5.2201	0.036698	1.04881
5.2301	0.0365578	1.04894
5.2401	0.0364184	1.04906
5.2501	0.0362798	1.04918
5.2601	0.036142	1.0493
5.2701	0.036005	1.04942
5.2801	0.0358687	1.04955
5.2901	0.0357332	1.04967
5.3001	0.0355985	1.04979
5.3101	0.0354646	1.0499
5.3201	0.0353314	1.05002
5.3301	0.0351989	1.05014
5.3401	0.0350672	1.05026
5.3501	0.0349362	1.05037
5.3601	0.034806	1.05049
5.3701	0.0346765	1.0506
5.3801	0.0345477	1.05071
5.3901	0.0344196	1.05083
5.4001	0.0342923	1.05094
5.4101	0.0341656	1.05105
5.4201	0.0340397	1.05116
5.4301	0.0339144	1.05127
5.4401	0.0337898	1.05138
5.4501	0.033666	1.05149
5.4601	0.0335428	1.0516
5.4701	0.0334202	1.0517
5.4801	0.0332984	1.05181
5.4901	0.0331772	1.05191
5.5001	0.0330566	1.05202
5.5101	0.0329368	1.05212
5.5201	0.0328175	1.05223
5.5301	0.032699	1.05233
5.5401	0.032581	1.05243
5.5501	0.0324637	1.05253
5.5601	0.0323471	1.05263
5.5701	0.032231	1.05273
5.5801	0.0321156	1.05283
5.5901	0.0320008	1.05293
5.6001	0.0318866	1.05303
5.6101	0.031773	1.05314
5.6201	0.0316601	1.05325
5.6301	0.0315477	1.05335
5.6401	0.0314359	1.05344
5.6501	0.0313248	1.05354
5.6601	0.0312142	1.05364
5.6701	0.0311042	1.05374
5.6801	0.0309947	1.05383
5.6901	0.0308859	1.05393
5.7001	0.0307776	1.05403
5.7101	0.0306699	1.05412
5.7201	0.0305628	1.05422
5.7301	0.0304562	1.05431
5.7401	0.0303502	1.0544
5.7501	0.0302447	1.0545
5.7601	0.0301398	1.05459
5.7701	0.0300354	1.05468
5.7801	0.0299316	1.05477
5.7901	0.0298283	1.05486
5.8001	0.0297255	1.05494
5.8101	0.0296233	1.05502
5.8201	0.0295215	1.05512
5.8301	0.0294204	1.0552
5.8401	0.0293197	1.05529
5.8501	0.0292195	1.05538
5.8601	0.0291199	1.05548
5.8701	0.0290208	1.05557
5.8801	0.0289222	1.05565
5.8901	0.028824	1.05574
5.9001	0.0287264	1.05583
5.9101	0.0286293	1.05592
5.9201	0.0285326	1.05601
5.9301	0.0284365	1.05609
5.9401	0.0283408	1.05617
5.9501	0.0282456	1.05626
5.9601	0.0281509	1.05634
5.9701	0.0280567	1.05643
5.9801	0.027963	1.05652
5.9901	0.0278697	1.0566
6.0001	0.0277769	1.05668
6.0101	0.0276845	1.05676
6.0201	0.0275926	1.05683
6.0301	0.0275012	1.05691
6.0401	0.0274102	1.05699
6.0501	0.0273196	1.05707
6.0601	0.0272295	1.05715
6.0701	0.0271399	1.05723
6.0801	0.0270507	1.0573
6.0901	0.0269619	1.05738
6.1001	0.0268736	1.05745
6.1101	0.0267857	1.05753
6.1201	0.0266983	1.05761
6.1301	0.0266112	1.05769
6.1401	0.0265246	1.05776
6.1501	0.0264384	1.05783
6.1601	0.0263527	1.05791
6.1701	0.0262673	1.05798
6.1801	0.0261824	1.05806
6.1901	0.0260978	1.05813
6.2001	0.0260137	1.0582
6.2101	0.02593	1.05827
6.2201	0.0258467	1.05835
6.2301	0.0257638	1.05842
6.2401	0.0256813	1.05849
6.2501	0.0255992	1.05857
6.2601	0.0255175	1.05864
6.2701	0.0254361	1.05871
6.2801	0.0253552	1.05878
6.2901	0.0252746	1.05885
6.3001	0.0251945	1.05892
6.3101	0.0251147	1.05899
6.3201	0.0250353	1.05906
6.3301	0.0249562	1.05913
6.3401	0.0248776	1.0592
6.3501	0.0247993	1.05927
6.3601	0.0247213	1.05934
6.3701	0.0246438	1.05941
6.3801	0.0245666	1.05949
6.3901	0.0244898	1.05955
6.4001	0.0244133	1.05962
6.4101	0.0243372	1.05968
6.4201	0.0242614	1.05975
6.4301	0.024186	1.05982
6.4401	0.024111	1.05988
6.4501	0.0240363	1.05995
6.4601	0.0239619	1.06002
6.4701	0.0238879	1.06007
6.4801	0.0238142	1.06013
6.4901	0.0237409	1.0602
6.5001	0.0236679	1.06026
6.5101	0.0235953	1.06032
6.5201	0.0235229	1.06039
6.5301	0.0234509	1.06045
6.5401	0.0233793	1.06051
6.5501	0.023308	1.06057
6.5601	0.0232369	1.06063
6.5701	0.0231663	1.0607
6.5801	0.0230959	1.06076
6.5901	0.0230259	1.06082
6.6001	0.0229561	1.06088
6.6101	0.0228867	1.06093
6.6201	0.0228176	1.06099
6.6301	0.0227489	1.06106
6.6401	0.0226804	1.06111
6.6501	0.0226122	1.06117
6.6601	0.0225444	1.06123
6.6701	0.0224768	1.06129
6.6801	0.0224096	1.06135
6.6901	0.0223427	1.06141
6.7001	0.022276	1.06148
6.7101	0.0222097	1.06153
6.7201	0.0221436	1.06159
6.7301	0.0220779	1.06165
6.7401	0.0220124	1.0617
6.7501	0.0219472	1.06176
6.7601	0.0218823	1.06181
6.7701	0.0218177	1.06187
6.7801	0.0217534	1.06193
6.7901	0.0216894	1.06198
6.8001	0.0216257	1.06204
6.8101	0.0215622	1.06209
6.8201	0.021499	1.06215
6.8301	0.0214361	1.0622
6.8401	0.0213735	1.06226
6.8501	0.0213111	1.06231
6.8601	0.021249	1.06237
6.8701	0.0211872	1.06243
6.8801	0.0211257	1.06248
6.8901	0.0210644	1.06253
6.9001	0.0210034	1.06258
6.9101	0.0209426	1.06264
6.9201	0.0208822	1.06269
6.9301	0.0208219	1.06274
6.9401	0.020762	1.06279
6.9501	0.0207023	1.06284
6.9601	0.0206428	1.06289
6.9701	0.0205836	1.06294
6.9801	0.0205247	1.06299
6.9901	0.020466	1.06304
7.0001	0.0204076	1.0631
7.0101	0.0203494	1.06315
7.0201	0.0202915	1.0632
7.0301	0.0202338	1.06325
7.0401	0.0201763	1.0633
7.0501	0.0201191	1.06335
7.0601	0.0200622	1.0634
7.0701	0.0200055	1.06345
7.0801	0.019949	1.0635
7.0901	0.0198928	1.06355
7.1001	0.0198368	1.0636
7.1101	0.019781	1.06365
7.1201	0.0197255	1.06369
7.1301	0.0196702	1.06374
7.1401	0.0196151	1.06379
7.1501	0.0195603	1.06384
7.1601	0.0195057	1.06389
7.1701	0.0194513	1.06394
7.1801	0.0193972	1.06398
7.1901	0.0193433	1.06403
7.2001	0.0192896	1.06408
7.2101	0.0192361	1.06412
7.2201	0.0191829	1.06417
7.2301	0.0191298	1.06421
7.2401	0.019077	1.06426
7.2501	0.0190244	1.06431
7.2601	0.0189721	1.06436
7.2701	0.0189199	1.0644
7.2801	0.018868	1.06445
7.2901	0.0188162	1.06449
7.3001	0.0187647	1.06454
7.3101	0.0187134	1.06458
7.3201	0.0186623	1.06463
7.3301	0.0186114	1.06467
7.3401	0.0185608	1.06471
7.3501	0.0185103	1.06476
7.3601	0.01846	1.0648
7.3701	0.01841	1.06485
7.3801	0.0183601	1.06489
7.3901	0.0183105	1.06493
7.4001	0.018261	1.06498
7.4101	0.0182118	1.06502
7.4201	0.0181627	1.06506
7.4301	0.0181138	1.0651
7.4401	0.0180652	1.06514
7.4501	0.0180167	1.06518
7.4601	0.0179685	1.06523
7.4701	0.0179204	1.06527
7.4801	0.0178725	1.06532
7.4901	0.0178248	1.06536
7.5001	0.0177773	1.0654
7.5101	0.01773	1.06544
7.5201	0.0176829	1.06548
7.5301	0.0176359	1.06552
7.5401	0.0175892	1.06556
7.5501	0.0175426	1.0656
7.5601	0.0174962	1.06564
7.5701	0.0174501	1.06568
7.5801	0.017404	1.06572
7.5901	0.0173582	1.06576
7.6001	0.0173126	1.0658
7.6101	0.0172671	1.06584
7.6201	0.0172218	1.06588
7.6301	0.0171767	1.06592
7.6401	0.0171318	1.06596
7.6501	0.017087	1.066
7.6601	0.0170424	1.06604
7.6701	0.016998	1.06608
7.6801	0.0169538	1.06612
7.6901	0.0169097	1.06616
7.7001	0.0168658	1.0662
7.7101	0.0168221	1.06624
7.7201	0.0167785	1.06628
7.7301	0.0167352	1.06631
7.7401	0.0166919	1.06635
7.7501	0.0166489	1.06638
7.7601	0.016606	1.06642
7.7701	0.0165633	1.06645
7.7801	0.0165207	1.06649
7.7901	0.0164784	1.06653
7.8001	0.0164361	1.06656
7.8101	0.0163941	1.0666
7.8201	0.0163522	1.06664
7.8301	0.0163104	1.06667
7.8401	0.0162688	1.06671
7.8501	0.0162274	1.06674
7.8601	0.0161862	1.06678
7.8701	0.0161451	1.06681
7.8801	0.0161041	1.06685
7.8901	0.0160633	1.06688
7.9001	0.0160227	1.06692
7.9101	0.0159822	1.06696
7.9201	0.0159418	1.06699
7.9301	0.0159017	1.06702
7.9401	0.0158616	1.06706
7.9501	0.0158218	1.06709
7.9601	0.015782	1.06713
7.9701	0.0157425	1.06716
7.9801	0.015703	1.0672
7.9901	0.0156637	1.06724
8.0001	0.0156246	1.06727
8.0101	0.0155856	1.0673
8.0201	0.0155468	1.06734
8.0301	0.0155081	1.06737
8.0401	0.0154695	1.0674
8.0501	0.0154311	1.06744
8.0601	0.0153929	1.06747
8.0701	0.0153547	1.0675
8.0801	0.0153167	1.06754
8.0901	0.0152789	1.06757
8.1001	0.0152412	1.0676
8.1101	0.0152036	1.06763
8.1201	0.0151662	1.06767
8.1301	0.0151289	1.0677
8.1401	0.0150918	1.06773
8.1501	0.0150548	1.06776
8.1601	0.0150179	1.06779
8.1701	0.0149812	1.06782
8.1801	0.0149445	1.06786
8.1901	0.0149081	1.06789
8.2001	0.0148717	1.06792
8.2101	0.0148355	1.06795
8.2201	0.0147995	1.06798
8.2301	0.0147635	1.06801
8.2401	0.0147277	1.06804
8.2501	0.014692	1.06808
8.2601	0.0146565	1.06811
8.2701	0.014621	1.06814
8.2801	0.0145858	1.06817
8.2901	0.0145506	1.0682
8.3001	0.0145155	1.06823
8.3101	0.0144806	1.06826
8.3201	0.0144458	1.06829
8.3301	0.0144112	1.06832
8.3401	0.0143766	1.06835
8.3501	0.0143422	1.06838
8.3601	0.0143079	1.06841
8.3701	0.0142738	1.06844
8.3801	0.0142397	1.06847
8.3901	0.0142058	1.0685
8.4001	0.014172	1.06853
8.4101	0.0141383	1.06856
8.4201	0.0141048	1.06859
8.4301	0.0140713	1.06862
8.4401	0.014038	1.06865
8.4501	0.0140048	1.06868
8.4601	0.0139717	1.06871
8.4701	0.0139387	1.06873
8.4801	0.0139059	1.06876
8.4901	0.0138731	1.06879
8.5001	0.0138405	1.06881
8.5101	0.013808	1.06884
8.5201	0.0137756	1.06887
8.5301	0.0137433	1.06889
8.5401	0.0137112	1.06892
8.5501	0.0136791	1.06895
8.5601	0.0136472	1.06898
8.5701	0.0136153	1.06901
8.5801	0.0135836	1.06903
8.5901	0.013552	1.06906
8.6001	0.0135205	1.06909
8.6101	0.0134891	1.06912
8.6201	0.0134578	1.06915
8.6301	0.0134267	1.06917
8.6401	0.0133956	1.0692
8.6501	0.0133647	1.06922
8.6601	0.0133338	1.06925
8.6701	0.0133031	1.06928
8.6801	0.0132724	1.06931
8.6901	0.0132419	1.06934
8.7001	0.0132115	1.06936
8.7101	0.0131812	1.06939
8.7201	0.0131509	1.06941
8.7301	0.0131208	1.06944
8.7401	0.0130908	1.06946
8.7501	0.0130609	1.06949
8.7601	0.0130311	1.06952
8.7701	0.0130014	1.06954
8.7801	0.0129718	1.06957
8.7901	0.0129423	1.06959
8.8001	0.0129129	1.06962
8.8101	0.0128836	1.06965
8.8201	0.0128544	1.06967
8.8301	0.0128253	1.0697
8.8401	0.0127963	1.06972
8.8501	0.0127674	1.06974
8.8601	0.0127386	1.06977
8.8701	0.0127099	1.06979
8.8801	0.0126813	1.06982
8.8901	0.0126528	1.06985
8.9001	0.0126244	1.06987
8.9101	0.0125961	1.0699
8.9201	0.0125678	1.06992
8.9301	0.0125397	1.06995
8.9401	0.0125117	1.06997
8.9501	0.0124837	1.07
8.9601	0.0124559	1.07002
8.9701	0.0124281	1.07005
8.9801	0.0124005	1.07007
8.9901	0.0123729	1.07009
9.0001	0.0123454	1.07012
9.0101	0.012318	1.07014
9.0201	0.0122907	1.07016
9.0301	0.0122635	1.07019
9.0401	0.0122364	1.07021
9.0501	0.0122094	1.07023
9.0601	0.0121824	1.07026
9.0701	0.0121556	1.07028
9.0801	0.0121288	1.0703
9.0901	0.0121022	1.07033
9.1001	0.0120756	1.07035
9.1101	0.0120491	1.07037
9.1201	0.0120227	1.07039
9.1301	0.0119963	1.07042
9.1401	0.0119701	1.07044
9.1501	0.011944	1.07047
9.1601	0.0119179	1.07049
9.1701	0.0118919	1.07051
9.1801	0.011866	1.07053
9.1901	0.0118402	1.07055
9.2001	0.0118145	1.07058
9.2101	0.0117888	1.0706
9.2201	0.0117633	1.07062
9.2301	0.0117378	1.07064
9.2401	0.0117124	1.07067
9.2501	0.0116871	1.07069
9.2601	0.0116619	1.07071
9.2701	0.0116367	1.07073
9.2801	0.0116117	1.07075
9.2901	0.0115867	1.07078
9.3001	0.0115618	1.0708
9.3101	0.011537	1.07082
9.3201	0.0115122	1.07084
9.3301	0.0114875	1.07086
9.3401	0.011463	1.07089
9.3501	0.0114385	1.07091
9.3601	0.011414	1.07093
9.3701	0.0113897	1.07095
9.3801	0.0113654	1.07097
9.3901	0.0113412	1.07099
9.4001	0.0113171	1.07101
9.4101	0.0112931	1.07103
9.4201	0.0112691	1.07105
9.4301	0.0112452	1.07107
9.4401	0.0112214	1.0711
9.4501	0.0111977	1.07112
9.4601	0.011174	1.07114
9.4701	0.0111504	1.07116
9.4801	0.0111269	1.07118
9.4901	0.0111035	1.0712
9.5001	0.0110801	1.07122
9.5101	0.0110568	1.07124
9.5201	0.0110336	1.07126
9.5301	0.0110105	1.07128
9.5401	0.0109874	1.0713
9.5501	0.0109644	1.07132
9.5601	0.0109415	1.07134
9.5701	0.0109186	1.07136
9.5801	0.0108958	1.07139
9.5901	0.0108731	1.07141
9.6001	0.0108505	1.07143
9.6101	0.0108279	1.07145
9.6201	0.0108054	1.07147
9.6301	0.010783	1.07148
9.6401	0.0107606	1.0715
9.6501	0.0107383	1.07152
9.6601	0.0107161	1.07155
9.6701	0.0106939	1.07156
9.6801	0.0106719	1.07158
9.6901	0.0106498	1.0716
9.7001	0.0106279	1.07162
9.7101	0.010606	1.07164
9.7201	0.0105842	1.07166
9.7301	0.0105625	1.07168
9.7401	0.0105408	1.0717
9.7501	0.0105192	1.07172
9.7601	0.0104976	1.07174
9.7701	0.0104762	1.07175
9.7801	0.0104547	1.07177
9.7901	0.0104334	1.07179
9.8001	0.0104121	1.07181
9.8101	0.0103909	1.07183
9.8201	0.0103697	1.07184
9.8301	0.0103487	1.07186
9.8401	0.0103276	1.07188
9.8501	0.0103067	1.0719
9.8601	0.0102858	1.07192
9.8701	0.010265	1.07194
9.8801	0.0102442	1.07196
9.8901	0.0102235	1.07197
9.9001	0.0102028	1.07199
9.9101	0.0101823	1.07201
9.9201	0.0101617	1.07203
9.9301	0.0101413	1.07205
9.9401	0.0101209	1.07206
9.9501	0.0101006	1.07208
9.9601	0.0100803	1.0721
9.9701	0.0100601	1.07212
9.9801	0.0100399	1.07213
9.9901	0.0100198	1.07215
10.0001	0.0099998	1.07217
10.0101	0.00997983	1.07219
10.0201	0.00995992	1.07221
10.0301	0.00994007	1.07222
10.0401	0.00992028	1.07224
10.0501	0.00990055	1.07226
10.0601	0.00988087	1.07227
10.0701	0.00986126	1.07229
10.0801	0.0098417	1.07231
10.0901	0.00982221	1.07232
10.1001	0.00980277	1.07234
10.1101	0.00978338	1.07236
10.1201	0.00976406	1.07237
10.1301	0.00974479	1.07239
10.1401	0.00972558	1.07241
10.1501	0.00970643	1.07242
10.1601	0.00968733	1.07244
10.1701	0.00966829	1.07246
10.1801	0.0096493	1.07247
10.1901	0.00963037	1.07249
10.2001	0.0096115	1.07251
10.2101	0.00959268	1.07252
10.2201	0.00957392	1.07254
10.2301	0.00955521	1.07256
10.2401	0.00953656	1.07257
10.2501	0.00951796	1.07259
10.2601	0.00949941	1.07261
10.2701	0.00948092	1.07262
10.2801	0.00946249	1.07264
10.2901	0.00944411	1.07266
10.3001	0.00942578	1.07267
10.3101	0.0094075	1.07269
10.3201	0.00938928	1.07271
10.3301	0.00937111	1.07272
10.3401	0.00935299	1.07274
10.3501	0.00933493	1.07276
10.3601	0.00931691	1.07277
10.3701	0.00929895	1.07279
10.3801	0.00928105	1.0728
10.3901	0.00926319	1.07282
10.4001	0.00924538	1.07283
10.4101	0.00922763	1.07285
10.4201	0.00920993	1.07286
10.4301	0.00919228	1.07288
10.4401	0.00917467	1.0729
10.4501	0.00915712	1.07291
10.4601	0.00913962	1.07293
10.4701	0.00912217	1.07294
10.4801	0.00910477	1.07296
10.4901	0.00908742	1.07297
10.5001	0.00907012	1.07299
10.5101	0.00905287	1.07301
10.5201	0.00903567	1.07302
10.5301	0.00901851	1.07303
10.5401	0.00900141	1.07305
10.5501	0.00898435	1.07307
10.5601	0.00896735	1.07308
10.5701	0.00895039	1.0731
10.5801	0.00893348	1.07311
10.5901	0.00891661	1.07312
10.6001	0.0088998	1.07314
10.6101	0.00888303	1.07315
10.6201	0.00886631	1.07317
10.6301	0.00884963	1.07318
10.6401	0.00883301	1.0732
10.6501	0.00881643	1.07321
10.6601	0.00879989	1.07322
10.6701	0.00878341	1.07324
10.6801	0.00876697	1.07325
10.6901	0.00875057	1.07327
10.7001	0.00873422	1.07328
10.7101	0.00871792	1.0733
10.7201	0.00870166	1.07331
10.7301	0.00868545	1.07333
10.7401	0.00866929	1.07334
10.7501	0.00865317	1.07336
10.7601	0.00863709	1.07337
10.7701	0.00862106	1.07339
10.7801	0.00860507	1.0734
10.7901	0.00858913	1.07341
10.8001	0.00857323	1.07343
10.8101	0.00855738	1.07344
10.8201	0.00854157	1.07345
10.8301	0.0085258	1.07347
10.8401	0.00851008	1.07348
10.8501	0.0084944	1.0735
10.8601	0.00847876	1.07351
10.8701	0.00846317	1.07353
10.8801	0.00844762	1.07354
10.8901	0.00843211	1.07356
10.9001	0.00841665	1.07357
10.9101	0.00840122	1.07358
10.9201	0.00838584	1.0736
10.9301	0.00837051	1.07361
10.9401	0.00835521	1.07362
10.9501	0.00833996	1.07364
10.9601	0.00832475	1.07365
10.9701	0.00830958	1.07366
10.9801	0.00829445	1.07368
10.9901	0.00827936	1.07369
11.0001	0.00826431	1.07371
11.0101	0.00824931	1.07372
11.0201	0.00823434	1.07373
11.0301	0.00821942	1.07375
11.0401	0.00820454	1.07376
11.0501	0.00818969	1.07377
11.0601	0.00817489	1.07379
11.0701	0.00816013	1.0738
11.0801	0.0081454	1.07381
11.0901	0.00813072	1.07383
11.1001	0.00811608	1.07384
11.1101	0.00810147	1.07385
11.1201	0.00808691	1.07386
11.1301	0.00807239	1.07388
11.1401	0.0080579	1.07389
11.1501	0.00804345	1.0739
11.1601	0.00802904	1.07391
11.1701	0.00801467	1.07393
11.1801	0.00800034	1.07394
11.1901	0.00798605	1.07395
11.2001	0.0079718	1.07396
11.2101	0.00795758	1.07398
11.2201	0.0079434	1.07399
11.2301	0.00792926	1.074
11.2401	0.00791516	1.07401
11.2501	0.00790109	1.07403
11.2601	0.00788707	1.07404
11.2701	0.00787308	1.07405
11.2801	0.00785912	1.07406
11.2901	0.00784521	1.07408
11.3001	0.00783133	1.07409
11.3101	0.00781749	1.0741
11.3201	0.00780368	1.07411
11.3301	0.00778991	1.07412
11.3401	0.00777618	1.07414
11.3501	0.00776248	1.07415
11.3601	0.00774882	1.07416
11.3701	0.0077352	1.07417
11.3801	0.00772161	1.07418
11.3901	0.00770806	1.0742
11.4001	0.00769454	1.07421
11.4101	0.00768106	1.07422
11.4201	0.00766761	1.07423
11.4301	0.0076542	1.07424
11.4401	0.00764083	1.07425
11.4501	0.00762749	1.07427
11.4601	0.00761418	1.07428
11.4701	0.00760091	1.07429
11.4801	0.00758767	1.0743
11.4901	0.00757447	1.07431
11.5001	0.00756131	1.07433
11.5101	0.00754817	1.07434
11.5201	0.00753507	1.07435
11.5301	0.00752201	1.07436
11.5401	0.00750898	1.07437
11.5501	0.00749598	1.07438
11.5601	0.00748302	1.07439
11.5701	0.00747009	1.0744
11.5801	0.00745719	1.07442
11.5901	0.00744433	1.07443
11.6001	0.0074315	1.07444
11.6101	0.0074187	1.07445
11.6201	0.00740594	1.07446
11.6301	0.00739321	1.07447
11.6401	0.00738051	1.07448
11.6501	0.00736785	1.07449
11.6601	0.00735522	1.0745
11.6701	0.00734262	1.07452
11.6801	0.00733005	1.07453
11.6901	0.00731751	1.07454
11.7001	0.00730501	1.07455
11.7101	0.00729254	1.07456
11.7201	0.0072801	1.07457
11.7301	0.00726769	1.07458
11.7401	0.00725532	1.07459
11.7501	0.00724297	1.0746
11.7601	0.00723066	1.07462
11.7701	0.00721838	1.07463
11.7801	0.00720613	1.07464
11.7901	0.00719391	1.07465
11.8001	0.00718172	1.07466
11.8101	0.00716957	1.07467
11.8201	0.00715744	1.07468
11.8301	0.00714534	1.07469
11.8401	0.00713328	1.0747
11.8501	0.00712125	1.07471
11.8601	0.00710924	1.07472
11.8701	0.00709727	1.07473
11.8801	0.00708533	1.07474
11.8901	0.00707341	1.07476
11.9001	0.00706153	1.07477
11.9101	0.00704968	1.07478
11.9201	0.00703785	1.07479
11.9301	0.00702606	1.0748
11.9401	0.0070143	1.07481
11.9501	0.00700256	1.07482
11.9601	0.00699086	1.07483
11.9701	0.00697918	1.07484
11.9801	0.00696753	1.07485
11.9901	0.00695592	1.07486
12.0001	0.00694433	1.07487
12.0101	0.00693277	1.07488
12.0201	0.00692124	1.07489
12.0301	0.00690974	1.0749
12.0401	0.00689826	1.07491
12.0501	0.00688682	1.07492
12.0601	0.0068754	1.07493
12.0701	0.00686402	1.07494
12.0801	0.00685266	1.07495
12.0901	0.00684132	1.07496
12.1001	0.00683002	1.07497
12.1101	0.00681875	1.07498
12.1201	0.0068075	1.07499
12.1301	0.00679628	1.075
12.1401	0.00678509	1.07501
12.1501	0.00677392	1.07502
12.1601	0.00676279	1.07503
12.1701	0.00675168	1.07504
12.1801	0.0067406	1.07505
12.1901	0.00672954	1.07506
12.2001	0.00671851	1.07507
12.2101	0.00670751	1.07507
12.2201	0.00669654	1.07509
12.2301	0.00668559	1.07509
12.2401	0.00667467	1.0751
12.2501	0.00666378	1.07511
12.2601	0.00665292	1.07513
12.2701	0.00664208	1.07514
12.2801	0.00663126	1.07514
12.2901	0.00662048	1.07515
12.3001	0.00660971	1.07516
12.3101	0.00659898	1.07517
12.3201	0.00658827	1.07518
12.3301	0.00657759	1.07519
12.3401	0.00656693	1.0752
12.3501	0.0065563	1.07521
12.3601	0.0065457	1.07522
12.3701	0.00653512	1.07523
12.3801	0.00652457	1.07524
12.3901	0.00651404	1.07525
12.4001	0.00650354	1.07526
12.4101	0.00649306	1.07527
12.4201	0.00648261	1.07528
12.4301	0.00647218	1.07529
12.4401	0.00646178	1.0753
12.4501	0.00645141	1.07531
12.4601	0.00644105	1.07532
12.4701	0.00643073	1.07532
12.4801	0.00642043	1.07533
12.4901	0.00641015	1.07534
12.5001	0.0063999	1.07535
12.5101	0.00638967	1.07536
12.5201	0.00637947	1.07537
12.5301	0.00636929	1.07538
12.5401	0.00635913	1.07539
12.5501	0.006349	1.0754
12.5601	0.0063389	1.0754
12.5701	0.00632882	1.07541
12.5801	0.00631876	1.07542
12.5901	0.00630873	1.07543
12.6001	0.00629872	1.07544
12.6101	0.00628873	1.07545
12.6201	0.00627877	1.07546
12.6301	0.00626883	1.07547
12.6401	0.00625891	1.07548
12.6501	0.00624902	1.07548
12.6601	0.00623915	1.07549
12.6701	0.00622931	1.0755
12.6801	0.00621949	1.07551
12.6901	0.00620969	1.07552
12.7001	0.00619991	1.07553
12.7101	0.00619016	1.07554
12.7201	0.00618043	1.07554
12.7301	0.00617073	1.07555
12.7401	0.00616104	1.07556
12.7501	0.00615138	1.07557
12.7601	0.00614175	1.07558
12.7701	0.00613213	1.07559
12.7801	0.00612254	1.0756
12.7901	0.00611297	1.0756
12.8001	0.00610342	1.07561
12.8101	0.00609389	1.07562
12.8201	0.00608439	1.07563
12.8301	0.00607491	1.07564
12.8401	0.00606545	1.07565
12.8501	0.00605602	1.07565
12.8601	0.0060466	1.07566
12.8701	0.00603721	1.07567
12.8801	0.00602784	1.07568
12.8901	0.00601849	1.07569
12.9001	0.00600916	1.07569
12.9101	0.00599986	1.0757
12.9201	0.00599057	1.07571
12.9301	0.00598131	1.07572
12.9401	0.00597207	1.07573
12.9501	0.00596285	1.07574
12.9601	0.00595365	1.07574
12.9701	0.00594447	1.07575
12.9801	0.00593532	1.07576
12.9901	0.00592618	1.07577
13.0001	0.00591707	1.07578
13.0101	0.00590798	1.07578
13.0201	0.0058989	1.07579
13.0301	0.00588985	1.0758
13.0401	0.00588082	1.07581
13.0501	0.00587181	1.07582
13.0601	0.00586283	1.07583
13.0701	0.00585386	1.07583
13.0801	0.00584491	1.07584
13.0901	0.00583598	1.07585
13.1001	0.00582708	1.07586
13.1101	0.00581819	1.07587
13.1201	0.00580933	1.07587
13.1301	0.00580048	1.07588
13.1401	0.00579165	1.07589
13.1501	0.00578285	1.0759
13.1601	0.00577406	1.0759
13.1701	0.0057653	1.07591
13.1801	0.00575655	1.07592
13.1901	0.00574783	1.07593
13.2001	0.00573912	1.07593
13.2101	0.00573044	1.07594
13.2201	0.00572177	1.07595
13.2301	0.00571313	1.07596
13.2401	0.0057045	1.07597
13.2501	0.00569589	1.07597
13.2601	0.0056873	1.07598
13.2701	0.00567874	1.07599
13.2801	0.00567019	1.076
13.2901	0.00566166	1.076
13.3001	0.00565315	1.07601
13.3101	0.00564465	1.07602
13.3201	0.00563618	1.07603
13.3301	0.00562773	1.07603
13.3401	0.00561929	1.07604
13.3501	0.00561088	1.07605
13.3601	0.00560248	1.07606
13.3701	0.00559411	1.07606
13.3801	0.00558575	1.07607
13.3901	0.00557741	1.07608
13.4001	0.00556909	1.07609
13.4101	0.00556078	1.07609
13.4201	0.0055525	1.0761
13.4301	0.00554423	1.07611
13.4401	0.00553599	1.07612
13.4501	0.00552776	1.07612
13.4601	0.00551955	1.07613
13.4701	0.00551135	1.07614
13.4801	0.00550318	1.07615
13.4901	0.00549502	1.07615
13.5001	0.00548689	1.07616
13.5101	0.00547877	1.07617
13.5201	0.00547067	1.07617
13.5301	0.00546258	1.07618
13.5401	0.00545452	1.07619
13.5501	0.00544647	1.0762
13.5601	0.00543844	1.0762
13.5701	0.00543043	1.07621
13.5801	0.00542243	1.07622
13.5901	0.00541445	1.07622
13.6001	0.00540649	1.07623
13.6101	0.00539855	1.07624
13.6201	0.00539063	1.07625
13.6301	0.00538272	1.07625
13.6401	0.00537483	1.07626
13.6501	0.00536696	1.07627
13.6601	0.0053591	1.07627
13.6701	0.00535127	1.07628
13.6801	0.00534345	1.07629
13.6901	0.00533564	1.07629
13.7001	0.00532786	1.0763
13.7101	0.00532009	1.07631
13.7201	0.00531233	1.07631
13.7301	0.0053046	1.07632
13.7401	0.00529688	1.07633
13.7501	0.00528918	1.07634
13.7601	0.00528149	1.07634
13.7701	0.00527383	1.07635
13.7801	0.00526617	1.07636
13.7901	0.00525854	1.07636
13.8001	0.00525092	1.07637
13.8101	0.00524332	1.07638
13.8201	0.00523573	1.07638
13.8301	0.00522817	1.07639
13.8401	0.00522061	1.0764
13.8501	0.00521308	1.0764
13.8601	0.00520556	1.07641
13.8701	0.00519805	1.07642
13.8801	0.00519057	1.07642
13.8901	0.0051831	1.07643
13.9001	0.00517564	1.07644
13.9101	0.0051682	1.07644
13.9201	0.00516078	1.07645
13.9301	0.00515337	1.07646
13.9401	0.00514598	1.07646
13.9501	0.00513861	1.07647
13.9601	0.00513125	1.07648
13.9701	0.0051239	1.07648
13.9801	0.00511658	1.07649
13.9901	0.00510926	1.0765
14.0001	0.00510197	1.0765
14.0101	0.00509469	1.07651
14.0201	0.00508742	1.07652
14.0301	0.00508017	1.07652
14.0401	0.00507294	1.07653
14.0501	0.00506572	1.07654
14.0601	0.00505852	1.07654
14.0701	0.00505133	1.07655
14.0801	0.00504416	1.07656
14.0901	0.005037	1.07656
14.1001	0.00502986	1.07657
14.1101	0.00502273	1.07657
14.1201	0.00501562	1.07658
14.1301	0.00500852	1.07659
14.1401	0.00500144	1.07659
14.1501	0.00499437	1.0766
14.1601	0.00498732	1.07661
14.1701	0.00498028	1.07661
14.1801	0.00497326	1.07662
14.1901	0.00496626	1.07663
14.2001	0.00495926	1.07663
14.2101	0.00495229	1.07664
14.2201	0.00494532	1.07664
14.2301	0.00493838	1.07665
14.2401	0.00493144	1.07666
14.2501	0.00492452	1.07666
14.2601	0.00491762	1.07667
14.2701	0.00491073	1.07667
14.2801	0.00490385	1.07668
14.2901	0.00489699	1.07669
14.3001	0.00489015	1.07669
14.3101	0.00488331	1.0767
14.3201	0.0048765	1.07671
14.3301	0.00486969	1.07671
14.3401	0.0048629	1.07672
14.3501	0.00485613	1.07672
14.3601	0.00484937	1.07673
14.3701	0.00484262	1.07674
14.3801	0.00483589	1.07674
14.3901	0.00482917	1.07675
14.4001	0.00482246	1.07675
14.4101	0.00481577	1.07676
14.4201	0.0048091	1.07677
14.4301	0.00480243	1.07677
14.4401	0.00479578	1.07678
14.4501	0.00478915	1.07678
14.4601	0.00478253	1.07679
14.4701	0.00477592	1.0768
14.4801	0.00476932	1.0768
14.4901	0.00476274	1.07681
14.5001	0.00475618	1.07681
14.5101	0.00474962	1.07682
14.5201	0.00474308	1.07683
14.5301	0.00473656	1.07683
14.5401	0.00473004	1.07684
14.5501	0.00472354	1.07684
14.5601	0.00471706	1.07685
14.5701	0.00471059	1.07686
14.5801	0.00470413	1.07686
14.5901	0.00469768	1.07687
14.6001	0.00469125	1.07687
14.6101	0.00468483	1.07688
14.6201	0.00467842	1.07688
14.6301	0.00467203	1.07689
14.6401	0.00466565	1.0769
14.6501	0.00465928	1.0769
14.6601	0.00465293	1.07691
14.6701	0.00464658	1.07691
14.6801	0.00464026	1.07692
14.6901	0.00463394	1.07693
14.7001	0.00462764	1.07693
14.7101	0.00462135	1.07694
14.7201	0.00461507	1.07694
14.7301	0.00460881	1.07695
14.7401	0.00460256	1.07695
14.7501	0.00459632	1.07696
14.7601	0.00459009	1.07697
14.7701	0.00458388	1.07697
14.7801	0.00457768	1.07698
14.7901	0.00457149	1.07698
14.8001	0.00456531	1.07699
14.8101	0.00455915	1.07699
14.8201	0.004553	1.077
14.8301	0.00454686	1.07701
14.8401	0.00454074	1.07701
14.8501	0.00453462	1.07702
14.8601	0.00452852	1.07702
14.8701	0.00452243	1.07703
14.8801	0.00451636	1.07703
14.8901	0.00451029	1.07704
14.9001	0.00450424	1.07704
14.9101	0.0044982	1.07705
14.9201	0.00449217	1.07705
14.9301	0.00448616	1.07706
14.9401	0.00448015	1.07707
14.9501	0.00447416	1.07707
14.9601	0.00446818	1.07708
14.9701	0.00446222	1.07708
14.9801	0.00445626	1.07709
14.9901	0.00445032	1.07709
15.0001	0.00444439	1.0771
15.0101	0.00443847	1.0771
15.0201	0.00443256	1.07711
15.0301	0.00442666	1.07711
15.0401	0.00442078	1.07712
15.0501	0.0044149	1.07712
15.0601	0.00440904	1.07713
15.0701	0.00440319	1.07714
15.0801	0.00439736	1.07714
15.0901	0.00439153	1.07715
15.1001	0.00438571	1.07715
15.1101	0.00437991	1.07716
15.1201	0.00437412	1.07716
15.1301	0.00436834	1.07717
15.1401	0.00436257	1.07717
15.1501	0.00435681	1.07718
15.1601	0.00435107	1.07718
15.1701	0.00434533	1.07719
15.1801	0.00433961	1.07719
15.1901	0.0043339	1.0772
15.2001	0.0043282	1.0772
15.2101	0.00432251	1.07721
15.2201	0.00431683	1.07721
15.2301	0.00431116	1.07722
15.2401	0.00430551	1.07722
15.2501	0.00429986	1.07723
15.2601	0.00429423	1.07723
15.2701	0.00428861	1.07724
15.2801	0.004283	1.07724
15.2901	0.00427739	1.07725
15.3001	0.00427181	1.07725
15.3101	0.00426623	1.07726
15.3201	0.00426066	1.07726
15.3301	0.0042551	1.07727
15.3401	0.00424956	1.07727
15.3501	0.00424402	1.07728
15.3601	0.0042385	1.07728
15.3701	0.00423298	1.07729
15.3801	0.00422748	1.07729
15.3901	0.00422199	1.0773
15.4001	0.00421651	1.0773
15.4101	0.00421104	1.07731
15.4201	0.00420558	1.07731
15.4301	0.00420013	1.07732
15.4401	0.00419469	1.07732
15.4501	0.00418926	1.07733
15.4601	0.00418384	1.07733
15.4701	0.00417844	1.07734
15.4801	0.00417304	1.07734
15.4901	0.00416765	1.07735
15.5001	0.00416228	1.07735
15.5101	0.00415691	1.07736
15.5201	0.00415156	1.07736
15.5301	0.00414621	1.07737
15.5401	0.00414088	1.07737
15.5501	0.00413555	1.07738
15.5601	0.00413024	1.07738
15.5701	0.00412494	1.07739
15.5801	0.00411964	1.07739
15.5901	0.00411436	1.0774
15.6001	0.00410909	1.0774
15.6101	0.00410382	1.07741
15.6201	0.00409857	1.07741
15.6301	0.00409333	1.07742
15.6401	0.00408809	1.07742
15.6501	0.00408287	1.07743
15.6601	0.00407766	1.07743
15.6701	0.00407246	1.07743
15.6801	0.00406726	1.07744
15.6901	0.00406208	1.07744
15.7001	0.00405691	1.07745
15.7101	0.00405174	1.07745
15.7201	0.00404659	1.07746
15.7301	0.00404145	1.07746
15.7401	0.00403631	1.07747
15.7501	0.00403119	1.07747
15.7601	0.00402608	1.07748
15.7701	0.00402097	1.07748
15.7801	0.00401588	1.07749
15.7901	0.00401079	1.07749
15.8001	0.00400572	1.07749
15.8101	0.00400065	1.0775
15.8201	0.0039956	1.0775
15.8301	0.00399055	1.07751
15.8401	0.00398551	1.07751
15.8501	0.00398048	1.07752
15.8601	0.00397547	1.07752
15.8701	0.00397046	1.07753
15.8801	0.00396546	1.07753
15.8901	0.00396047	1.07753
15.9001	0.00395549	1.07754
15.9101	0.00395052	1.07754
15.9201	0.00394556	1.07755
15.9301	0.00394061	1.07755
15.9401	0.00393566	1.07756
15.9501	0.00393073	1.07756
15.9601	0.00392581	1.07757
15.9701	0.00392089	1.07757
15.9801	0.00391598	1.07757
15.9901	0.00391109	1.07758
16.0001	0.0039062	1.07758
16.0101	0.00390132	1.07759
16.0201	0.00389645	1.07759
16.0301	0.00389159	1.0776
16.0401	0.00388674	1.0776
16.0501	0.0038819	1.07761
16.0601	0.00387707	1.07761
16.0701	0.00387225	1.07761
16.0801	0.00386743	1.07762
16.0901	0.00386262	1.07762
16.1001	0.00385783	1.07763
16.1101	0.00385304	1.07763
16.1201	0.00384826	1.07764
16.1301	0.00384349	1.07764
16.1401	0.00383873	1.07765
16.1501	0.00383398	1.07765
16.1601	0.00382923	1.07765
16.1701	0.0038245	1.07766
16.1801	0.00381977	1.07766
16.1901	0.00381506	1.07767
16.2001	0.00381035	1.07767
16.2101	0.00380565	1.07768
16.2201	0.00380096	1.07768
16.2301	0.00379627	1.07768
16.2401	0.0037916	1.07769
16.2501	0.00378694	1.07769
16.2601	0.00378228	1.0777
16.2701	0.00377763	1.0777
16.2801	0.00377299	1.07771
16.2901	0.00376836	1.07771
16.3001	0.00376374	1.07771
16.3101	0.00375912	1.07772
16.3201	0.00375452	1.07772
16.3301	0.00374992	1.07773
16.3401	0.00374533	1.07773
16.3501	0.00374075	1.07773
16.3601	0.00373618	1.07774
16.3701	0.00373162	1.07774
16.3801	0.00372706	1.07775
16.3901	0.00372252	1.07775
16.4001	0.00371798	1.07775
16.4101	0.00371345	1.07776
16.4201	0.00370893	1.07776
16.4301	0.00370441	1.07777
16.4401	0.00369991	1.07777
16.4501	0.00369541	1.07777
16.4601	0.00369092	1.07778
16.4701	0.00368644	1.07778
16.4801	0.00368197	1.07779
16.4901	0.00367751	1.07779
16.5001	0.00367305	1.07779
16.5101	0.0036686	1.0778
16.5201	0.00366416	1.0778
16.5301	0.00365973	1.07781
16.5401	0.00365531	1.07781
16.5501	0.00365089	1.07781
16.5601	0.00364648	1.07782
16.5701	0.00364208	1.07782
16.5801	0.00363769	1.07783
16.5901	0.00363331	1.07783
16.6001	0.00362893	1.07783
16.6101	0.00362456	1.07784
16.6201	0.0036202	1.07784
16.6301	0.00361585	1.07785
16.6401	0.0036115	1.07785
16.6501	0.00360717	1.07785
16.6601	0.00360284	1.07786
16.6701	0.00359852	1.07786
16.6801	0.0035942	1.07787
16.6901	0.0035899	1.07787
16.7001	0.0035856	1.07787
16.7101	0.00358131	1.07788
16.7201	0.00357703	1.07788
16.7301	0.00357275	1.07788
16.7401	0.00356849	1.07789
16.7501	0.00356423	1.07789
16.7601	0.00355997	1.0779
16.7701	0.00355573	1.0779
16.7801	0.00355149	1.0779
16.7901	0.00354726	1.07791
16.8001	0.00354304	1.07791
16.8101	0.00353883	1.07792
16.8201	0.00353462	1.07792
16.8301	0.00353042	1.07792
16.8401	0.00352623	1.07793
16.8501	0.00352205	1.07793
16.8601	0.00351787	1.07793
16.8701	0.0035137	1.07794
16.8801	0.00350954	1.07794
16.8901	0.00350538	1.07795
16.9001	0.00350124	1.07795
16.9101	0.0034971	1.07795
16.9201	0.00349296	1.07796
16.9301	0.00348884	1.07796
16.9401	0.00348472	1.07796
16.9501	0.00348061	1.07797
16.9601	0.00347651	1.07797
16.9701	0.00347241	1.07797
16.9801	0.00346832	1.07798
16.9901	0.00346424	1.07798
17.0001	0.00346017	1.07799
17.0101	0.0034561	1.07799
17.0201	0.00345204	1.07799
17.0301	0.00344799	1.078
17.0401	0.00344394	1.078
17.0501	0.0034399	1.078
17.0601	0.00343587	1.07801
17.0701	0.00343185	1.07801
17.0801	0.00342783	1.07801
17.0901	0.00342382	1.07802
17.1001	0.00341982	1.07802
17.1101	0.00341582	1.07803
17.1201	0.00341183	1.07803
17.1301	0.00340785	1.07803
17.1401	0.00340387	1.07804
17.1501	0.0033999	1.07804
17.1601	0.00339594	1.07804
17.1701	0.00339199	1.07805
17.1801	0.00338804	1.07805
17.1901	0.0033841	1.07805
17.2001	0.00338017	1.07806
17.2101	0.00337624	1.07806
17.2201	0.00337232	1.07806
17.2301	0.00336841	1.07807
17.2401	0.0033645	1.07807
17.2501	0.0033606	1.07808
17.2601	0.00335671	1.07808
17.2701	0.00335282	1.07808
17.2801	0.00334894	1.07809
17.2901	0.00334507	1.07809
17.3001	0.0033412	1.07809
17.3101	0.00333734	1.0781
17.3201	0.00333349	1.0781
17.3301	0.00332964	1.0781
17.3401	0.00332581	1.07811
17.3501	0.00332197	1.07811
17.3601	0.00331815	1.07811
17.3701	0.00331433	1.07812
17.3801	0.00331051	1.07812
17.3901	0.00330671	1.07812
17.4001	0.00330291	1.07813
17.4101	0.00329912	1.07813
17.4201	0.00329533	1.07813
17.4301	0.00329155	1.07814
17.4401	0.00328777	1.07814
17.4501	0.00328401	1.07814
17.4601	0.00328025	1.07815
17.4701	0.00327649	1.07815
17.4801	0.00327275	1.07815
17.4901	0.003269	1.07816
17.5001	0.00326527	1.07816
17.5101	0.00326154	1.07816
17.5201	0.00325782	1.07817
17.5301	0.0032541	1.07817
17.5401	0.00325039	1.07817
17.5501	0.00324669	1.07818
17.5601	0.00324299	1.07818
17.5701	0.0032393	1.07818
17.5801	0.00323562	1.07819
17.5901	0.00323194	1.07819
17.6001	0.00322827	1.07819
17.6101	0.0032246	1.0782
17.6201	0.00322094	1.0782
17.6301	0.00321729	1.0782
17.6401	0.00321365	1.07821
17.6501	0.00321	1.07821
17.6601	0.00320637	1.07821
17.6701	0.00320274	1.07822
17.6801	0.00319912	1.07822
17.6901	0.0031955	1.07822
17.7001	0.00319189	1.07823
17.7101	0.00318829	1.07823
17.7201	0.00318469	1.07823
17.7301	0.0031811	1.07824
17.7401	0.00317752	1.07824
17.7501	0.00317394	1.07824
17.7601	0.00317036	1.07825
17.7701	0.0031668	1.07825
17.7801	0.00316324	1.07825
17.7901	0.00315968	1.07826
17.8001	0.00315613	1.07826
17.8101	0.00315259	1.07826
17.8201	0.00314905	1.07827
17.8301	0.00314552	1.07827
17.8401	0.00314199	1.07827
17.8501	0.00313848	1.07828
17.8601	0.00313496	1.07828
17.8701	0.00313145	1.07828
17.8801	0.00312795	1.07829
17.8901	0.00312446	1.07829
17.9001	0.00312097	1.07829
17.9101	0.00311748	1.0783
17.9201	0.003114	1.0783
17.9301	0.00311053	1.0783
17.9401	0.00310706	1.07831
17.9501	0.0031036	1.07831
17.9601	0.00310015	1.07831
17.9701	0.0030967	1.07831
17.9801	0.00309326	1.07832
17.9901	0.00308982	1.07832
18.0001	0.00308639	1.07832
18.0101	0.00308296	1.07833
18.0201	0.00307954	1.07833
18.0301	0.00307612	1.07833
18.0401	0.00307271	1.07834
18.0501	0.00306931	1.07834
18.0601	0.00306591	1.07834
18.0701	0.00306252	1.07835
18.0801	0.00305913	1.07835
18.0901	0.00305575	1.07835
18.1001	0.00305238	1.07836
18.1101	0.00304901	1.07836
18.1201	0.00304564	1.07836
18.1301	0.00304228	1.07837
18.1401	0.00303893	1.07837
18.1501	0.00303558	1.07837
18.1601	0.00303224	1.07837
18.1701	0.0030289	1.07838
18.1801	0.00302557	1.07838
18.1901	0.00302225	1.07838
18.2001	0.00301893	1.07839
18.2101	0.00301561	1.07839
18.2201	0.0030123	1.07839
18.2301	0.003009	1.0784
18.2401	0.0030057	1.0784
18.2501	0.00300241	1.0784
18.2601	0.00299912	1.07841
18.2701	0.00299584	1.07841
18.2801	0.00299256	1.07841
18.2901	0.00298929	1.07841
18.3001	0.00298602	1.07842
18.3101	0.00298276	1.07842
18.3201	0.00297951	1.07842
18.3301	0.00297626	1.07843
18.3401	0.00297301	1.07843
18.3501	0.00296977	1.07843
18.3601	0.00296654	1.07843
18.3701	0.00296331	1.07844
18.3801	0.00296009	1.07844
18.3901	0.00295687	1.07844
18.4001	0.00295365	1.07845
18.4101	0.00295045	1.07845
18.4201	0.00294724	1.07845
18.4301	0.00294405	1.07845
18.4401	0.00294085	1.07846
18.4501	0.00293767	1.07846
18.4601	0.00293449	1.07846
18.4701	0.00293131	1.07847
18.4801	0.00292814	1.07847
18.4901	0.00292497	1.07847
18.5001	0.00292181	1.07848
18.5101	0.00291865	1.07848
18.5201	0.0029155	1.07848
18.5301	0.00291236	1.07848
18.5401	0.00290922	1.07849
18.5501	0.00290608	1.07849
18.5601	0.00290295	1.07849
18.5701	0.00289982	1.0785
18.5801	0.0028967	1.0785
18.5901	0.00289359	1.0785
18.6001	0.00289048	1.0785
18.6101	0.00288737	1.07851
18.6201	0.00288427	1.07851
18.6301	0.00288117	1.07851
18.6401	0.00287808	1.07852
18.6501	0.002875	1.07852
18.6601	0.00287192	1.07852
18.6701	0.00286884	1.07852
18.6801	0.00286577	1.07853
18.6901	0.00286271	1.07853
18.7001	0.00285965	1.07853
18.7101	0.00285659	1.07854
18.7201	0.00285354	1.07854
18.7301	0.00285049	1.07854
18.7401	0.00284745	1.07854
18.7501	0.00284441	1.07855
18.7601	0.00284138	1.07855
18.7701	0.00283836	1.07855
18.7801	0.00283533	1.07855
18.7901	0.00283232	1.07856
18.8001	0.0028293	1.07856
18.8101	0.0028263	1.07856
18.8201	0.00282329	1.07857
18.8301	0.0028203	1.07857
18.8401	0.0028173	1.07857
18.8501	0.00281431	1.07857
18.8601	0.00281133	1.07858
18.8701	0.00280835	1.07858
18.8801	0.00280538	1.07858
18.8901	0.00280241	1.07858
18.9001	0.00279944	1.07859
18.9101	0.00279648	1.07859
18.9201	0.00279353	1.07859
18.9301	0.00279058	1.0786
18.9401	0.00278763	1.0786
18.9501	0.00278469	1.0786
18.9601	0.00278175	1.0786
18.9701	0.00277882	1.07861
18.9801	0.00277589	1.07861
18.9901	0.00277297	1.07861
19.0001	0.00277005	1.07862
19.0101	0.00276714	1.07862
19.0201	0.00276423	1.07862
19.0301	0.00276133	1.07862
19.0401	0.00275843	1.07863
19.0501	0.00275553	1.07863
19.0601	0.00275264	1.07863
19.0701	0.00274976	1.07863
19.0801	0.00274687	1.07864
19.0901	0.002744	1.07864
19.1001	0.00274112	1.07864
19.1101	0.00273826	1.07864
19.1201	0.00273539	1.07865
19.1301	0.00273253	1.07865
19.1401	0.00272968	1.07865
19.1501	0.00272683	1.07865
19.1601	0.00272398	1.07866
19.1701	0.00272114	1.07866
19.1801	0.00271831	1.07866
19.1901	0.00271547	1.07867
19.2001	0.00271265	1.07867
19.2101	0.00270982	1.07867
19.2201	0.002707	1.07867
19.2301	0.00270419	1.07868
19.2401	0.00270138	1.07868
19.2501	0.00269857	1.07868
19.2601	0.00269577	1.07868
19.2701	0.00269297	1.07869
19.2801	0.00269018	1.07869
19.2901	0.00268739	1.07869
19.3001	0.00268461	1.07869
19.3101	0.00268183	1.0787
19.3201	0.00267905	1.0787
19.3301	0.00267628	1.0787
19.3401	0.00267351	1.0787
19.3501	0.00267075	1.07871
19.3601	0.00266799	1.07871
19.3701	0.00266524	1.07871
19.3801	0.00266249	1.07871
19.3901	0.00265974	1.07872
19.4001	0.002657	1.07872
19.4101	0.00265427	1.07872
19.4201	0.00265153	1.07872
19.4301	0.0026488	1.07873
19.4401	0.00264608	1.07873
19.4501	0.00264336	1.07873
19.4601	0.00264064	1.07873
19.4701	0.00263793	1.07874
19.4801	0.00263522	1.07874
19.4901	0.00263252	1.07874
19.5001	0.00262982	1.07874
19.5101	0.00262713	1.07875
19.5201	0.00262444	1.07875
19.5301	0.00262175	1.07875
19.5401	0.00261907	1.07875
19.5501	0.00261639	1.07876
19.5601	0.00261371	1.07876
19.5701	0.00261104	1.07876
19.5801	0.00260838	1.07876
19.5901	0.00260571	1.07877
19.6001	0.00260306	1.07877
19.6101	0.0026004	1.07877
19.6201	0.00259775	1.07877
19.6301	0.00259511	1.07878
19.6401	0.00259246	1.07878
19.6501	0.00258983	1.07878
19.6601	0.00258719	1.07878
19.6701	0.00258456	1.07878
19.6801	0.00258194	1.07879
19.6901	0.00257931	1.07879
19.7001	0.0025767	1.07879
19.7101	0.00257408	1.07879
19.7201	0.00257147	1.0788
19.7301	0.00256887	1.0788
19.7401	0.00256626	1.0788
19.7501	0.00256367	1.0788
19.7601	0.00256107	1.07881
19.7701	0.00255848	1.07881
19.7801	0.0025559	1.07881
19.7901	0.00255331	1.07881
19.8001	0.00255073	1.07882
19.8101	0.00254816	1.07882
19.8201	0.00254559	1.07882
19.8301	0.00254302	1.07882
19.8401	0.00254046	1.07883
19.8501	0.0025379	1.07883
19.8601	0.00253535	1.07883
19.8701	0.00253279	1.07883
19.8801	0.00253025	1.07883
19.8901	0.0025277	1.07884
19.9001	0.00252516	1.07884
19.9101	0.00252263	1.07884
19.9201	0.0025201	1.07884
19.9301	0.00251757	1.07885
19.9401	0.00251504	1.07885
19.9501	0.00251252	1.07885
19.9601	0.00251	1.07885
19.9701	0.00250749	1.07886
19.9801	0.00250498	1.07886
19.9901	0.00250248	1.07886
