0.0001	1e+008	0
0.0101	9802.96	0
0.0201	2475.19	0
0.0301	1103.74	0
0.0401	621.887	0
0.0501	398.405	0
0.0601	276.854	0
0.0701	203.5	0
0.0801	155.86	0
0.0901	123.183	0
0.1001	99.8003	0
0.1101	82.4946	0
0.1201	69.3288	0
0.1301	59.0807	0
0.1401	50.9476	0
0.1501	44.3852	0
0.1601	39.0137	0
0.1701	34.5614	0
0.1801	30.8299	0
0.1901	27.6717	0
0.2001	24.975	0
0.2101	22.6542	0
0.2201	20.6424	0
0.2301	18.8872	0
0.2401	17.3467	0
0.2501	15.9872	0
0.2601	14.7815	0
0.2701	13.7073	0
0.2801	12.746	0
0.2901	11.8824	0
0.3001	11.1037	0
0.3101	10.3991	0
0.3201	9.75952	0
0.3301	9.17717	0
0.3401	8.64543	0
0.3501	8.1586	0
0.3601	7.71176	0
0.3701	7.30066	0
0.3801	6.92156	0
0.3901	6.57125	0
0.4001	6.24688	0
0.4101	5.94594	0
0.4201	5.66624	0
0.4301	5.40581	0
0.4401	5.16294	0
0.4501	4.93608	0
0.4601	4.72384	0
0.4701	4.52501	0
0.4801	4.33847	0
0.4901	4.16323	0
0.5001	3.9984	0.00035421
0.5101	3.84317	0.000571857
0.5201	3.6968	0.000826344
0.5301	3.55864	0.00112974
0.5401	3.42809	0.00179911
0.5501	3.30458	0.00231031
0.5601	3.18764	0.00280608
0.5701	3.07679	0.00348802
0.5801	2.97163	0.00405295
0.5901	2.87176	0.00491977
0.6001	2.77685	0.00576094
0.6101	2.68657	0.00663229
0.6201	2.60062	0.00747632
0.6301	2.51873	0.0085091
0.6401	2.44064	0.00984029
0.6501	2.36614	0.0109627
0.6601	2.29499	0.0119895
0.6701	2.227	0.0131387
0.6801	2.16199	0.0145098
0.6901	2.09979	0.0160775
0.7001	2.04023	0.0175576
0.7101	1.98317	0.0191125
0.7201	1.92848	0.0208899
0.7301	1.87601	0.0225106
0.7401	1.82566	0.0243115
0.7501	1.7773	0.0262026
0.7601	1.73085	0.02807
0.7701	1.68619	0.0301332
0.7801	1.64323	0.0318015
0.7901	1.6019	0.0337992
0.8001	1.56211	0.03574
0.8101	1.52378	0.0382186
0.8201	1.48685	0.0404963
0.8301	1.45124	0.0428052
0.8401	1.4169	0.0456127
0.8501	1.38376	0.048234
0.8601	1.35177	0.0507934
0.8701	1.32087	0.0534964
0.8801	1.29103	0.056237
0.8901	1.26218	0.0590263
0.9001	1.23429	0.0620992
0.9101	1.20732	0.0651489
0.9201	1.18122	0.0681032
0.9301	1.15595	0.0711397
0.9401	1.13149	0.0743362
0.9501	1.1078	0.0773417
0.9601	1.08484	0.0810059
0.9701	1.06259	0.0845505
0.9801	1.04102	0.088095
0.9901	1.0201	0.0918343
1.0001	0.9998	0.095712
1.0101	0.980102	0.0996468
1.0201	0.96098	0.10334
1.0301	0.942413	0.107015
1.0401	0.924378	0.110686
1.0501	0.906857	0.114715
1.0601	0.889829	0.118465
1.0701	0.873275	0.122691
1.0801	0.85718	0.126579
1.0901	0.841526	0.130756
1.1001	0.826296	0.135144
1.1101	0.811476	0.139533
1.1201	0.797052	0.143757
1.1301	0.783008	0.148031
1.1401	0.769333	0.152666
1.1501	0.756012	0.157024
1.1601	0.743035	0.160741
1.1701	0.730389	0.165162
1.1801	0.718063	0.170121
1.1901	0.706046	0.174377
1.2001	0.694329	0.179175
1.2101	0.682901	0.184183
1.2201	0.671752	0.188967
1.2301	0.660875	0.193764
1.2401	0.650259	0.198632
1.2501	0.639898	0.203633
1.2601	0.629782	0.208801
1.2701	0.619904	0.213782
1.2801	0.610256	0.219143
1.2901	0.600832	0.224653
1.3001	0.591625	0.229796
1.3101	0.582628	0.235206
1.3201	0.573834	0.240229
1.3301	0.565238	0.246068
1.3401	0.556834	0.251393
1.3501	0.548616	0.256897
1.3601	0.540578	0.262668
1.3701	0.532716	0.268268
1.3801	0.525024	0.274212
1.3901	0.517497	0.280598
1.4001	0.510131	0.28592
1.4101	0.502921	0.292437
1.4201	0.495864	0.298605
1.4301	0.488953	0.304888
1.4401	0.482186	0.311367
1.4501	0.475559	0.317914
1.4601	0.469067	0.324817
1.4701	0.462707	0.330661
1.4801	0.456476	0.336386
1.4901	0.45037	0.34338
1.5001	0.444385	0.350174
1.5101	0.438519	0.358325
1.5201	0.432769	0.364688
1.5301	0.42713	0.372013
1.5401	0.421602	0.379421
1.5501	0.416179	0.385736
1.5601	0.410861	0.391757
1.5701	0.405644	0.39883
1.5801	0.400526	0.407511
1.5901	0.395504	0.417241
1.6001	0.390576	0.424624
1.6101	0.38574	0.435084
1.6201	0.380992	0.443179
1.6301	0.376332	0.451574
1.6401	0.371757	0.460844
1.6501	0.367265	0.468772
1.6601	0.362854	0.479257
1.6701	0.358521	0.48839
1.6801	0.354266	0.497531
1.6901	0.350086	0.507755
1.7001	0.34598	0.51649
1.7101	0.341946	0.533311
1.7201	0.337981	0.543642
1.7301	0.334085	0.55204
1.7401	0.330257	0.566199
1.7501	0.326493	0.577914
1.7601	0.322794	0.594436
1.7701	0.319157	0.605328
1.7801	0.315581	0.616362
1.7901	0.312065	0.624526
1.8001	0.308608	0.638565
1.8101	0.305207	0.652138
1.8201	0.301863	0.663542
1.8301	0.298573	0.677356
1.8401	0.295337	0.687898
1.8501	0.292152	0.69761
1.8601	0.28902	0.706604
1.8701	0.285937	0.717416
1.8801	0.282903	0.725139
1.8901	0.279918	0.734832
1.9001	0.276979	0.741283
1.9101	0.274087	0.748586
1.9201	0.271239	0.755941
1.9301	0.268436	0.761761
1.9401	0.265676	0.767715
1.9501	0.262958	0.774009
1.9601	0.260282	0.780377
1.9701	0.257646	0.785265
1.9801	0.25505	0.789858
1.9901	0.252493	0.794669
2.0001	0.249975	0.800007
2.0101	0.247494	0.804644
2.0201	0.24505	0.808801
2.0301	0.242642	0.813003
2.0401	0.240269	0.817289
2.0501	0.23793	0.821398
2.0601	0.235626	0.825415
2.0701	0.233355	0.82963
2.0801	0.231117	0.833101
2.0901	0.228911	0.836384
2.1001	0.226736	0.839939
2.1101	0.224592	0.844099
2.1201	0.222478	0.8478
2.1301	0.220394	0.850867
2.1401	0.218339	0.854422
2.1501	0.216313	0.857681
2.1601	0.214315	0.860623
2.1701	0.212344	0.863605
2.1801	0.210401	0.866537
2.1901	0.208484	0.869316
2.2001	0.206593	0.872225
2.2101	0.204727	0.874862
2.2201	0.202887	0.877417
2.2301	0.201072	0.879922
2.2401	0.199281	0.882316
2.2501	0.197513	0.884888
2.2601	0.195769	0.887342
2.2701	0.194048	0.890033
2.2801	0.19235	0.892585
2.2901	0.190674	0.894711
2.3001	0.189019	0.896863
2.3101	0.187387	0.898921
2.3201	0.185775	0.901175
2.3301	0.184184	0.903258
2.3401	0.182613	0.905602
2.3501	0.181062	0.907903
2.3601	0.179531	0.909871
2.3701	0.178019	0.911902
2.3801	0.176526	0.913898
2.3901	0.175052	0.915795
2.4001	0.173597	0.917666
2.4101	0.172159	0.919596
2.4201	0.170739	0.921492
2.4301	0.169337	0.923347
2.4401	0.167952	0.925219
2.4501	0.166584	0.926925
2.4601	0.165232	0.928749
2.4701	0.163897	0.930471
2.4801	0.162578	0.932033
2.4901	0.161275	0.933557
2.5001	0.159987	0.935378
2.5101	0.158715	0.936845
2.5201	0.157458	0.938354
2.5301	0.156216	0.939944
2.5401	0.154988	0.941392
2.5501	0.153775	0.942965
2.5601	0.152576	0.944422
2.5701	0.151391	0.945976
2.5801	0.15022	0.947275
2.5901	0.149062	0.948523
2.6001	0.147918	0.949814
2.6101	0.146786	0.951129
2.6201	0.145668	0.952462
2.6301	0.144562	0.953836
2.6401	0.143469	0.955094
2.6501	0.142389	0.956259
2.6601	0.14132	0.957444
2.6701	0.140264	0.958668
2.6801	0.139219	0.959794
2.6901	0.138186	0.961031
2.7001	0.137164	0.962054
2.7101	0.136154	0.963261
2.7201	0.135154	0.964389
2.7301	0.134166	0.965526
2.7401	0.133189	0.96679
2.7501	0.132222	0.967877
2.7601	0.131265	0.968922
2.7701	0.130319	0.969964
2.7801	0.129384	0.970947
2.7901	0.128458	0.972135
2.8001	0.127542	0.973062
2.8101	0.126636	0.974122
2.8201	0.125739	0.975062
2.8301	0.124852	0.975994
2.8401	0.123975	0.97687
2.8501	0.123106	0.977743
2.8601	0.122247	0.978667
2.8701	0.121396	0.979533
2.8801	0.120555	0.980364
2.8901	0.119722	0.981333
2.9001	0.118898	0.982222
2.9101	0.118082	0.983117
2.9201	0.117275	0.984005
2.9301	0.116476	0.984768
2.9401	0.115685	0.985613
2.9501	0.114902	0.986459
2.9601	0.114127	0.987347
2.9701	0.113359	0.988164
2.9801	0.1126	0.988899
2.9901	0.111848	0.98974
3.0001	0.111104	0.99057
3.0101	0.110367	0.99138
3.0201	0.109637	0.992158
3.0301	0.108915	0.99293
3.0401	0.108199	0.993672
3.0501	0.107491	0.994373
3.0601	0.10679	0.995134
3.0701	0.106095	0.995904
3.0801	0.105407	0.996564
3.0901	0.104726	0.997243
3.1001	0.104052	0.997969
3.1101	0.103384	0.998651
3.1201	0.102722	0.999332
3.1301	0.102067	0.999958
3.1401	0.101418	1.00062
3.1501	0.100775	1.00125
3.1601	0.100138	1.00189
3.1701	0.0995071	1.00252
3.1801	0.0988823	1.00317
3.1901	0.0982633	1.00377
3.2001	0.0976501	1.00443
3.2101	0.0970427	1.00508
3.2201	0.0964409	1.00576
3.2301	0.0958447	1.00641
3.2401	0.095254	1.00701
3.2501	0.0946687	1.00755
3.2601	0.0940888	1.00814
3.2701	0.0935143	1.00872
3.2801	0.092945	1.0093
3.2901	0.0923808	1.00985
3.3001	0.0918218	1.01036
3.3101	0.0912678	1.01092
3.3201	0.0907189	1.01145
3.3301	0.0901749	1.01197
3.3401	0.0896357	1.01248
3.3501	0.0891014	1.01299
3.3601	0.0885718	1.01351
3.3701	0.088047	1.01402
3.3801	0.0875268	1.01451
3.3901	0.0870112	1.01503
3.4001	0.0865001	1.01553
3.4101	0.0859935	1.01601
3.4201	0.0854914	1.0165
3.4301	0.0849936	1.01697
3.4401	0.0845002	1.01746
3.4501	0.0840111	1.01794
3.4601	0.0835262	1.0184
3.4701	0.0830455	1.01886
3.4801	0.0825689	1.01935
3.4901	0.0820964	1.01984
3.5001	0.081628	1.02027
3.5101	0.0811635	1.02072
3.5201	0.0807031	1.02116
3.5301	0.0802465	1.02163
3.5401	0.0797938	1.02207
3.5501	0.0793449	1.02252
3.5601	0.0788997	1.02297
3.5701	0.0784584	1.02338
3.5801	0.0780207	1.02381
3.5901	0.0775866	1.02423
3.6001	0.0771562	1.02466
3.6101	0.0767294	1.0251
3.6201	0.076306	1.02548
3.6301	0.0758862	1.02589
3.6401	0.0754698	1.0263
3.6501	0.0750569	1.02669
3.6601	0.0746473	1.02707
3.6701	0.0742411	1.02749
3.6801	0.0738381	1.02785
3.6901	0.0734385	1.02823
3.7001	0.0730421	1.02862
3.7101	0.0726489	1.02898
3.7201	0.0722588	1.02934
3.7301	0.0718719	1.02971
3.7401	0.0714881	1.0301
3.7501	0.0711073	1.03048
3.7601	0.0707296	1.03085
3.7701	0.0703549	1.03122
3.7801	0.0699831	1.03161
3.7901	0.0696143	1.03196
3.8001	0.0692484	1.03232
3.8101	0.0688854	1.03268
3.8201	0.0685252	1.03303
3.8301	0.0681679	1.03335
3.8401	0.0678133	1.03369
3.8501	0.0674615	1.03404
3.8601	0.0671124	1.03437
3.8701	0.066766	1.03471
3.8801	0.0664223	1.03502
3.8901	0.0660813	1.03534
3.9001	0.0657428	1.03565
3.9101	0.065407	1.03596
3.9201	0.0650737	1.03627
3.9301	0.064743	1.03658
3.9401	0.0644148	1.03687
3.9501	0.064089	1.03717
3.9601	0.0637658	1.03746
3.9701	0.063445	1.03778
3.9801	0.0631265	1.03806
3.9901	0.0628105	1.03834
4.0001	0.0624969	1.03867
4.0101	0.0621856	1.03895
4.0201	0.0618766	1.03924
4.0301	0.0615699	1.03953
4.0401	0.0612655	1.03982
4.0501	0.0609633	1.0401
4.0601	0.0606634	1.04036
4.0701	0.0603656	1.04063
4.0801	0.0600701	1.0409
4.0901	0.0597767	1.04117
4.1001	0.0594855	1.04144
4.1101	0.0591964	1.0417
4.1201	0.0589094	1.04196
4.1301	0.0586245	1.04223
4.1401	0.0583416	1.04249
4.1501	0.0580608	1.04274
4.1601	0.057782	1.04299
4.1701	0.0575052	1.04326
4.1801	0.0572304	1.04352
4.1901	0.0569575	1.04376
4.2001	0.0566866	1.04401
4.2101	0.0564177	1.04426
4.2201	0.0561506	1.04451
4.2301	0.0558854	1.04473
4.2401	0.0556222	1.04499
4.2501	0.0553607	1.04522
4.2601	0.0551011	1.04546
4.2701	0.0548433	1.04571
4.2801	0.0545874	1.04593
4.2901	0.0543332	1.04616
4.3001	0.0540808	1.04638
4.3101	0.0538301	1.0466
4.3201	0.0535812	1.04684
4.3301	0.053334	1.04707
4.3401	0.0530885	1.04731
4.3501	0.0528447	1.04752
4.3601	0.0526026	1.04775
4.3701	0.0523621	1.04797
4.3801	0.0521233	1.04818
4.3901	0.0518861	1.0484
4.4001	0.0516505	1.04862
4.4101	0.0514166	1.04883
4.4201	0.0511842	1.04904
4.4301	0.0509534	1.04923
4.4401	0.0507241	1.04945
4.4501	0.0504964	1.04964
4.4601	0.0502702	1.04984
4.4701	0.0500456	1.05006
4.4801	0.0498224	1.05026
4.4901	0.0496007	1.05046
4.5001	0.0493805	1.05067
4.5101	0.0491618	1.05087
4.5201	0.0489445	1.05106
4.5301	0.0487287	1.05124
4.5401	0.0485142	1.05143
4.5501	0.0483012	1.05162
4.5601	0.0480896	1.05182
4.5701	0.0478794	1.05201
4.5801	0.0476705	1.05221
4.5901	0.0474631	1.05239
4.6001	0.0472569	1.05257
4.6101	0.0470521	1.05275
4.6201	0.0468487	1.05293
4.6301	0.0466465	1.05311
4.6401	0.0464457	1.0533
4.6501	0.0462461	1.05347
4.6601	0.0460479	1.05365
4.6701	0.0458509	1.05382
4.6801	0.0456551	1.05399
4.6901	0.0454607	1.05417
4.7001	0.0452674	1.05433
4.7101	0.0450754	1.05451
4.7201	0.0448846	1.05467
4.7301	0.044695	1.05484
4.7401	0.0445067	1.05501
4.7501	0.0443195	1.05519
4.7601	0.0441334	1.05535
4.7701	0.0439486	1.05552
4.7801	0.0437649	1.05569
4.7901	0.0435824	1.05584
4.8001	0.043401	1.05601
4.8101	0.0432207	1.05616
4.8201	0.0430416	1.05632
4.8301	0.0428635	1.05648
4.8401	0.0426866	1.05664
4.8501	0.0425107	1.05679
4.8601	0.042336	1.05695
4.8701	0.0421623	1.05711
4.8801	0.0419897	1.05727
4.8901	0.0418181	1.05742
4.9001	0.0416476	1.05758
4.9101	0.0414781	1.05772
4.9201	0.0413097	1.05787
4.9301	0.0411423	1.05803
4.9401	0.0409759	1.05817
4.9501	0.0408105	1.05832
4.9601	0.0406461	1.05846
4.9701	0.0404827	1.05862
4.9801	0.0403203	1.05877
4.9901	0.0401589	1.05891
5.0001	0.0399984	1.05905
5.0101	0.0398389	1.05919
5.0201	0.0396803	1.05933
5.0301	0.0395227	1.05948
5.0401	0.039366	1.05961
5.0501	0.0392103	1.05975
5.0601	0.0390555	1.05989
5.0701	0.0389016	1.06003
5.0801	0.0387486	1.06016
5.0901	0.0385965	1.0603
5.1001	0.0384452	1.06044
5.1101	0.0382949	1.06057
5.1201	0.0381455	1.06071
5.1301	0.0379969	1.06084
5.1401	0.0378492	1.06097
5.1501	0.0377024	1.06109
5.1601	0.0375564	1.06123
5.1701	0.0374112	1.06135
5.1801	0.0372669	1.06148
5.1901	0.0371235	1.06161
5.2001	0.0369808	1.06174
5.2101	0.036839	1.06186
5.2201	0.036698	1.06198
5.2301	0.0365578	1.06211
5.2401	0.0364184	1.06223
5.2501	0.0362798	1.06235
5.2601	0.036142	1.06248
5.2701	0.036005	1.06259
5.2801	0.0358687	1.06272
5.2901	0.0357332	1.06285
5.3001	0.0355985	1.06297
5.3101	0.0354646	1.06309
5.3201	0.0353314	1.06321
5.3301	0.0351989	1.06333
5.3401	0.0350672	1.06345
5.3501	0.0349362	1.06356
5.3601	0.034806	1.06367
5.3701	0.0346765	1.06378
5.3801	0.0345477	1.0639
5.3901	0.0344196	1.064
5.4001	0.0342923	1.06412
5.4101	0.0341656	1.06422
5.4201	0.0340397	1.06434
5.4301	0.0339144	1.06443
5.4401	0.0337898	1.06454
5.4501	0.033666	1.06465
5.4601	0.0335428	1.06475
5.4701	0.0334202	1.06486
5.4801	0.0332984	1.06496
5.4901	0.0331772	1.06507
5.5001	0.0330566	1.06518
5.5101	0.0329368	1.06528
5.5201	0.0328175	1.06538
5.5301	0.032699	1.06548
5.5401	0.032581	1.06558
5.5501	0.0324637	1.06568
5.5601	0.0323471	1.06578
5.5701	0.032231	1.06588
5.5801	0.0321156	1.06598
5.5901	0.0320008	1.06608
5.6001	0.0318866	1.06618
5.6101	0.031773	1.06627
5.6201	0.0316601	1.06637
5.6301	0.0315477	1.06647
5.6401	0.0314359	1.06657
5.6501	0.0313248	1.06666
5.6601	0.0312142	1.06676
5.6701	0.0311042	1.06686
5.6801	0.0309947	1.06695
5.6901	0.0308859	1.06704
5.7001	0.0307776	1.06713
5.7101	0.0306699	1.06723
5.7201	0.0305628	1.06732
5.7301	0.0304562	1.0674
5.7401	0.0303502	1.06749
5.7501	0.0302447	1.06759
5.7601	0.0301398	1.06768
5.7701	0.0300354	1.06777
5.7801	0.0299316	1.06787
5.7901	0.0298283	1.06797
5.8001	0.0297255	1.06806
5.8101	0.0296233	1.06815
5.8201	0.0295215	1.06824
5.8301	0.0294204	1.06833
5.8401	0.0293197	1.06842
5.8501	0.0292195	1.06851
5.8601	0.0291199	1.06859
5.8701	0.0290208	1.06868
5.8801	0.0289222	1.06877
5.8901	0.028824	1.06886
5.9001	0.0287264	1.06894
5.9101	0.0286293	1.06903
5.9201	0.0285326	1.06911
5.9301	0.0284365	1.06919
5.9401	0.0283408	1.06928
5.9501	0.0282456	1.06937
5.9601	0.0281509	1.06946
5.9701	0.0280567	1.06954
5.9801	0.027963	1.06963
5.9901	0.0278697	1.06971
6.0001	0.0277769	1.06979
6.0101	0.0276845	1.06987
6.0201	0.0275926	1.06995
6.0301	0.0275012	1.07003
6.0401	0.0274102	1.07011
6.0501	0.0273196	1.07018
6.0601	0.0272295	1.07026
6.0701	0.0271399	1.07033
6.0801	0.0270507	1.07041
6.0901	0.0269619	1.07049
6.1001	0.0268736	1.07057
6.1101	0.0267857	1.07065
6.1201	0.0266983	1.07072
6.1301	0.0266112	1.0708
6.1401	0.0265246	1.07087
6.1501	0.0264384	1.07095
6.1601	0.0263527	1.07103
6.1701	0.0262673	1.07111
6.1801	0.0261824	1.07118
6.1901	0.0260978	1.07125
6.2001	0.0260137	1.07133
6.2101	0.02593	1.0714
6.2201	0.0258467	1.07147
6.2301	0.0257638	1.07154
6.2401	0.0256813	1.07162
6.2501	0.0255992	1.07169
6.2601	0.0255175	1.07177
6.2701	0.0254361	1.07184
6.2801	0.0253552	1.07191
6.2901	0.0252746	1.07198
6.3001	0.0251945	1.07205
6.3101	0.0251147	1.07212
6.3201	0.0250353	1.07219
6.3301	0.0249562	1.07226
6.3401	0.0248776	1.07233
6.3501	0.0247993	1.0724
6.3601	0.0247213	1.07247
6.3701	0.0246438	1.07253
6.3801	0.0245666	1.0726
6.3901	0.0244898	1.07266
6.4001	0.0244133	1.07273
6.4101	0.0243372	1.0728
6.4201	0.0242614	1.07286
6.4301	0.024186	1.07293
6.4401	0.024111	1.07299
6.4501	0.0240363	1.07306
6.4601	0.0239619	1.07312
6.4701	0.0238879	1.07319
6.4801	0.0238142	1.07325
6.4901	0.0237409	1.07332
6.5001	0.0236679	1.07338
6.5101	0.0235953	1.07344
6.5201	0.0235229	1.0735
6.5301	0.0234509	1.07356
6.5401	0.0233793	1.07363
6.5501	0.023308	1.0737
6.5601	0.0232369	1.07376
6.5701	0.0231663	1.07382
6.5801	0.0230959	1.07388
6.5901	0.0230259	1.07395
6.6001	0.0229561	1.07401
6.6101	0.0228867	1.07407
6.6201	0.0228176	1.07413
6.6301	0.0227489	1.07419
6.6401	0.0226804	1.07425
6.6501	0.0226122	1.07431
6.6601	0.0225444	1.07437
6.6701	0.0224768	1.07442
6.6801	0.0224096	1.07449
6.6901	0.0223427	1.07455
6.7001	0.022276	1.0746
6.7101	0.0222097	1.07467
6.7201	0.0221436	1.07472
6.7301	0.0220779	1.07478
6.7401	0.0220124	1.07484
6.7501	0.0219472	1.07489
6.7601	0.0218823	1.07495
6.7701	0.0218177	1.07501
6.7801	0.0217534	1.07506
6.7901	0.0216894	1.07512
6.8001	0.0216257	1.07518
6.8101	0.0215622	1.07523
6.8201	0.021499	1.07528
6.8301	0.0214361	1.07534
6.8401	0.0213735	1.07539
6.8501	0.0213111	1.07545
6.8601	0.021249	1.0755
6.8701	0.0211872	1.07555
6.8801	0.0211257	1.07561
6.8901	0.0210644	1.07567
6.9001	0.0210034	1.07572
6.9101	0.0209426	1.07577
6.9201	0.0208822	1.07583
6.9301	0.0208219	1.07588
6.9401	0.020762	1.07593
6.9501	0.0207023	1.07598
6.9601	0.0206428	1.07603
6.9701	0.0205836	1.07608
6.9801	0.0205247	1.07613
6.9901	0.020466	1.07618
7.0001	0.0204076	1.07623
7.0101	0.0203494	1.07628
7.0201	0.0202915	1.07633
7.0301	0.0202338	1.07638
7.0401	0.0201763	1.07643
7.0501	0.0201191	1.07648
7.0601	0.0200622	1.07652
7.0701	0.0200055	1.07657
7.0801	0.019949	1.07662
7.0901	0.0198928	1.07667
7.1001	0.0198368	1.07672
7.1101	0.019781	1.07677
7.1201	0.0197255	1.07682
7.1301	0.0196702	1.07687
7.1401	0.0196151	1.07691
7.1501	0.0195603	1.07696
7.1601	0.0195057	1.07701
7.1701	0.0194513	1.07706
7.1801	0.0193972	1.0771
7.1901	0.0193433	1.07715
7.2001	0.0192896	1.0772
7.2101	0.0192361	1.07725
7.2201	0.0191829	1.07729
7.2301	0.0191298	1.07734
7.2401	0.019077	1.07738
7.2501	0.0190244	1.07743
7.2601	0.0189721	1.07747
7.2701	0.0189199	1.07752
7.2801	0.018868	1.07756
7.2901	0.0188162	1.07761
7.3001	0.0187647	1.07765
7.3101	0.0187134	1.0777
7.3201	0.0186623	1.07774
7.3301	0.0186114	1.07778
7.3401	0.0185608	1.07783
7.3501	0.0185103	1.07787
7.3601	0.01846	1.07792
7.3701	0.01841	1.07796
7.3801	0.0183601	1.078
7.3901	0.0183105	1.07804
7.4001	0.018261	1.07809
7.4101	0.0182118	1.07813
7.4201	0.0181627	1.07818
7.4301	0.0181138	1.07822
7.4401	0.0180652	1.07826
7.4501	0.0180167	1.07831
7.4601	0.0179685	1.07835
7.4701	0.0179204	1.07839
7.4801	0.0178725	1.07844
7.4901	0.0178248	1.07848
7.5001	0.0177773	1.07852
7.5101	0.01773	1.07857
7.5201	0.0176829	1.07861
7.5301	0.0176359	1.07864
7.5401	0.0175892	1.07868
7.5501	0.0175426	1.07872
7.5601	0.0174962	1.07876
7.5701	0.0174501	1.0788
7.5801	0.017404	1.07884
7.5901	0.0173582	1.07888
7.6001	0.0173126	1.07892
7.6101	0.0172671	1.07896
7.6201	0.0172218	1.079
7.6301	0.0171767	1.07904
7.6401	0.0171318	1.07908
7.6501	0.017087	1.07912
7.6601	0.0170424	1.07916
7.6701	0.016998	1.0792
7.6801	0.0169538	1.07924
7.6901	0.0169097	1.07928
7.7001	0.0168658	1.07932
7.7101	0.0168221	1.07935
7.7201	0.0167785	1.07939
7.7301	0.0167352	1.07943
7.7401	0.0166919	1.07947
7.7501	0.0166489	1.07951
7.7601	0.016606	1.07955
7.7701	0.0165633	1.07959
7.7801	0.0165207	1.07962
7.7901	0.0164784	1.07966
7.8001	0.0164361	1.0797
7.8101	0.0163941	1.07974
7.8201	0.0163522	1.07977
7.8301	0.0163104	1.07981
7.8401	0.0162688	1.07985
7.8501	0.0162274	1.07988
7.8601	0.0161862	1.07992
7.8701	0.0161451	1.07996
7.8801	0.0161041	1.07999
7.8901	0.0160633	1.08003
7.9001	0.0160227	1.08007
7.9101	0.0159822	1.0801
7.9201	0.0159418	1.08014
7.9301	0.0159017	1.08018
7.9401	0.0158616	1.08021
7.9501	0.0158218	1.08024
7.9601	0.015782	1.08028
7.9701	0.0157425	1.08031
7.9801	0.015703	1.08034
7.9901	0.0156637	1.08038
8.0001	0.0156246	1.08041
8.0101	0.0155856	1.08045
8.0201	0.0155468	1.08048
8.0301	0.0155081	1.08052
8.0401	0.0154695	1.08055
8.0501	0.0154311	1.08059
8.0601	0.0153929	1.08062
8.0701	0.0153547	1.08065
8.0801	0.0153167	1.08068
8.0901	0.0152789	1.08071
8.1001	0.0152412	1.08075
8.1101	0.0152036	1.08078
8.1201	0.0151662	1.08081
8.1301	0.0151289	1.08084
8.1401	0.0150918	1.08088
8.1501	0.0150548	1.08091
8.1601	0.0150179	1.08094
8.1701	0.0149812	1.08097
8.1801	0.0149445	1.08101
8.1901	0.0149081	1.08104
8.2001	0.0148717	1.08107
8.2101	0.0148355	1.0811
8.2201	0.0147995	1.08114
8.2301	0.0147635	1.08117
8.2401	0.0147277	1.0812
8.2501	0.014692	1.08123
8.2601	0.0146565	1.08126
8.2701	0.014621	1.08129
8.2801	0.0145858	1.08132
8.2901	0.0145506	1.08135
8.3001	0.0145155	1.08138
8.3101	0.0144806	1.08141
8.3201	0.0144458	1.08144
8.3301	0.0144112	1.08147
8.3401	0.0143766	1.0815
8.3501	0.0143422	1.08153
8.3601	0.0143079	1.08156
8.3701	0.0142738	1.08159
8.3801	0.0142397	1.08162
8.3901	0.0142058	1.08165
8.4001	0.014172	1.08168
8.4101	0.0141383	1.08171
8.4201	0.0141048	1.08174
8.4301	0.0140713	1.08177
8.4401	0.014038	1.08179
8.4501	0.0140048	1.08182
8.4601	0.0139717	1.08185
8.4701	0.0139387	1.08188
8.4801	0.0139059	1.08191
8.4901	0.0138731	1.08194
8.5001	0.0138405	1.08197
8.5101	0.013808	1.082
8.5201	0.0137756	1.08202
8.5301	0.0137433	1.08205
8.5401	0.0137112	1.08208
8.5501	0.0136791	1.08211
8.5601	0.0136472	1.08213
8.5701	0.0136153	1.08216
8.5801	0.0135836	1.08219
8.5901	0.013552	1.08222
8.6001	0.0135205	1.08224
8.6101	0.0134891	1.08227
8.6201	0.0134578	1.0823
8.6301	0.0134267	1.08232
8.6401	0.0133956	1.08235
8.6501	0.0133647	1.08238
8.6601	0.0133338	1.08241
8.6701	0.0133031	1.08243
8.6801	0.0132724	1.08246
8.6901	0.0132419	1.08249
8.7001	0.0132115	1.08252
8.7101	0.0131812	1.08254
8.7201	0.0131509	1.08257
8.7301	0.0131208	1.0826
8.7401	0.0130908	1.08262
8.7501	0.0130609	1.08265
8.7601	0.0130311	1.08268
8.7701	0.0130014	1.0827
8.7801	0.0129718	1.08273
8.7901	0.0129423	1.08276
8.8001	0.0129129	1.08278
8.8101	0.0128836	1.08281
8.8201	0.0128544	1.08283
8.8301	0.0128253	1.08286
8.8401	0.0127963	1.08289
8.8501	0.0127674	1.08291
8.8601	0.0127386	1.08293
8.8701	0.0127099	1.08296
8.8801	0.0126813	1.08298
8.8901	0.0126528	1.08301
8.9001	0.0126244	1.08304
8.9101	0.0125961	1.08306
8.9201	0.0125678	1.08309
8.9301	0.0125397	1.08311
8.9401	0.0125117	1.08313
8.9501	0.0124837	1.08316
8.9601	0.0124559	1.08318
8.9701	0.0124281	1.08321
8.9801	0.0124005	1.08324
8.9901	0.0123729	1.08326
9.0001	0.0123454	1.08328
9.0101	0.012318	1.08331
9.0201	0.0122907	1.08333
9.0301	0.0122635	1.08335
9.0401	0.0122364	1.08338
9.0501	0.0122094	1.0834
9.0601	0.0121824	1.08342
9.0701	0.0121556	1.08345
9.0801	0.0121288	1.08347
9.0901	0.0121022	1.0835
9.1001	0.0120756	1.08352
9.1101	0.0120491	1.08354
9.1201	0.0120227	1.08357
9.1301	0.0119963	1.08359
9.1401	0.0119701	1.08361
9.1501	0.011944	1.08363
9.1601	0.0119179	1.08366
9.1701	0.0118919	1.08368
9.1801	0.011866	1.0837
9.1901	0.0118402	1.08373
9.2001	0.0118145	1.08375
9.2101	0.0117888	1.08377
9.2201	0.0117633	1.08379
9.2301	0.0117378	1.08381
9.2401	0.0117124	1.08384
9.2501	0.0116871	1.08386
9.2601	0.0116619	1.08388
9.2701	0.0116367	1.08391
9.2801	0.0116117	1.08393
9.2901	0.0115867	1.08395
9.3001	0.0115618	1.08397
9.3101	0.011537	1.084
9.3201	0.0115122	1.08402
9.3301	0.0114875	1.08404
9.3401	0.011463	1.08406
9.3501	0.0114385	1.08408
9.3601	0.011414	1.08411
9.3701	0.0113897	1.08413
9.3801	0.0113654	1.08415
9.3901	0.0113412	1.08417
9.4001	0.0113171	1.08419
9.4101	0.0112931	1.08421
9.4201	0.0112691	1.08424
9.4301	0.0112452	1.08425
9.4401	0.0112214	1.08427
9.4501	0.0111977	1.0843
9.4601	0.011174	1.08432
9.4701	0.0111504	1.08434
9.4801	0.0111269	1.08436
9.4901	0.0111035	1.08438
9.5001	0.0110801	1.0844
9.5101	0.0110568	1.08442
9.5201	0.0110336	1.08444
9.5301	0.0110105	1.08446
9.5401	0.0109874	1.08448
9.5501	0.0109644	1.0845
9.5601	0.0109415	1.08452
9.5701	0.0109186	1.08454
9.5801	0.0108958	1.08456
9.5901	0.0108731	1.08458
9.6001	0.0108505	1.0846
9.6101	0.0108279	1.08462
9.6201	0.0108054	1.08464
9.6301	0.010783	1.08466
9.6401	0.0107606	1.08468
9.6501	0.0107383	1.0847
9.6601	0.0107161	1.08472
9.6701	0.0106939	1.08474
9.6801	0.0106719	1.08476
9.6901	0.0106498	1.08478
9.7001	0.0106279	1.08479
9.7101	0.010606	1.08481
9.7201	0.0105842	1.08483
9.7301	0.0105625	1.08485
9.7401	0.0105408	1.08487
9.7501	0.0105192	1.08489
9.7601	0.0104976	1.08491
9.7701	0.0104762	1.08493
9.7801	0.0104547	1.08494
9.7901	0.0104334	1.08496
9.8001	0.0104121	1.08498
9.8101	0.0103909	1.085
9.8201	0.0103697	1.08502
9.8301	0.0103487	1.08504
9.8401	0.0103276	1.08505
9.8501	0.0103067	1.08507
9.8601	0.0102858	1.08509
9.8701	0.010265	1.08511
9.8801	0.0102442	1.08513
9.8901	0.0102235	1.08515
9.9001	0.0102028	1.08516
9.9101	0.0101823	1.08518
9.9201	0.0101617	1.0852
9.9301	0.0101413	1.08522
9.9401	0.0101209	1.08524
9.9501	0.0101006	1.08525
9.9601	0.0100803	1.08527
9.9701	0.0100601	1.08529
9.9801	0.0100399	1.08531
9.9901	0.0100198	1.08533
10.0001	0.0099998	1.08534
10.0101	0.00997983	1.08536
10.0201	0.00995992	1.08538
10.0301	0.00994007	1.0854
10.0401	0.00992028	1.08541
10.0501	0.00990055	1.08543
10.0601	0.00988087	1.08545
10.0701	0.00986126	1.08547
10.0801	0.0098417	1.08548
10.0901	0.00982221	1.0855
10.1001	0.00980277	1.08552
10.1101	0.00978338	1.08553
10.1201	0.00976406	1.08555
10.1301	0.00974479	1.08557
10.1401	0.00972558	1.08558
10.1501	0.00970643	1.0856
10.1601	0.00968733	1.08562
10.1701	0.00966829	1.08564
10.1801	0.0096493	1.08565
10.1901	0.00963037	1.08567
10.2001	0.0096115	1.08569
10.2101	0.00959268	1.0857
10.2201	0.00957392	1.08572
10.2301	0.00955521	1.08574
10.2401	0.00953656	1.08575
10.2501	0.00951796	1.08577
10.2601	0.00949941	1.08578
10.2701	0.00948092	1.0858
10.2801	0.00946249	1.08582
10.2901	0.00944411	1.08583
10.3001	0.00942578	1.08585
10.3101	0.0094075	1.08587
10.3201	0.00938928	1.08588
10.3301	0.00937111	1.0859
10.3401	0.00935299	1.08591
10.3501	0.00933493	1.08593
10.3601	0.00931691	1.08595
10.3701	0.00929895	1.08596
10.3801	0.00928105	1.08597
10.3901	0.00926319	1.08599
10.4001	0.00924538	1.08601
10.4101	0.00922763	1.08602
10.4201	0.00920993	1.08604
10.4301	0.00919228	1.08605
10.4401	0.00917467	1.08607
10.4501	0.00915712	1.08608
10.4601	0.00913962	1.0861
10.4701	0.00912217	1.08611
10.4801	0.00910477	1.08613
10.4901	0.00908742	1.08614
10.5001	0.00907012	1.08616
10.5101	0.00905287	1.08618
10.5201	0.00903567	1.08619
10.5301	0.00901851	1.08621
10.5401	0.00900141	1.08622
10.5501	0.00898435	1.08623
10.5601	0.00896735	1.08625
10.5701	0.00895039	1.08626
10.5801	0.00893348	1.08628
10.5901	0.00891661	1.08629
10.6001	0.0088998	1.08631
10.6101	0.00888303	1.08632
10.6201	0.00886631	1.08634
10.6301	0.00884963	1.08635
10.6401	0.00883301	1.08637
10.6501	0.00881643	1.08638
10.6601	0.00879989	1.0864
10.6701	0.00878341	1.08641
10.6801	0.00876697	1.08643
10.6901	0.00875057	1.08644
10.7001	0.00873422	1.08646
10.7101	0.00871792	1.08647
10.7201	0.00870166	1.08648
10.7301	0.00868545	1.0865
10.7401	0.00866929	1.08651
10.7501	0.00865317	1.08653
10.7601	0.00863709	1.08654
10.7701	0.00862106	1.08656
10.7801	0.00860507	1.08657
10.7901	0.00858913	1.08658
10.8001	0.00857323	1.0866
10.8101	0.00855738	1.08661
10.8201	0.00854157	1.08662
10.8301	0.0085258	1.08664
10.8401	0.00851008	1.08665
10.8501	0.0084944	1.08666
10.8601	0.00847876	1.08668
10.8701	0.00846317	1.08669
10.8801	0.00844762	1.0867
10.8901	0.00843211	1.08672
10.9001	0.00841665	1.08673
10.9101	0.00840122	1.08674
10.9201	0.00838584	1.08676
10.9301	0.00837051	1.08677
10.9401	0.00835521	1.08679
10.9501	0.00833996	1.0868
10.9601	0.00832475	1.08681
10.9701	0.00830958	1.08683
10.9801	0.00829445	1.08684
10.9901	0.00827936	1.08685
11.0001	0.00826431	1.08686
11.0101	0.00824931	1.08688
11.0201	0.00823434	1.08689
11.0301	0.00821942	1.0869
11.0401	0.00820454	1.08692
11.0501	0.00818969	1.08693
11.0601	0.00817489	1.08694
11.0701	0.00816013	1.08696
11.0801	0.0081454	1.08697
11.0901	0.00813072	1.08698
11.1001	0.00811608	1.08699
11.1101	0.00810147	1.08701
11.1201	0.00808691	1.08702
11.1301	0.00807239	1.08703
11.1401	0.0080579	1.08704
11.1501	0.00804345	1.08706
11.1601	0.00802904	1.08707
11.1701	0.00801467	1.08708
11.1801	0.00800034	1.0871
11.1901	0.00798605	1.08711
11.2001	0.0079718	1.08712
11.2101	0.00795758	1.08713
11.2201	0.0079434	1.08715
11.2301	0.00792926	1.08716
11.2401	0.00791516	1.08717
11.2501	0.00790109	1.08718
11.2601	0.00788707	1.08719
11.2701	0.00787308	1.08721
11.2801	0.00785912	1.08722
11.2901	0.00784521	1.08723
11.3001	0.00783133	1.08724
11.3101	0.00781749	1.08726
11.3201	0.00780368	1.08727
11.3301	0.00778991	1.08728
11.3401	0.00777618	1.08729
11.3501	0.00776248	1.0873
11.3601	0.00774882	1.08732
11.3701	0.0077352	1.08733
11.3801	0.00772161	1.08734
11.3901	0.00770806	1.08735
11.4001	0.00769454	1.08736
11.4101	0.00768106	1.08738
11.4201	0.00766761	1.08739
11.4301	0.0076542	1.0874
11.4401	0.00764083	1.08741
11.4501	0.00762749	1.08742
11.4601	0.00761418	1.08744
11.4701	0.00760091	1.08745
11.4801	0.00758767	1.08746
11.4901	0.00757447	1.08747
11.5001	0.00756131	1.08748
11.5101	0.00754817	1.08749
11.5201	0.00753507	1.08751
11.5301	0.00752201	1.08752
11.5401	0.00750898	1.08753
11.5501	0.00749598	1.08754
11.5601	0.00748302	1.08755
11.5701	0.00747009	1.08756
11.5801	0.00745719	1.08757
11.5901	0.00744433	1.08759
11.6001	0.0074315	1.0876
11.6101	0.0074187	1.08761
11.6201	0.00740594	1.08762
11.6301	0.00739321	1.08763
11.6401	0.00738051	1.08764
11.6501	0.00736785	1.08766
11.6601	0.00735522	1.08767
11.6701	0.00734262	1.08768
11.6801	0.00733005	1.08769
11.6901	0.00731751	1.0877
11.7001	0.00730501	1.08771
11.7101	0.00729254	1.08772
11.7201	0.0072801	1.08773
11.7301	0.00726769	1.08774
11.7401	0.00725532	1.08776
11.7501	0.00724297	1.08777
11.7601	0.00723066	1.08778
11.7701	0.00721838	1.08779
11.7801	0.00720613	1.0878
11.7901	0.00719391	1.08781
11.8001	0.00718172	1.08782
11.8101	0.00716957	1.08783
11.8201	0.00715744	1.08784
11.8301	0.00714534	1.08785
11.8401	0.00713328	1.08786
11.8501	0.00712125	1.08787
11.8601	0.00710924	1.08789
11.8701	0.00709727	1.0879
11.8801	0.00708533	1.08791
11.8901	0.00707341	1.08792
11.9001	0.00706153	1.08793
11.9101	0.00704968	1.08794
11.9201	0.00703785	1.08795
11.9301	0.00702606	1.08796
11.9401	0.0070143	1.08797
11.9501	0.00700256	1.08798
11.9601	0.00699086	1.08799
11.9701	0.00697918	1.088
11.9801	0.00696753	1.08801
11.9901	0.00695592	1.08802
12.0001	0.00694433	1.08803
12.0101	0.00693277	1.08804
12.0201	0.00692124	1.08805
12.0301	0.00690974	1.08806
12.0401	0.00689826	1.08807
12.0501	0.00688682	1.08808
12.0601	0.0068754	1.08809
12.0701	0.00686402	1.0881
12.0801	0.00685266	1.08811
12.0901	0.00684132	1.08812
12.1001	0.00683002	1.08813
12.1101	0.00681875	1.08814
12.1201	0.0068075	1.08815
12.1301	0.00679628	1.08816
12.1401	0.00678509	1.08817
12.1501	0.00677392	1.08818
12.1601	0.00676279	1.08819
12.1701	0.00675168	1.0882
12.1801	0.0067406	1.08821
12.1901	0.00672954	1.08822
12.2001	0.00671851	1.08823
12.2101	0.00670751	1.08824
12.2201	0.00669654	1.08825
12.2301	0.00668559	1.08826
12.2401	0.00667467	1.08827
12.2501	0.00666378	1.08828
12.2601	0.00665292	1.08829
12.2701	0.00664208	1.0883
12.2801	0.00663126	1.08831
12.2901	0.00662048	1.08832
12.3001	0.00660971	1.08833
12.3101	0.00659898	1.08834
12.3201	0.00658827	1.08835
12.3301	0.00657759	1.08836
12.3401	0.00656693	1.08837
12.3501	0.0065563	1.08838
12.3601	0.0065457	1.08839
12.3701	0.00653512	1.08839
12.3801	0.00652457	1.0884
12.3901	0.00651404	1.08841
12.4001	0.00650354	1.08842
12.4101	0.00649306	1.08843
12.4201	0.00648261	1.08844
12.4301	0.00647218	1.08845
12.4401	0.00646178	1.08846
12.4501	0.00645141	1.08847
12.4601	0.00644105	1.08848
12.4701	0.00643073	1.08849
12.4801	0.00642043	1.0885
12.4901	0.00641015	1.08851
12.5001	0.0063999	1.08851
12.5101	0.00638967	1.08852
12.5201	0.00637947	1.08853
12.5301	0.00636929	1.08854
12.5401	0.00635913	1.08855
12.5501	0.006349	1.08856
12.5601	0.0063389	1.08857
12.5701	0.00632882	1.08858
12.5801	0.00631876	1.08858
12.5901	0.00630873	1.08859
12.6001	0.00629872	1.0886
12.6101	0.00628873	1.08861
12.6201	0.00627877	1.08862
12.6301	0.00626883	1.08863
12.6401	0.00625891	1.08864
12.6501	0.00624902	1.08865
12.6601	0.00623915	1.08866
12.6701	0.00622931	1.08866
12.6801	0.00621949	1.08867
12.6901	0.00620969	1.08868
12.7001	0.00619991	1.08869
12.7101	0.00619016	1.0887
12.7201	0.00618043	1.08871
12.7301	0.00617073	1.08872
12.7401	0.00616104	1.08872
12.7501	0.00615138	1.08873
12.7601	0.00614175	1.08874
12.7701	0.00613213	1.08875
12.7801	0.00612254	1.08876
12.7901	0.00611297	1.08877
12.8001	0.00610342	1.08878
12.8101	0.00609389	1.08878
12.8201	0.00608439	1.08879
12.8301	0.00607491	1.0888
12.8401	0.00606545	1.08881
12.8501	0.00605602	1.08882
12.8601	0.0060466	1.08883
12.8701	0.00603721	1.08884
12.8801	0.00602784	1.08884
12.8901	0.00601849	1.08885
12.9001	0.00600916	1.08886
12.9101	0.00599986	1.08887
12.9201	0.00599057	1.08888
12.9301	0.00598131	1.08889
12.9401	0.00597207	1.08889
12.9501	0.00596285	1.0889
12.9601	0.00595365	1.08891
12.9701	0.00594447	1.08892
12.9801	0.00593532	1.08893
12.9901	0.00592618	1.08893
13.0001	0.00591707	1.08894
13.0101	0.00590798	1.08895
13.0201	0.0058989	1.08896
13.0301	0.00588985	1.08897
13.0401	0.00588082	1.08898
13.0501	0.00587181	1.08898
13.0601	0.00586283	1.08899
13.0701	0.00585386	1.089
13.0801	0.00584491	1.08901
13.0901	0.00583598	1.08902
13.1001	0.00582708	1.08902
13.1101	0.00581819	1.08903
13.1201	0.00580933	1.08904
13.1301	0.00580048	1.08905
13.1401	0.00579165	1.08906
13.1501	0.00578285	1.08906
13.1601	0.00577406	1.08907
13.1701	0.0057653	1.08908
13.1801	0.00575655	1.08909
13.1901	0.00574783	1.08909
13.2001	0.00573912	1.0891
13.2101	0.00573044	1.08911
13.2201	0.00572177	1.08912
13.2301	0.00571313	1.08912
13.2401	0.0057045	1.08913
13.2501	0.00569589	1.08914
13.2601	0.0056873	1.08915
13.2701	0.00567874	1.08915
13.2801	0.00567019	1.08916
13.2901	0.00566166	1.08917
13.3001	0.00565315	1.08918
13.3101	0.00564465	1.08919
13.3201	0.00563618	1.08919
13.3301	0.00562773	1.0892
13.3401	0.00561929	1.08921
13.3501	0.00561088	1.08922
13.3601	0.00560248	1.08922
13.3701	0.00559411	1.08923
13.3801	0.00558575	1.08924
13.3901	0.00557741	1.08925
13.4001	0.00556909	1.08925
13.4101	0.00556078	1.08926
13.4201	0.0055525	1.08927
13.4301	0.00554423	1.08928
13.4401	0.00553599	1.08928
13.4501	0.00552776	1.08929
13.4601	0.00551955	1.0893
13.4701	0.00551135	1.08931
13.4801	0.00550318	1.08931
13.4901	0.00549502	1.08932
13.5001	0.00548689	1.08933
13.5101	0.00547877	1.08934
13.5201	0.00547067	1.08934
13.5301	0.00546258	1.08935
13.5401	0.00545452	1.08936
13.5501	0.00544647	1.08936
13.5601	0.00543844	1.08937
13.5701	0.00543043	1.08938
13.5801	0.00542243	1.08938
13.5901	0.00541445	1.08939
13.6001	0.00540649	1.0894
13.6101	0.00539855	1.08941
13.6201	0.00539063	1.08941
13.6301	0.00538272	1.08942
13.6401	0.00537483	1.08943
13.6501	0.00536696	1.08943
13.6601	0.0053591	1.08944
13.6701	0.00535127	1.08945
13.6801	0.00534345	1.08945
13.6901	0.00533564	1.08946
13.7001	0.00532786	1.08947
13.7101	0.00532009	1.08947
13.7201	0.00531233	1.08948
13.7301	0.0053046	1.08949
13.7401	0.00529688	1.0895
13.7501	0.00528918	1.0895
13.7601	0.00528149	1.08951
13.7701	0.00527383	1.08952
13.7801	0.00526617	1.08952
13.7901	0.00525854	1.08953
13.8001	0.00525092	1.08954
13.8101	0.00524332	1.08954
13.8201	0.00523573	1.08955
13.8301	0.00522817	1.08956
13.8401	0.00522061	1.08957
13.8501	0.00521308	1.08957
13.8601	0.00520556	1.08958
13.8701	0.00519805	1.08959
13.8801	0.00519057	1.08959
13.8901	0.0051831	1.0896
13.9001	0.00517564	1.0896
13.9101	0.0051682	1.08961
13.9201	0.00516078	1.08962
13.9301	0.00515337	1.08963
13.9401	0.00514598	1.08963
13.9501	0.00513861	1.08964
13.9601	0.00513125	1.08965
13.9701	0.0051239	1.08965
13.9801	0.00511658	1.08966
13.9901	0.00510926	1.08967
14.0001	0.00510197	1.08967
14.0101	0.00509469	1.08968
14.0201	0.00508742	1.08968
14.0301	0.00508017	1.08969
14.0401	0.00507294	1.0897
14.0501	0.00506572	1.0897
14.0601	0.00505852	1.08971
14.0701	0.00505133	1.08972
14.0801	0.00504416	1.08972
14.0901	0.005037	1.08973
14.1001	0.00502986	1.08974
14.1101	0.00502273	1.08974
14.1201	0.00501562	1.08975
14.1301	0.00500852	1.08975
14.1401	0.00500144	1.08976
14.1501	0.00499437	1.08977
14.1601	0.00498732	1.08977
14.1701	0.00498028	1.08978
14.1801	0.00497326	1.08979
14.1901	0.00496626	1.08979
14.2001	0.00495926	1.0898
14.2101	0.00495229	1.0898
14.2201	0.00494532	1.08981
14.2301	0.00493838	1.08982
14.2401	0.00493144	1.08982
14.2501	0.00492452	1.08983
14.2601	0.00491762	1.08983
14.2701	0.00491073	1.08984
14.2801	0.00490385	1.08985
14.2901	0.00489699	1.08985
14.3001	0.00489015	1.08986
14.3101	0.00488331	1.08987
14.3201	0.0048765	1.08987
14.3301	0.00486969	1.08988
14.3401	0.0048629	1.08988
14.3501	0.00485613	1.08989
14.3601	0.00484937	1.08989
14.3701	0.00484262	1.0899
14.3801	0.00483589	1.08991
14.3901	0.00482917	1.08991
14.4001	0.00482246	1.08992
14.4101	0.00481577	1.08992
14.4201	0.0048091	1.08993
14.4301	0.00480243	1.08994
14.4401	0.00479578	1.08994
14.4501	0.00478915	1.08995
14.4601	0.00478253	1.08995
14.4701	0.00477592	1.08996
14.4801	0.00476932	1.08997
14.4901	0.00476274	1.08997
14.5001	0.00475618	1.08998
14.5101	0.00474962	1.08998
14.5201	0.00474308	1.08999
14.5301	0.00473656	1.09
14.5401	0.00473004	1.09
14.5501	0.00472354	1.09001
14.5601	0.00471706	1.09001
14.5701	0.00471059	1.09002
14.5801	0.00470413	1.09002
14.5901	0.00469768	1.09003
14.6001	0.00469125	1.09004
14.6101	0.00468483	1.09004
14.6201	0.00467842	1.09005
14.6301	0.00467203	1.09005
14.6401	0.00466565	1.09006
14.6501	0.00465928	1.09007
14.6601	0.00465293	1.09007
14.6701	0.00464658	1.09008
14.6801	0.00464026	1.09008
14.6901	0.00463394	1.09009
14.7001	0.00462764	1.09009
14.7101	0.00462135	1.0901
14.7201	0.00461507	1.09011
14.7301	0.00460881	1.09011
14.7401	0.00460256	1.09012
14.7501	0.00459632	1.09012
14.7601	0.00459009	1.09013
14.7701	0.00458388	1.09014
14.7801	0.00457768	1.09014
14.7901	0.00457149	1.09015
14.8001	0.00456531	1.09015
14.8101	0.00455915	1.09016
14.8201	0.004553	1.09016
14.8301	0.00454686	1.09017
14.8401	0.00454074	1.09017
14.8501	0.00453462	1.09018
14.8601	0.00452852	1.09019
14.8701	0.00452243	1.09019
14.8801	0.00451636	1.0902
14.8901	0.00451029	1.0902
14.9001	0.00450424	1.09021
14.9101	0.0044982	1.09021
14.9201	0.00449217	1.09022
14.9301	0.00448616	1.09022
14.9401	0.00448015	1.09023
14.9501	0.00447416	1.09023
14.9601	0.00446818	1.09024
14.9701	0.00446222	1.09025
14.9801	0.00445626	1.09025
14.9901	0.00445032	1.09026
15.0001	0.00444439	1.09026
15.0101	0.00443847	1.09027
15.0201	0.00443256	1.09027
15.0301	0.00442666	1.09028
15.0401	0.00442078	1.09028
15.0501	0.0044149	1.09029
15.0601	0.00440904	1.09029
15.0701	0.00440319	1.0903
15.0801	0.00439736	1.0903
15.0901	0.00439153	1.09031
15.1001	0.00438571	1.09031
15.1101	0.00437991	1.09032
15.1201	0.00437412	1.09033
15.1301	0.00436834	1.09033
15.1401	0.00436257	1.09034
15.1501	0.00435681	1.09034
15.1601	0.00435107	1.09035
15.1701	0.00434533	1.09035
15.1801	0.00433961	1.09036
15.1901	0.0043339	1.09036
15.2001	0.0043282	1.09037
15.2101	0.00432251	1.09037
15.2201	0.00431683	1.09038
15.2301	0.00431116	1.09038
15.2401	0.00430551	1.09039
15.2501	0.00429986	1.09039
15.2601	0.00429423	1.0904
15.2701	0.00428861	1.0904
15.2801	0.004283	1.09041
15.2901	0.00427739	1.09041
15.3001	0.00427181	1.09042
15.3101	0.00426623	1.09042
15.3201	0.00426066	1.09043
15.3301	0.0042551	1.09043
15.3401	0.00424956	1.09044
15.3501	0.00424402	1.09044
15.3601	0.0042385	1.09045
15.3701	0.00423298	1.09045
15.3801	0.00422748	1.09046
15.3901	0.00422199	1.09046
15.4001	0.00421651	1.09047
15.4101	0.00421104	1.09047
15.4201	0.00420558	1.09048
15.4301	0.00420013	1.09048
15.4401	0.00419469	1.09049
15.4501	0.00418926	1.09049
15.4601	0.00418384	1.0905
15.4701	0.00417844	1.0905
15.4801	0.00417304	1.09051
15.4901	0.00416765	1.09051
15.5001	0.00416228	1.09052
15.5101	0.00415691	1.09052
15.5201	0.00415156	1.09053
15.5301	0.00414621	1.09053
15.5401	0.00414088	1.09054
15.5501	0.00413555	1.09054
15.5601	0.00413024	1.09054
15.5701	0.00412494	1.09055
15.5801	0.00411964	1.09055
15.5901	0.00411436	1.09056
15.6001	0.00410909	1.09056
15.6101	0.00410382	1.09057
15.6201	0.00409857	1.09057
15.6301	0.00409333	1.09058
15.6401	0.00408809	1.09058
15.6501	0.00408287	1.09059
15.6601	0.00407766	1.09059
15.6701	0.00407246	1.0906
15.6801	0.00406726	1.0906
15.6901	0.00406208	1.09061
15.7001	0.00405691	1.09061
15.7101	0.00405174	1.09062
15.7201	0.00404659	1.09062
15.7301	0.00404145	1.09063
15.7401	0.00403631	1.09063
15.7501	0.00403119	1.09064
15.7601	0.00402608	1.09064
15.7701	0.00402097	1.09064
15.7801	0.00401588	1.09065
15.7901	0.00401079	1.09065
15.8001	0.00400572	1.09066
15.8101	0.00400065	1.09066
15.8201	0.0039956	1.09067
15.8301	0.00399055	1.09067
15.8401	0.00398551	1.09068
15.8501	0.00398048	1.09068
15.8601	0.00397547	1.09069
15.8701	0.00397046	1.09069
15.8801	0.00396546	1.0907
15.8901	0.00396047	1.0907
15.9001	0.00395549	1.0907
15.9101	0.00395052	1.09071
15.9201	0.00394556	1.09071
15.9301	0.00394061	1.09072
15.9401	0.00393566	1.09072
15.9501	0.00393073	1.09073
15.9601	0.00392581	1.09073
15.9701	0.00392089	1.09074
15.9801	0.00391598	1.09074
15.9901	0.00391109	1.09074
16.0001	0.0039062	1.09075
16.0101	0.00390132	1.09075
16.0201	0.00389645	1.09076
16.0301	0.00389159	1.09076
16.0401	0.00388674	1.09077
16.0501	0.0038819	1.09077
16.0601	0.00387707	1.09077
16.0701	0.00387225	1.09078
16.0801	0.00386743	1.09078
16.0901	0.00386262	1.09079
16.1001	0.00385783	1.09079
16.1101	0.00385304	1.0908
16.1201	0.00384826	1.0908
16.1301	0.00384349	1.09081
16.1401	0.00383873	1.09081
16.1501	0.00383398	1.09081
16.1601	0.00382923	1.09082
16.1701	0.0038245	1.09082
16.1801	0.00381977	1.09083
16.1901	0.00381506	1.09083
16.2001	0.00381035	1.09083
16.2101	0.00380565	1.09084
16.2201	0.00380096	1.09084
16.2301	0.00379627	1.09085
16.2401	0.0037916	1.09085
16.2501	0.00378694	1.09086
16.2601	0.00378228	1.09086
16.2701	0.00377763	1.09087
16.2801	0.00377299	1.09087
16.2901	0.00376836	1.09087
16.3001	0.00376374	1.09088
16.3101	0.00375912	1.09088
16.3201	0.00375452	1.09089
16.3301	0.00374992	1.09089
16.3401	0.00374533	1.09089
16.3501	0.00374075	1.0909
16.3601	0.00373618	1.0909
16.3701	0.00373162	1.09091
16.3801	0.00372706	1.09091
16.3901	0.00372252	1.09091
16.4001	0.00371798	1.09092
16.4101	0.00371345	1.09092
16.4201	0.00370893	1.09093
16.4301	0.00370441	1.09093
16.4401	0.00369991	1.09094
16.4501	0.00369541	1.09094
16.4601	0.00369092	1.09094
16.4701	0.00368644	1.09095
16.4801	0.00368197	1.09095
16.4901	0.00367751	1.09096
16.5001	0.00367305	1.09096
16.5101	0.0036686	1.09096
16.5201	0.00366416	1.09097
16.5301	0.00365973	1.09097
16.5401	0.00365531	1.09098
16.5501	0.00365089	1.09098
16.5601	0.00364648	1.09098
16.5701	0.00364208	1.09099
16.5801	0.00363769	1.09099
16.5901	0.00363331	1.091
16.6001	0.00362893	1.091
16.6101	0.00362456	1.091
16.6201	0.0036202	1.09101
16.6301	0.00361585	1.09101
16.6401	0.0036115	1.09102
16.6501	0.00360717	1.09102
16.6601	0.00360284	1.09102
16.6701	0.00359852	1.09103
16.6801	0.0035942	1.09103
16.6901	0.0035899	1.09104
16.7001	0.0035856	1.09104
16.7101	0.00358131	1.09104
16.7201	0.00357703	1.09105
16.7301	0.00357275	1.09105
16.7401	0.00356849	1.09106
16.7501	0.00356423	1.09106
16.7601	0.00355997	1.09106
16.7701	0.00355573	1.09107
16.7801	0.00355149	1.09107
16.7901	0.00354726	1.09108
16.8001	0.00354304	1.09108
16.8101	0.00353883	1.09108
16.8201	0.00353462	1.09109
16.8301	0.00353042	1.09109
16.8401	0.00352623	1.09109
16.8501	0.00352205	1.0911
16.8601	0.00351787	1.0911
16.8701	0.0035137	1.09111
16.8801	0.00350954	1.09111
16.8901	0.00350538	1.09111
16.9001	0.00350124	1.09112
16.9101	0.0034971	1.09112
16.9201	0.00349296	1.09113
16.9301	0.00348884	1.09113
16.9401	0.00348472	1.09113
16.9501	0.00348061	1.09114
16.9601	0.00347651	1.09114
16.9701	0.00347241	1.09114
16.9801	0.00346832	1.09115
16.9901	0.00346424	1.09115
17.0001	0.00346017	1.09115
17.0101	0.0034561	1.09116
17.0201	0.00345204	1.09116
17.0301	0.00344799	1.09117
17.0401	0.00344394	1.09117
17.0501	0.0034399	1.09117
17.0601	0.00343587	1.09118
17.0701	0.00343185	1.09118
17.0801	0.00342783	1.09118
17.0901	0.00342382	1.09119
17.1001	0.00341982	1.09119
17.1101	0.00341582	1.09119
17.1201	0.00341183	1.0912
17.1301	0.00340785	1.0912
17.1401	0.00340387	1.09121
17.1501	0.0033999	1.09121
17.1601	0.00339594	1.09121
17.1701	0.00339199	1.09122
17.1801	0.00338804	1.09122
17.1901	0.0033841	1.09122
17.2001	0.00338017	1.09123
17.2101	0.00337624	1.09123
17.2201	0.00337232	1.09123
17.2301	0.00336841	1.09124
17.2401	0.0033645	1.09124
17.2501	0.0033606	1.09124
17.2601	0.00335671	1.09125
17.2701	0.00335282	1.09125
17.2801	0.00334894	1.09126
17.2901	0.00334507	1.09126
17.3001	0.0033412	1.09126
17.3101	0.00333734	1.09127
17.3201	0.00333349	1.09127
17.3301	0.00332964	1.09127
17.3401	0.00332581	1.09128
17.3501	0.00332197	1.09128
17.3601	0.00331815	1.09128
17.3701	0.00331433	1.09129
17.3801	0.00331051	1.09129
17.3901	0.00330671	1.09129
17.4001	0.00330291	1.0913
17.4101	0.00329912	1.0913
17.4201	0.00329533	1.0913
17.4301	0.00329155	1.09131
17.4401	0.00328777	1.09131
17.4501	0.00328401	1.09131
17.4601	0.00328025	1.09132
17.4701	0.00327649	1.09132
17.4801	0.00327275	1.09132
17.4901	0.003269	1.09133
17.5001	0.00326527	1.09133
17.5101	0.00326154	1.09133
17.5201	0.00325782	1.09134
17.5301	0.0032541	1.09134
17.5401	0.00325039	1.09135
17.5501	0.00324669	1.09135
17.5601	0.00324299	1.09135
17.5701	0.0032393	1.09136
17.5801	0.00323562	1.09136
17.5901	0.00323194	1.09136
17.6001	0.00322827	1.09137
17.6101	0.0032246	1.09137
17.6201	0.00322094	1.09137
17.6301	0.00321729	1.09138
17.6401	0.00321365	1.09138
17.6501	0.00321	1.09138
17.6601	0.00320637	1.09139
17.6701	0.00320274	1.09139
17.6801	0.00319912	1.09139
17.6901	0.0031955	1.0914
17.7001	0.00319189	1.0914
17.7101	0.00318829	1.0914
17.7201	0.00318469	1.09141
17.7301	0.0031811	1.09141
17.7401	0.00317752	1.09141
17.7501	0.00317394	1.09142
17.7601	0.00317036	1.09142
17.7701	0.0031668	1.09142
17.7801	0.00316324	1.09142
17.7901	0.00315968	1.09143
17.8001	0.00315613	1.09143
17.8101	0.00315259	1.09143
17.8201	0.00314905	1.09144
17.8301	0.00314552	1.09144
17.8401	0.00314199	1.09144
17.8501	0.00313848	1.09145
17.8601	0.00313496	1.09145
17.8701	0.00313145	1.09145
17.8801	0.00312795	1.09146
17.8901	0.00312446	1.09146
17.9001	0.00312097	1.09146
17.9101	0.00311748	1.09147
17.9201	0.003114	1.09147
17.9301	0.00311053	1.09147
17.9401	0.00310706	1.09148
17.9501	0.0031036	1.09148
17.9601	0.00310015	1.09148
17.9701	0.0030967	1.09149
17.9801	0.00309326	1.09149
17.9901	0.00308982	1.09149
18.0001	0.00308639	1.0915
18.0101	0.00308296	1.0915
18.0201	0.00307954	1.0915
18.0301	0.00307612	1.0915
18.0401	0.00307271	1.09151
18.0501	0.00306931	1.09151
18.0601	0.00306591	1.09151
18.0701	0.00306252	1.09152
18.0801	0.00305913	1.09152
18.0901	0.00305575	1.09152
18.1001	0.00305238	1.09153
18.1101	0.00304901	1.09153
18.1201	0.00304564	1.09153
18.1301	0.00304228	1.09154
18.1401	0.00303893	1.09154
18.1501	0.00303558	1.09154
18.1601	0.00303224	1.09154
18.1701	0.0030289	1.09155
18.1801	0.00302557	1.09155
18.1901	0.00302225	1.09155
18.2001	0.00301893	1.09156
18.2101	0.00301561	1.09156
18.2201	0.0030123	1.09156
18.2301	0.003009	1.09157
18.2401	0.0030057	1.09157
18.2501	0.00300241	1.09157
18.2601	0.00299912	1.09157
18.2701	0.00299584	1.09158
18.2801	0.00299256	1.09158
18.2901	0.00298929	1.09158
18.3001	0.00298602	1.09159
18.3101	0.00298276	1.09159
18.3201	0.00297951	1.09159
18.3301	0.00297626	1.0916
18.3401	0.00297301	1.0916
18.3501	0.00296977	1.0916
18.3601	0.00296654	1.0916
18.3701	0.00296331	1.09161
18.3801	0.00296009	1.09161
18.3901	0.00295687	1.09161
18.4001	0.00295365	1.09162
18.4101	0.00295045	1.09162
18.4201	0.00294724	1.09162
18.4301	0.00294405	1.09163
18.4401	0.00294085	1.09163
18.4501	0.00293767	1.09163
18.4601	0.00293449	1.09163
18.4701	0.00293131	1.09164
18.4801	0.00292814	1.09164
18.4901	0.00292497	1.09164
18.5001	0.00292181	1.09165
18.5101	0.00291865	1.09165
18.5201	0.0029155	1.09165
18.5301	0.00291236	1.09165
18.5401	0.00290922	1.09166
18.5501	0.00290608	1.09166
18.5601	0.00290295	1.09166
18.5701	0.00289982	1.09167
18.5801	0.0028967	1.09167
18.5901	0.00289359	1.09167
18.6001	0.00289048	1.09167
18.6101	0.00288737	1.09168
18.6201	0.00288427	1.09168
18.6301	0.00288117	1.09168
18.6401	0.00287808	1.09169
18.6501	0.002875	1.09169
18.6601	0.00287192	1.09169
18.6701	0.00286884	1.09169
18.6801	0.00286577	1.0917
18.6901	0.00286271	1.0917
18.7001	0.00285965	1.0917
18.7101	0.00285659	1.09171
18.7201	0.00285354	1.09171
18.7301	0.00285049	1.09171
18.7401	0.00284745	1.09171
18.7501	0.00284441	1.09172
18.7601	0.00284138	1.09172
18.7701	0.00283836	1.09172
18.7801	0.00283533	1.09173
18.7901	0.00283232	1.09173
18.8001	0.0028293	1.09173
18.8101	0.0028263	1.09173
18.8201	0.00282329	1.09174
18.8301	0.0028203	1.09174
18.8401	0.0028173	1.09174
18.8501	0.00281431	1.09174
18.8601	0.00281133	1.09175
18.8701	0.00280835	1.09175
18.8801	0.00280538	1.09175
18.8901	0.00280241	1.09175
18.9001	0.00279944	1.09176
18.9101	0.00279648	1.09176
18.9201	0.00279353	1.09176
18.9301	0.00279058	1.09177
18.9401	0.00278763	1.09177
18.9501	0.00278469	1.09177
18.9601	0.00278175	1.09177
18.9701	0.00277882	1.09178
18.9801	0.00277589	1.09178
18.9901	0.00277297	1.09178
19.0001	0.00277005	1.09178
19.0101	0.00276714	1.09179
19.0201	0.00276423	1.09179
19.0301	0.00276133	1.09179
19.0401	0.00275843	1.0918
19.0501	0.00275553	1.0918
19.0601	0.00275264	1.0918
19.0701	0.00274976	1.0918
19.0801	0.00274687	1.09181
19.0901	0.002744	1.09181
19.1001	0.00274112	1.09181
19.1101	0.00273826	1.09181
19.1201	0.00273539	1.09182
19.1301	0.00273253	1.09182
19.1401	0.00272968	1.09182
19.1501	0.00272683	1.09182
19.1601	0.00272398	1.09183
19.1701	0.00272114	1.09183
19.1801	0.00271831	1.09183
19.1901	0.00271547	1.09183
19.2001	0.00271265	1.09184
19.2101	0.00270982	1.09184
19.2201	0.002707	1.09184
19.2301	0.00270419	1.09184
19.2401	0.00270138	1.09185
19.2501	0.00269857	1.09185
19.2601	0.00269577	1.09185
19.2701	0.00269297	1.09185
19.2801	0.00269018	1.09186
19.2901	0.00268739	1.09186
19.3001	0.00268461	1.09186
19.3101	0.00268183	1.09186
19.3201	0.00267905	1.09187
19.3301	0.00267628	1.09187
19.3401	0.00267351	1.09187
19.3501	0.00267075	1.09188
19.3601	0.00266799	1.09188
19.3701	0.00266524	1.09188
19.3801	0.00266249	1.09188
19.3901	0.00265974	1.09189
19.4001	0.002657	1.09189
19.4101	0.00265427	1.09189
19.4201	0.00265153	1.09189
19.4301	0.0026488	1.0919
19.4401	0.00264608	1.0919
19.4501	0.00264336	1.0919
19.4601	0.00264064	1.0919
19.4701	0.00263793	1.09191
19.4801	0.00263522	1.09191
19.4901	0.00263252	1.09191
19.5001	0.00262982	1.09191
19.5101	0.00262713	1.09192
19.5201	0.00262444	1.09192
19.5301	0.00262175	1.09192
19.5401	0.00261907	1.09192
19.5501	0.00261639	1.09192
19.5601	0.00261371	1.09193
19.5701	0.00261104	1.09193
19.5801	0.00260838	1.09193
19.5901	0.00260571	1.09193
19.6001	0.00260306	1.09194
19.6101	0.0026004	1.09194
19.6201	0.00259775	1.09194
19.6301	0.00259511	1.09194
19.6401	0.00259246	1.09195
19.6501	0.00258983	1.09195
19.6601	0.00258719	1.09195
19.6701	0.00258456	1.09195
19.6801	0.00258194	1.09196
19.6901	0.00257931	1.09196
19.7001	0.0025767	1.09196
19.7101	0.00257408	1.09196
19.7201	0.00257147	1.09197
19.7301	0.00256887	1.09197
19.7401	0.00256626	1.09197
19.7501	0.00256367	1.09197
19.7601	0.00256107	1.09197
19.7701	0.00255848	1.09198
19.7801	0.0025559	1.09198
19.7901	0.00255331	1.09198
19.8001	0.00255073	1.09198
19.8101	0.00254816	1.09199
19.8201	0.00254559	1.09199
19.8301	0.00254302	1.09199
19.8401	0.00254046	1.09199
19.8501	0.0025379	1.092
19.8601	0.00253535	1.092
19.8701	0.00253279	1.092
19.8801	0.00253025	1.092
19.8901	0.0025277	1.09201
19.9001	0.00252516	1.09201
19.9101	0.00252263	1.09201
19.9201	0.0025201	1.09201
19.9301	0.00251757	1.09201
19.9401	0.00251504	1.09202
19.9501	0.00251252	1.09202
19.9601	0.00251	1.09202
19.9701	0.00250749	1.09202
19.9801	0.00250498	1.09203
19.9901	0.00250248	1.09203
