0.2	-648	0	0	0	0.5	0.5	0
0.21	-647.96	3.59184	17.104	0	0.5	0.499969	3.08642e-005
0.22	-647.92	6.47934	29.4515	0.000527901	0.499938	0.5	6.17284e-005
0.23	-647.76	17.0586	74.1678	0.0014369	0.499938	0.499877	0.000185185
0.24	-648	0	0	0.00372603	0.5	0.5	0
0.25	-647.96	2.5344	10.1376	0.00372603	0.499969	0.5	3.08642e-005
0.26	-648	0	0	0.00403892	0.5	0.5	0
0.27	-647.96	2.17284	8.04755	0.00403892	0.5	0.499969	3.08642e-005
0.28	-647.92	4	14.2857	0.0042873	0.499938	0.5	6.17284e-005
0.29	-647.92	3.72889	12.8583	0.00472822	0.499969	0.499969	6.17284e-005
0.3	-647.76	10.0267	33.4222	0.00512508	0.499877	0.499938	0.000185185
0.31	-647.96	1.64828	5.31704	0.00615663	0.5	0.499969	3.08642e-005
0.32	-648	0	0	0.00632073	0.5	0.5	0
0.33	-647.96	1.45455	4.40771	0.00632073	0.5	0.499969	3.08642e-005
0.34	-647.76	7.80623	22.9595	0.00645677	0.499815	0.5	0.000185185
0.35	-648	0	0	0.0071654	0.5	0.5	0
0.36	-647.56	12.0864	33.5734	0.0071654	0.49966	0.5	0.000339506
0.37	-648	0	0	0.00820162	0.5	0.5	0
0.38	-648	0	0	0.00820162	0.5	0.5	0
0.39	-648	0	0	0.00820162	0.5	0.5	0
0.4	-647.84	5.84	14.6	0.00820162	0.499907	0.499969	0.000123457
0.41	-647.84	3.65497	8.91455	0.00865223	0.5	0.499877	0.000123457
0.42	-647.84	3.48299	8.29284	0.00892737	0.5	0.499877	0.000123457
0.43	-647.92	1.69605	3.94431	0.00918333	0.499969	0.499969	6.17284e-005
0.44	-647.24	20.9835	47.6897	0.00930506	0.49966	0.499753	0.00058642
0.45	-647.76	4.4563	9.90288	0.010777	0.499846	0.499969	0.000185185
0.46	-647.28	15.6975	34.1251	0.0110826	0.499722	0.499722	0.000555556
0.47	-647.32	11.6686	24.8269	0.0121359	0.49966	0.499815	0.000524691
0.48	-647.28	10.25	21.3542	0.0129021	0.499537	0.499907	0.000555556
0.49	-647.12	15.4336	31.4971	0.0135612	0.499444	0.499877	0.000679012
0.5	-646.64	25.8816	51.7632	0.0145333	0.499321	0.49963	0.00104938
0.51	-646.72	18.3068	35.8957	0.016131	0.499321	0.499691	0.000987654
0.52	-646.65	20.8118	40.0226	0.0172388	0.499599	0.499352	0.00104938
0.53	-646.82	14.4806	27.3219	0.0184741	0.499475	0.499599	0.000925926
0.54	-645.9	22.8052	42.2319	0.0193174	0.499228	0.499136	0.0016358
0.55	-645.88	21.6383	39.3424	0.0206208	0.49892	0.499444	0.0016358
0.56	-646.32	20.5918	36.7711	0.0218351	0.49929	0.499414	0.0012963
0.57	-645.12	34.5509	60.6157	0.02297	0.499012	0.498765	0.00222222
0.58	-645.45	23.9819	41.348	0.0248409	0.499228	0.498796	0.00197531
0.59	-643.86	52.9744	89.7872	0.0261171	0.498272	0.498549	0.00317901
0.6	-643.88	45.4044	75.6741	0.0288883	0.498333	0.498457	0.00320988
0.61	-645.27	29.3392	48.097	0.0312239	0.499012	0.498858	0.00212963
0.62	-642.51	48.621	78.4209	0.0327084	0.497623	0.498117	0.00425926
0.63	-642.3	57.8231	91.7827	0.0351288	0.497994	0.497562	0.00444444
0.64	-642.15	52.5574	82.1209	0.0379616	0.497685	0.497747	0.0045679
0.65	-641.43	62.2606	95.7855	0.0404961	0.497685	0.49716	0.00515432
0.66	-640.69	80.1513	121.441	0.0434525	0.497531	0.496759	0.00570988
0.67	-640.92	51.0439	76.1849	0.0472007	0.49784	0.496698	0.00546296
0.68	-638.29	78.6027	115.592	0.0495521	0.496296	0.49608	0.00762346
0.69	-638.41	41.0878	59.5475	0.0531197	0.495833	0.496667	0.0075
0.7	-640.39	55.9957	79.9939	0.0549576	0.49716	0.496914	0.00592593
0.71	-638.67	57.2131	80.5818	0.0574266	0.496512	0.496204	0.00728395
0.72	-635.89	95.4049	132.507	0.0599137	0.49571	0.494815	0.00947531
0.73	-635.94	86.5386	118.546	0.0640034	0.495864	0.49466	0.00947531
0.74	-634.02	127.428	172.2	0.0676622	0.494321	0.494846	0.0108333
0.75	-634	155.556	207.407	0.072977	0.493981	0.495123	0.0108951
0.76	-632.2	140.859	185.34	0.0793785	0.494105	0.493519	0.0123765
0.77	-634.49	107.455	139.552	0.0850989	0.494198	0.49534	0.010463
0.78	-631.01	100.871	129.322	0.089406	0.49358	0.493148	0.0132716
0.79	-628.29	153.222	193.952	0.0933974	0.492377	0.49216	0.015463
0.8	-625.98	164.124	205.155	0.0993836	0.491821	0.490895	0.017284
0.81	-628.36	141.763	175.015	0.105716	0.492222	0.492407	0.0153704
0.82	-626.26	157.276	191.8	0.111117	0.491883	0.491111	0.0170062
0.83	-623.27	189.864	228.751	0.117037	0.490864	0.489784	0.0193519
0.84	-621.25	140.033	166.706	0.124097	0.489506	0.489475	0.0210185
0.85	-622.67	142.534	167.688	0.129243	0.489938	0.490123	0.0199383
0.86	-619.19	178.656	207.739	0.134418	0.488056	0.489383	0.0225617
0.87	-615.08	153.222	176.117	0.14083	0.48716	0.48679	0.0260494
0.88	-621.7	134.879	153.271	0.146265	0.490309	0.488981	0.0207099
0.89	-615.32	170.884	192.005	0.150996	0.487006	0.487284	0.0257099
0.9	-615.62	150.069	166.743	0.156922	0.487438	0.487037	0.0255247
0.91	-609.67	223.936	246.083	0.162069	0.484907	0.484846	0.0302469
0.92	-607.27	246.098	267.498	0.169664	0.483704	0.483889	0.0324074
0.93	-608.43	228.957	246.191	0.17792	0.484012	0.484722	0.0312654
0.94	-604.36	134.575	143.165	0.185518	0.483519	0.481975	0.0345062
0.95	-603.86	145.197	152.839	0.189937	0.481944	0.483364	0.0346914
0.96	-597.56	227.915	237.411	0.194654	0.481636	0.478735	0.0396296
0.97	-598.43	281.289	289.989	0.201982	0.480309	0.480556	0.0391358
0.98	-588.05	262.128	267.477	0.210932	0.476944	0.47534	0.047716
0.99	-593.16	271.885	274.631	0.219187	0.4775	0.478951	0.0435494
1	-585.2	336.82	336.82	0.227664	0.476636	0.474167	0.0491975
1.01	-585.62	208.093	206.033	0.238059	0.475401	0.475031	0.0495679
1.02	-583.51	372.213	364.914	0.244418	0.473765	0.474907	0.0513272
1.03	-577.39	224.543	218.003	0.255681	0.472562	0.471481	0.0559568
1.04	-576	256.768	246.892	0.26241	0.472099	0.471204	0.0566975
1.05	-570.6	333.678	317.789	0.27003	0.468796	0.469815	0.0613889
1.06	-563.02	369.295	348.391	0.279838	0.466574	0.465864	0.0675617
1.07	-555.86	343.856	321.36	0.290591	0.464414	0.462346	0.0732407
1.08	-560.1	217.19	201.102	0.300509	0.464444	0.465895	0.0696605
1.09	-560.01	378.798	347.521	0.306716	0.464136	0.465648	0.070216
1.1	-557.23	421.849	383.499	0.317442	0.462994	0.465062	0.0719444
1.11	-548.56	436.934	393.634	0.329279	0.460216	0.460185	0.0795988
1.12	-546.83	375.83	335.562	0.341428	0.460154	0.45966	0.0801852
1.13	-547.87	299.031	264.629	0.351785	0.460679	0.459259	0.0800617
1.14	-542.48	309.61	271.588	0.359952	0.457562	0.458086	0.0843519
1.15	-538.37	310.407	269.919	0.368335	0.455154	0.456852	0.0879938
1.16	-531.89	504.814	435.185	0.376665	0.455123	0.452778	0.0920988
1.17	-530.24	302.551	258.591	0.390097	0.453642	0.453179	0.093179
1.18	-535.86	546.668	463.278	0.398078	0.45642	0.453395	0.0901852
1.19	-516.41	477.016	400.854	0.412377	0.445401	0.449907	0.104691
1.2	-508.16	550.607	458.839	0.424749	0.443642	0.444691	0.111667
1.21	-514.38	564.234	466.309	0.438911	0.448457	0.444568	0.106975
1.22	-497.32	441.882	362.199	0.453303	0.439568	0.440772	0.11966
1.23	-498.43	561.058	456.145	0.464482	0.441883	0.43963	0.118488
1.24	-487.82	399.511	322.186	0.478561	0.435802	0.436698	0.1275
1.25	-474.21	462.391	369.913	0.488505	0.432006	0.430556	0.137438
1.26	-477.63	432.22	343.032	0.499922	0.430741	0.433302	0.135957
1.27	-455.73	822.529	647.661	0.510509	0.422963	0.424938	0.152099
1.28	-464.33	726.575	567.637	0.530499	0.427469	0.426265	0.146265
1.29	-449.09	495.536	384.137	0.548018	0.419784	0.422593	0.157623
1.3	-438.44	695.294	534.841	0.559874	0.416512	0.416667	0.166821
1.31	-447.47	624.188	476.479	0.576382	0.42071	0.421265	0.158025
1.32	-443.62	458.411	347.281	0.591088	0.41892	0.419198	0.161883
1.33	-369.86	573.543	431.235	0.601806	0.393858	0.393117	0.213025
1.34	-396.01	995.461	742.881	0.615116	0.404105	0.4	0.195895
1.35	-391.83	2986.33	2212.09	0.638045	0.402809	0.39963	0.197562
1.36	-387.77	823.69	605.654	0.706319	0.398519	0.395833	0.205648
1.37	-397.2	815.728	595.422	0.725012	0.402901	0.398765	0.198333
1.38	-399.3	859.436	622.78	0.743389	0.400772	0.401049	0.198179
1.39	-368.17	685.99	493.518	0.762611	0.388519	0.39037	0.221111
1.4	-350.89	1083.51	773.935	0.777843	0.384537	0.38358	0.231883
1.41	-323.99	728.842	516.909	0.80173	0.374228	0.372593	0.253179
1.42	-356.39	776.164	546.595	0.817684	0.387469	0.381358	0.231173
1.43	-267.49	731.454	511.506	0.834554	0.354969	0.355093	0.289938
1.44	-319.65	1020.17	708.452	0.850341	0.372901	0.37037	0.256728
1.45	-278.82	924.494	637.582	0.872207	0.357377	0.359753	0.28287
1.46	-327.39	690.372	472.858	0.891886	0.37642	0.371451	0.25213
1.47	-296.78	1331.77	905.969	0.90648	0.363611	0.364383	0.272006
1.48	-233.75	382.965	258.76	0.934442	0.341883	0.338981	0.319136
1.49	-241.75	418.021	280.551	0.942428	0.342963	0.34179	0.315247
1.5	-240.67	569.254	379.503	0.951087	0.342593	0.346296	0.311111
1.51	-224.57	476.937	315.853	0.9628	0.337315	0.339321	0.323364
1.52	-214.27	274.566	180.635	0.972549	0.335525	0.331389	0.333086
1.53	-249.8	470.657	307.619	0.978124	0.344043	0.344877	0.31108
1.54	-252.43	797.607	517.927	0.987618	0.344444	0.345278	0.310278
1.55	-221.16	535.19	345.284	1.0036	0.33429	0.335864	0.329846
1.56	-223.37	1005.4	644.49	1.01426	0.335	0.334506	0.330494
1.57	-228.8	933.904	594.843	1.03415	0.335926	0.337963	0.326111
1.58	-209.49	294.26	186.24	1.05251	0.330401	0.329938	0.33966
1.59	-201.08	359.888	226.345	1.05826	0.324228	0.328457	0.347315
1.6	-209.51	513.66	321.038	1.06525	0.32821	0.329012	0.342778
1.61	-202.94	276.701	171.864	1.07515	0.327037	0.328858	0.344105
1.62	-204.39	272.023	167.916	1.08046	0.330062	0.326389	0.343549
1.63	-176.11	289.826	177.807	1.08564	0.316049	0.315617	0.368333
1.64	-191.89	386.354	235.582	1.09113	0.32287	0.320988	0.356142
1.65	-174.9	281.686	170.719	1.0984	0.316111	0.314105	0.369784
1.66	-178.16	420.923	253.568	1.10367	0.316296	0.31642	0.367284
1.67	-171.93	240.649	144.101	1.1115	0.317006	0.312994	0.37
1.68	-179.84	385.748	229.612	1.11594	0.316975	0.31608	0.366944
1.69	-169.34	206.423	122.144	1.12303	0.312469	0.312716	0.374815
1.7	-171.45	213.449	125.558	1.1268	0.313765	0.314537	0.371698
1.71	-166.98	188.037	109.963	1.13068	0.310926	0.312068	0.377006
1.72	-155.8	310.932	180.774	1.13407	0.306883	0.305988	0.38713
1.73	-162.37	267.805	154.8	1.13965	0.310586	0.309877	0.379537
1.74	-166.32	170.92	98.2299	1.14443	0.31321	0.31034	0.376451
1.75	-160.86	219.572	125.47	1.14746	0.309074	0.309506	0.38142
1.76	-153.29	143.042	81.2737	1.15133	0.305617	0.306019	0.388364
1.77	-163.49	137.218	77.5242	1.15384	0.308796	0.310926	0.380278
1.78	-149.96	182.514	102.536	1.15623	0.305309	0.302654	0.392037
1.79	-155.29	116.028	64.8202	1.1594	0.305556	0.304383	0.390062
1.8	-146.09	183.525	101.958	1.1614	0.300525	0.303889	0.395586
1.81	-140.32	151.954	83.9527	1.16454	0.299938	0.300185	0.399877
1.82	-145.16	121.602	66.8143	1.16714	0.30287	0.303364	0.393765
1.83	-142.34	147.053	80.3566	1.1692	0.299599	0.299105	0.401296
1.84	-147.71	195.813	106.42	1.17168	0.3025	0.304074	0.393426
1.85	-142.94	257.022	138.931	1.17496	0.300247	0.301204	0.398549
1.86	-132.49	146.858	78.9559	1.17925	0.293272	0.295216	0.411512
1.87	-134.39	108.507	58.0251	1.18169	0.299321	0.296944	0.403735
1.88	-131.99	129.53	68.8988	1.18348	0.297099	0.294753	0.408148
1.89	-139.72	124.919	66.0945	1.1856	0.300309	0.29784	0.401852
1.9	-124.32	97.7223	51.4328	1.18764	0.291636	0.295525	0.41284
1.91	-127.36	92.4236	48.3893	1.18923	0.296944	0.293611	0.409444
1.92	-126.55	141.305	73.5965	1.19073	0.292315	0.294383	0.413302
1.93	-129.05	151.909	78.7096	1.193	0.298179	0.291975	0.409846
1.94	-130.2	178.749	92.1387	1.19543	0.294105	0.29608	0.409815
1.95	-116.78	143.304	73.489	1.19827	0.288457	0.290741	0.420802
1.96	-114.6	117.607	60.0037	1.20054	0.290154	0.288457	0.421389
1.97	-125.17	121.539	61.695	1.20239	0.292654	0.292006	0.41534
1.98	-109.27	101.948	51.4889	1.20429	0.286667	0.287099	0.426235
1.99	-122.75	104.009	52.266	1.20588	0.292593	0.290957	0.416451
2	-123.91	115.46	57.7302	1.2075	0.291667	0.293488	0.414846
2.01	-118.62	123.783	61.5836	1.20928	0.289599	0.289383	0.421019
2.02	-113.16	88.7203	43.921	1.21118	0.287531	0.289012	0.423457
2.03	-114.91	84.0986	41.4279	1.21253	0.289537	0.286667	0.423796
2.04	-116.05	123.277	60.4297	1.21381	0.289383	0.285833	0.424784
2.05	-115.38	85.7194	41.8143	1.21568	0.289475	0.287716	0.422809
2.06	-113.48	109.051	52.9375	1.21697	0.289136	0.28642	0.424444
2.07	-113.64	99.7014	48.1649	1.2186	0.285741	0.28966	0.424599
2.08	-104.69	87.6743	42.1511	1.22009	0.284907	0.281667	0.433426
2.09	-109.92	86.4984	41.3868	1.22139	0.285031	0.287809	0.42716
2.1	-107.91	90.3723	43.0344	1.22267	0.285833	0.28466	0.429506
2.11	-105.53	73.3023	34.7404	1.224	0.282562	0.283549	0.433889
2.12	-110.6	85.7423	40.4445	1.22507	0.284599	0.287531	0.42787
2.13	-99.02	92.7108	43.5262	1.22632	0.280093	0.281327	0.43858
2.14	-103.03	70.7636	33.0671	1.22766	0.282315	0.284846	0.43284
2.15	-101.19	84.5763	39.3378	1.22868	0.282994	0.281975	0.435031
2.16	-102.26	67.9811	31.4727	1.22989	0.282438	0.283765	0.433796
2.17	-102.09	65.0517	29.9777	1.23087	0.281914	0.282654	0.435432
2.18	-97.86	77.6703	35.6286	1.23179	0.281296	0.280278	0.438426
2.19	-101.44	85.9962	39.2677	1.23289	0.281667	0.283673	0.43466
2.2	-97.41	75.1946	34.1794	1.2341	0.28	0.278364	0.441636
2.21	-93.45	62.142	28.1185	1.23516	0.278796	0.28037	0.440833
2.22	-97.31	78.369	35.3014	1.23603	0.27966	0.280062	0.440278
2.23	-90.48	59.7297	26.7846	1.23712	0.27966	0.275864	0.444475
2.24	-102.09	72.7842	32.4929	1.23794	0.281821	0.281636	0.436543
2.25	-96.92	66.9459	29.7537	1.23894	0.280802	0.278488	0.44071
2.26	-98.17	58.2507	25.7746	1.23986	0.281204	0.279352	0.439444
2.27	-98.87	77.7413	34.2473	1.24066	0.278704	0.280401	0.440895
2.28	-93.93	64.7094	28.3813	1.24172	0.28	0.279969	0.440031
2.29	-96.7	76.1828	33.2676	1.24259	0.280741	0.278765	0.440494
2.3	-101.43	57.3696	24.9433	1.24362	0.281975	0.279568	0.438457
2.31	-90.24	68.7773	29.7737	1.24439	0.278457	0.274537	0.447006
2.32	-92.08	66.9764	28.8691	1.24531	0.27713	0.281296	0.441574
2.33	-89.74	63.7242	27.3494	1.2462	0.275802	0.278302	0.445895
2.34	-87.71	65.8277	28.1315	1.24704	0.273179	0.276451	0.45037
2.35	-89.07	63.4649	27.0064	1.24791	0.277191	0.276173	0.446636
2.36	-89.6	68.8128	29.158	1.24874	0.274414	0.279383	0.446204
2.37	-91.52	55.1816	23.2834	1.24964	0.275802	0.280648	0.443549
2.38	-88.75	75.3385	31.6548	1.25036	0.275494	0.278148	0.446358
2.39	-85.14	45.4264	19.0069	1.25134	0.273889	0.278086	0.448025
2.4	-84.73	47.4231	19.7596	1.25193	0.271605	0.276914	0.451481
2.41	-83.01	44.1952	18.3382	1.25254	0.271759	0.27534	0.452901
2.42	-85.84	60.4594	24.9832	1.2531	0.274105	0.274753	0.451142
2.43	-88.83	53.5557	22.0394	1.25387	0.274969	0.277994	0.447037
2.44	-87.6	56.9639	23.3458	1.25455	0.274722	0.276204	0.449074
2.45	-81.44	33.4171	13.6397	1.25527	0.272438	0.2725	0.455062
2.46	-82.84	40.0612	16.285	1.25569	0.27608	0.271821	0.452099
2.47	-84.34	59.169	23.9551	1.2562	0.276296	0.272901	0.450802
2.48	-80.59	49.0053	19.7602	1.25694	0.270401	0.271975	0.457623
2.49	-83.53	48.9523	19.6596	1.25755	0.275278	0.274352	0.45037
2.5	-83.43	49.6456	19.8582	1.25815	0.275494	0.272284	0.452222
2.51	-79.25	55.6733	22.1806	1.25877	0.271759	0.272191	0.456049
2.52	-81.33	56.9761	22.6096	1.25945	0.270864	0.276358	0.452778
2.53	-76.29	42.2325	16.6927	1.26015	0.270401	0.270926	0.458673
2.54	-79.72	42.2037	16.6156	1.26066	0.272006	0.274105	0.453889
2.55	-78	37.3764	14.6574	1.26118	0.271327	0.270556	0.458117
2.56	-78.59	47.1011	18.3989	1.26163	0.27287	0.272222	0.454907
2.57	-78.27	42.0744	16.3714	1.2622	0.269198	0.273951	0.456852
2.58	-70.87	41.559	16.1081	1.2627	0.267438	0.270525	0.462037
2.59	-80.06	39.4115	15.2168	1.2632	0.274383	0.270062	0.455556
2.6	-75.63	50.5256	19.4329	1.26367	0.27037	0.271019	0.458611
2.61	-75.51	29.9511	11.4755	1.26427	0.27034	0.270679	0.458981
2.62	-71.65	42.3821	16.1764	1.26462	0.267346	0.26892	0.463735
2.63	-73.16	45.0859	17.1429	1.26512	0.271451	0.268241	0.460309
2.64	-73.13	35.3095	13.3748	1.26565	0.27037	0.269167	0.460463
2.65	-73.99	31.691	11.9589	1.26606	0.268611	0.271358	0.460031
2.66	-74.9	41.2361	15.5023	1.26643	0.270278	0.269877	0.459846
2.67	-70.85	41.6176	15.5871	1.26691	0.268858	0.269383	0.461759
2.68	-74.79	41.8698	15.6231	1.26739	0.270093	0.27	0.459907
2.69	-75.39	38.0368	14.1401	1.26788	0.269167	0.270216	0.460617
2.7	-71.48	35.4416	13.1265	1.26831	0.265525	0.270741	0.463735
2.71	-72.25	37.6802	13.9042	1.26872	0.268488	0.268519	0.462994
2.72	-71.46	34.0626	12.523	1.26915	0.268117	0.267747	0.464136
2.73	-71.83	34.1157	12.4966	1.26953	0.268889	0.268457	0.462654
2.74	-72.32	33.3419	12.1686	1.26992	0.270154	0.269259	0.460586
2.75	-72.01	35.7725	13.0082	1.27029	0.268488	0.267562	0.463951
2.76	-69.17	33.5882	12.1696	1.2707	0.268642	0.268148	0.46321
2.77	-69.47	30.5398	11.0252	1.27107	0.269691	0.266204	0.464105
2.78	-71.97	36.1743	13.0123	1.27141	0.268457	0.268981	0.462562
2.79	-69.8	40.074	14.3634	1.27181	0.270741	0.266543	0.462716
2.8	-72.12	30.164	10.7728	1.27226	0.270741	0.269506	0.459753
2.81	-71.02	39.5511	14.0751	1.27259	0.266883	0.270278	0.46284
2.82	-68.53	29.6978	10.5311	1.27302	0.268488	0.266698	0.464815
2.83	-72.12	39.5342	13.9697	1.27335	0.269599	0.270864	0.459537
2.84	-70.04	24.9973	8.80187	1.27378	0.2675	0.267963	0.464537
2.85	-67.41	27.935	9.80175	1.27405	0.270309	0.265864	0.463827
2.86	-70.53	31.7239	11.0923	1.27435	0.268272	0.266821	0.464907
2.87	-65.1	33.8246	11.7856	1.2747	0.264753	0.26716	0.468086
2.88	-64.87	25.4597	8.84018	1.27506	0.268272	0.263272	0.468457
2.89	-64.85	25.9129	8.96642	1.27533	0.265401	0.268457	0.466142
2.9	-65.88	26.726	9.21586	1.27561	0.266327	0.266543	0.46713
2.91	-61.59	27.1114	9.31663	1.27589	0.266667	0.264383	0.468951
2.92	-66.06	20.6906	7.08582	1.27618	0.269414	0.262716	0.46787
2.93	-66.57	27.1832	9.27754	1.2764	0.266142	0.269691	0.464167
2.94	-68.04	26.8844	9.14437	1.27669	0.26821	0.266975	0.464815
2.95	-66.12	20.9142	7.08955	1.27697	0.264599	0.26784	0.467562
2.96	-64.46	33.7163	11.3906	1.27719	0.265062	0.265309	0.46963
2.97	-64.79	30.1382	10.1475	1.27754	0.266883	0.264105	0.469012
2.98	-63.54	33.9656	11.3979	1.27785	0.265895	0.264969	0.469136
2.99	-62.11	25.467	8.51741	1.2782	0.264043	0.264259	0.471698
3	-63.66	27.9938	9.33127	1.27847	0.265833	0.263025	0.471142
3.01	-61.34	22.2696	7.39852	1.27875	0.266296	0.263241	0.470463
3.02	-62.57	26.8196	8.88065	1.27898	0.264043	0.267006	0.468951
3.03	-63.69	29.7502	9.81856	1.27926	0.264815	0.266821	0.468364
3.04	-60.87	24.9365	8.20279	1.27956	0.264167	0.263735	0.472099
3.05	-61.4	21.9855	7.20836	1.27981	0.265895	0.264815	0.46929
3.06	-59.38	30.0222	9.81117	1.28004	0.264414	0.26392	0.471667
3.07	-61.64	23.0443	7.50629	1.28034	0.265093	0.264722	0.470185
3.08	-59.33	19.4532	6.31598	1.28057	0.261728	0.264691	0.47358
3.09	-56.89	31.9747	10.3478	1.28077	0.262963	0.263519	0.473519
3.1	-57.15	20.5565	6.63111	1.28108	0.260864	0.265556	0.47358
3.11	-59.23	27.8964	8.96991	1.28129	0.264383	0.265988	0.46963
3.12	-60	27.3833	8.7767	1.28157	0.262469	0.26466	0.47287
3.13	-61.62	21.0123	6.7132	1.28184	0.264568	0.265463	0.469969
3.14	-61.89	23.3172	7.42585	1.28204	0.262932	0.265833	0.471235
3.15	-55.63	18.928	6.00889	1.28227	0.264969	0.259321	0.47571
3.16	-64.88	19.8331	6.2763	1.28246	0.26716	0.262778	0.470062
3.17	-59.91	24.8029	7.82426	1.28265	0.263735	0.265154	0.471111
3.18	-58.23	22.4949	7.07386	1.28289	0.264938	0.263364	0.471698
3.19	-57.77	28.6236	8.97293	1.28311	0.262932	0.264599	0.472469
3.2	-56.68	21.8045	6.81389	1.28339	0.262284	0.263673	0.474043
3.21	-59.61	21.6358	6.74014	1.2836	0.26608	0.261605	0.472315
3.22	-57.25	20.3086	6.30701	1.28381	0.262253	0.263858	0.473889
3.23	-59.29	23.5587	7.29373	1.284	0.266636	0.262253	0.471111
3.24	-56.85	22.1772	6.84482	1.28423	0.261512	0.264414	0.474074
3.25	-54.37	21.4507	6.60022	1.28444	0.26463	0.259475	0.475895
3.26	-56.91	23.49	7.20551	1.28464	0.262099	0.265432	0.472469
3.27	-57.54	19.8233	6.06217	1.28486	0.263735	0.263086	0.473179
3.28	-55.67	17.9098	5.46031	1.28505	0.264383	0.261451	0.474167
3.29	-57.6	22.0416	6.69956	1.28522	0.261852	0.262963	0.475185
3.3	-54.68	20.5746	6.23473	1.28543	0.263889	0.259506	0.476605
3.31	-54.81	19.9354	6.02277	1.28562	0.263488	0.260617	0.475895
3.32	-55.39	18.8523	5.67841	1.28581	0.263457	0.261574	0.474969
3.33	-52.76	19.6252	5.89347	1.28598	0.258241	0.264969	0.47679
3.34	-52.87	15.3603	4.59889	1.28616	0.263333	0.259877	0.47679
3.35	-53.64	25.8223	7.70814	1.2863	0.262932	0.260123	0.476944
3.36	-54.38	17.9506	5.34245	1.28654	0.26392	0.261512	0.474568
3.37	-58.46	19.1838	5.69252	1.28671	0.265556	0.259012	0.475432
3.38	-52.69	16.7531	4.95653	1.28688	0.26034	0.262469	0.477191
3.39	-56.65	21.6259	6.37933	1.28704	0.263673	0.262377	0.473951
3.4	-52.12	19.7133	5.79803	1.28723	0.262809	0.258889	0.478302
3.41	-52.67	19.1004	5.60128	1.28741	0.258951	0.265679	0.47537
3.42	-52.22	18.2083	5.32407	1.28758	0.261204	0.261049	0.477747
3.43	-57.99	18.6206	5.42876	1.28775	0.26071	0.265278	0.474012
3.44	-51.41	19.9518	5.79995	1.28792	0.262068	0.260802	0.47713
3.45	-51.66	19.4417	5.63526	1.2881	0.257809	0.263488	0.478704
3.46	-52.93	17.3849	5.02454	1.28827	0.260278	0.262191	0.477531
3.47	-53.69	19.7804	5.70041	1.28842	0.258457	0.263086	0.478457
3.48	-51.75	18.5417	5.32808	1.2886	0.261327	0.260679	0.477994
3.49	-53.26	20.9762	6.01038	1.28876	0.263117	0.258241	0.478642
3.5	-51.34	17.8518	5.10051	1.28895	0.260432	0.262932	0.476636
3.51	-52.22	18.4943	5.26903	1.28911	0.259167	0.262006	0.478827
3.52	-50.11	17.2067	4.88827	1.28927	0.263951	0.258148	0.477901
3.53	-50.98	15.7035	4.44858	1.28942	0.261019	0.259568	0.479414
3.54	-49.83	23.231	6.56242	1.28956	0.26	0.262469	0.477531
3.55	-49.53	17.156	4.83269	1.28976	0.261358	0.259691	0.478951
3.56	-51.86	19.2432	5.40539	1.28991	0.262963	0.259784	0.477253
3.57	-51.69	19.3955	5.43292	1.29008	0.257932	0.262438	0.47963
3.58	-49.01	12.3147	3.43986	1.29024	0.259568	0.262191	0.478241
3.59	-50.34	16.7553	4.66722	1.29035	0.260957	0.261049	0.477994
3.6	-52.58	17.5697	4.88048	1.2905	0.260679	0.26213	0.477191
3.61	-52.64	15.0928	4.18082	1.29065	0.262778	0.25963	0.477593
3.62	-49.23	19.5062	5.38845	1.29077	0.258117	0.261296	0.480586
3.63	-46.81	18.0797	4.98062	1.29094	0.260062	0.257099	0.48284
3.64	-51.73	16.998	4.66979	1.29109	0.259228	0.262037	0.478735
3.65	-49.83	18.6858	5.11939	1.29124	0.260401	0.261142	0.478457
3.66	-46.68	14.4583	3.95036	1.2914	0.260031	0.258364	0.481605
3.67	-45.99	13.5817	3.70072	1.29152	0.262191	0.256728	0.48108
3.68	-50.03	16.8692	4.58401	1.29163	0.259877	0.259444	0.480679
3.69	-44.61	19.3578	5.24602	1.29177	0.260309	0.257654	0.482037
3.7	-50.05	12.487	3.37487	1.29194	0.261481	0.258642	0.479877
3.71	-47.02	12.2187	3.29345	1.29204	0.258549	0.260679	0.480772
3.72	-47.49	12.956	3.48279	1.29214	0.258704	0.260494	0.480802
3.73	-49.58	15.1502	4.06172	1.29225	0.260031	0.262037	0.477932
3.74	-48.06	14.0265	3.75039	1.29238	0.258673	0.261111	0.480216
3.75	-46.83	16.9942	4.53179	1.29249	0.259938	0.258302	0.481759
3.76	-46.21	13.5402	3.60112	1.29263	0.260185	0.256574	0.483241
3.77	-45.83	12.5478	3.32834	1.29274	0.257932	0.25966	0.482407
3.78	-45.74	14.0472	3.7162	1.29284	0.259414	0.257778	0.482809
3.79	-46.07	18.2598	4.81788	1.29296	0.257562	0.261605	0.480833
3.8	-44.89	13.63	3.58685	1.29311	0.259136	0.257531	0.483333
3.81	-48.33	15.8032	4.14783	1.29322	0.260031	0.260895	0.479074
3.82	-46.65	11.8327	3.09757	1.29335	0.25642	0.26	0.48358
3.83	-45.55	15.3827	4.01637	1.29344	0.259969	0.259352	0.480679
3.84	-43.33	14.3054	3.72535	1.29357	0.2575	0.258395	0.484105
3.85	-48.8	13.6266	3.53937	1.29368	0.260309	0.258364	0.481327
3.86	-46.77	13.6579	3.53831	1.29379	0.255278	0.26287	0.481852
3.87	-47.6	13.7532	3.55379	1.2939	0.257469	0.261667	0.480864
3.88	-48.59	18.3509	4.72962	1.29401	0.260278	0.258858	0.480864
3.89	-46.22	10.4184	2.67824	1.29416	0.258673	0.260031	0.481296
3.9	-44.46	13.7126	3.51605	1.29424	0.256975	0.259228	0.483796
3.91	-43.54	11.3976	2.915	1.29435	0.25858	0.25679	0.48463
3.92	-43.78	10.9298	2.78821	1.29444	0.257809	0.25787	0.484321
3.93	-47.14	14.2209	3.61855	1.29452	0.258148	0.261049	0.480802
3.94	-43.33	13.4789	3.42104	1.29463	0.257315	0.259043	0.483642
3.95	-44.82	10.8526	2.74749	1.29474	0.261821	0.254846	0.483333
3.96	-44.63	14.6805	3.70719	1.29482	0.26	0.257377	0.482623
3.97	-46.25	14.8854	3.74947	1.29494	0.258765	0.259228	0.482006
3.98	-43.32	11.0753	2.78275	1.29505	0.260494	0.256759	0.482747
3.99	-44.07	13.1623	3.29882	1.29514	0.262654	0.255556	0.48179
4	-44.3	12.8556	3.21391	1.29524	0.260216	0.256759	0.483025
4.01	-43.87	10.9174	2.72255	1.29534	0.259321	0.256698	0.483981
4.02	-45.52	13.1488	3.27084	1.29543	0.258117	0.25963	0.482253
4.03	-43.68	15.1911	3.76951	1.29553	0.25608	0.26034	0.48358
4.04	-44.02	15.9151	3.93938	1.29564	0.258148	0.259444	0.482407
4.05	-40.71	10.6853	2.63835	1.29576	0.257901	0.254074	0.488025
4.06	-45.4	12.1163	2.98431	1.29585	0.259784	0.257809	0.482407
4.07	-43.63	10.7681	2.64573	1.29594	0.260278	0.254722	0.485
4.08	-45.34	9.0725	2.22365	1.29602	0.25892	0.258858	0.482222
4.09	-39.88	12.4357	3.04051	1.29609	0.255926	0.258642	0.485432
4.1	-43.52	10.0779	2.45803	1.29618	0.256204	0.259506	0.48429
4.11	-43.74	10.1309	2.46494	1.29626	0.2575	0.257191	0.485309
4.12	-42.47	11.7901	2.86166	1.29633	0.258056	0.2575	0.484444
4.13	-40.78	11.6019	2.80916	1.29642	0.257284	0.258148	0.484568
4.14	-44.76	10.907	2.63455	1.29651	0.257191	0.260309	0.4825
4.15	-39.27	9.61516	2.31691	1.29659	0.259228	0.25642	0.484352
4.16	-41.95	8.38847	2.01646	1.29666	0.25679	0.257191	0.486019
4.17	-39.74	13.5404	3.24709	1.29672	0.258858	0.25642	0.484722
4.18	-38.9	8.96671	2.14515	1.29682	0.257901	0.25429	0.487809
4.19	-39.66	12.331	2.94296	1.29689	0.255988	0.257963	0.486049
4.2	-42.81	13.5359	3.22284	1.29698	0.254167	0.260988	0.484846
4.21	-41.77	12.796	3.03942	1.29708	0.256914	0.257469	0.485617
4.22	-39.89	10.5601	2.50239	1.29717	0.25858	0.255586	0.485833
4.23	-40.8	12.5703	2.97171	1.29725	0.255525	0.258827	0.485648
4.24	-40.54	10.1553	2.39512	1.29734	0.256173	0.257623	0.486204
4.25	-41.82	11.6289	2.73622	1.29742	0.259074	0.257469	0.483457
4.26	-40.65	11.4399	2.68543	1.2975	0.255432	0.258148	0.48642
4.27	-40.28	10.5941	2.48106	1.29759	0.256914	0.257099	0.485988
4.28	-40.54	11.5823	2.70613	1.29766	0.256049	0.25821	0.485741
4.29	-39.09	11.7627	2.74189	1.29775	0.255957	0.25784	0.486204
4.3	-40.09	11.1012	2.58168	1.29783	0.257253	0.255648	0.487099
4.31	-39.94	11.885	2.75753	1.29791	0.256111	0.259043	0.484846
4.32	-41.3	10.145	2.34838	1.29799	0.257623	0.257315	0.485062
4.33	-40.81	9.98106	2.30509	1.29807	0.257778	0.256481	0.485741
4.34	-40.18	9.84559	2.26857	1.29814	0.25892	0.255278	0.485802
4.35	-36.65	11.9375	2.74425	1.29821	0.258426	0.254167	0.487407
4.36	-41.6	10.5747	2.42538	1.29829	0.258056	0.256327	0.485617
4.37	-38.78	9.38328	2.1472	1.29837	0.254568	0.257438	0.487994
4.38	-41.32	9.34705	2.13403	1.29843	0.257932	0.256327	0.485741
4.39	-39.15	9.20852	2.09761	1.2985	0.256173	0.258272	0.485556
4.4	-38.08	10.1381	2.30411	1.29856	0.254506	0.257747	0.487747
4.41	-37.06	9.43416	2.13926	1.29864	0.257438	0.256049	0.486512
4.42	-39.69	10.2114	2.31027	1.2987	0.260401	0.254414	0.485185
4.43	-38.49	9.01558	2.03512	1.29877	0.258395	0.256204	0.485401
4.44	-40.76	8.16707	1.83943	1.29884	0.257901	0.256265	0.485833
4.45	-40.41	7.58197	1.70381	1.29889	0.255463	0.259043	0.485494
4.46	-41.84	9.23477	2.07058	1.29895	0.258333	0.256235	0.485432
4.47	-40.15	10.9298	2.44515	1.29901	0.256049	0.256883	0.487068
4.48	-38.84	10.435	2.32924	1.29908	0.25571	0.259506	0.484784
4.49	-37.45	8.292	1.84677	1.29916	0.256296	0.255988	0.487716
4.5	-38.96	6.98362	1.55192	1.29921	0.255309	0.258735	0.485957
4.51	-38.03	9.82341	2.17814	1.29926	0.258086	0.254753	0.48716
4.52	-38.03	8.2646	1.82845	1.29933	0.257747	0.255432	0.486821
4.53	-37.84	10.5032	2.31858	1.29939	0.258426	0.254167	0.487407
4.54	-37.5	9.90268	2.18121	1.29946	0.257006	0.254877	0.488117
4.55	-39.25	9.11134	2.00249	1.29952	0.258488	0.254753	0.486759
4.56	-39.26	10.5038	2.30347	1.29959	0.258642	0.256327	0.485031
4.57	-38.61	8.19051	1.79223	1.29966	0.256512	0.256235	0.487253
4.58	-36.56	8.78065	1.91717	1.29971	0.259167	0.252593	0.488241
4.59	-36.43	8.59618	1.87281	1.29977	0.25608	0.25537	0.488549
4.6	-39.17	9.89797	2.15173	1.29983	0.25429	0.257315	0.488395
4.61	-36.47	10.5933	2.29789	1.2999	0.256698	0.253981	0.489321
4.62	-35.75	8.62838	1.86761	1.29997	0.256728	0.255062	0.48821
4.63	-37.62	6.3412	1.36959	1.30002	0.257654	0.255525	0.486821
4.64	-38.18	11.0856	2.38913	1.30007	0.255	0.258951	0.486049
4.65	-37.18	8.29541	1.78396	1.30014	0.252778	0.257531	0.489691
4.66	-35.35	8.79863	1.88812	1.3002	0.253889	0.25608	0.490031
4.67	-39.22	9.39119	2.01096	1.30025	0.255895	0.257191	0.486914
4.68	-37.18	8.2031	1.7528	1.30032	0.256914	0.256173	0.486914
4.69	-36.61	11.4383	2.43887	1.30037	0.255556	0.25537	0.489074
4.7	-37.84	8.60636	1.83114	1.30044	0.257191	0.255556	0.487253
4.71	-37.81	8.05414	1.71001	1.3005	0.254228	0.257994	0.487778
4.72	-37.54	6.51162	1.37958	1.30055	0.256914	0.25716	0.485926
4.73	-37.13	9.63903	2.03785	1.3006	0.257191	0.254167	0.488642
4.74	-34.4	10.164	2.1443	1.30066	0.256574	0.253827	0.489599
4.75	-36.23	8.54414	1.79877	1.30073	0.255216	0.256327	0.488457
4.76	-34.3	8.08603	1.69875	1.30078	0.256759	0.255216	0.488025
4.77	-36.2	9.51615	1.995	1.30083	0.256358	0.253889	0.489753
4.78	-34.75	7.54309	1.57805	1.3009	0.251605	0.257994	0.490401
4.79	-34.94	7.63056	1.59302	1.30094	0.256975	0.253333	0.489691
4.8	-34.56	7.3501	1.53127	1.30099	0.256049	0.257346	0.486605
4.81	-34.86	11.0641	2.30023	1.30104	0.255093	0.257191	0.487716
4.82	-34.52	6.6859	1.38712	1.30111	0.254198	0.25571	0.490093
4.83	-34.24	9.88398	2.04637	1.30115	0.253426	0.256327	0.490247
4.84	-33.22	7.62378	1.57516	1.30122	0.257315	0.254136	0.488549
4.85	-34.36	6.28039	1.29493	1.30127	0.252531	0.254877	0.492593
4.86	-37.2	11.5887	2.3845	1.30131	0.257901	0.253395	0.488704
4.87	-31.41	9.1404	1.87688	1.30138	0.256574	0.252963	0.490463
4.88	-33.58	8.41775	1.72495	1.30144	0.255895	0.25321	0.490895
4.89	-35	8.74202	1.78773	1.30149	0.255988	0.256852	0.48716
4.9	-34.06	7.69331	1.57006	1.30155	0.252809	0.256944	0.490247
4.91	-33.93	7.89216	1.60737	1.30159	0.255648	0.25463	0.489722
4.92	-34.38	4.69197	0.953652	1.30164	0.256173	0.254506	0.489321
4.93	-34.33	8.37778	1.69935	1.30167	0.257685	0.25679	0.485525
4.94	-35.62	7.03239	1.42356	1.30173	0.256883	0.25537	0.487747
4.95	-34.76	7.37241	1.48938	1.30177	0.256481	0.254074	0.489444
4.96	-31.97	7.95351	1.60353	1.30182	0.25642	0.253827	0.489753
4.97	-33.76	7.36987	1.48287	1.30187	0.25213	0.257407	0.490463
4.98	-32.13	7.82943	1.57218	1.30191	0.254074	0.255463	0.490463
4.99	-36.63	8.67278	1.73803	1.30196	0.255525	0.254444	0.490031
5	-35.68	7.6031	1.52062	1.30201	0.255401	0.255926	0.488673
5.01	-31.58	6.20649	1.23882	1.30206	0.255432	0.254383	0.490185
5.02	-35.2	6.0626	1.20769	1.3021	0.254352	0.255247	0.490401
5.03	-32.75	7.78974	1.54866	1.30214	0.251543	0.258025	0.490432
5.04	-35.48	6.63618	1.3167	1.30218	0.251667	0.259599	0.488735
5.05	-35.26	7.23978	1.43362	1.30222	0.254198	0.254043	0.491759
5.06	-34.86	7.61926	1.50578	1.30227	0.254784	0.256512	0.488704
5.07	-34.63	8.33666	1.64431	1.30231	0.255216	0.254012	0.490772
5.08	-31.29	6.57069	1.29344	1.30237	0.255123	0.254444	0.490432
5.09	-33.88	6.22066	1.22213	1.30241	0.254938	0.253951	0.491111
5.1	-34.19	5.82137	1.14145	1.30244	0.254259	0.255586	0.490154
5.11	-33.67	9.36199	1.83209	1.30248	0.252716	0.257809	0.489475
5.12	-34.69	7.17445	1.40126	1.30254	0.256358	0.253302	0.49034
5.13	-30.27	5.91548	1.15312	1.30258	0.252377	0.256944	0.490679
5.14	-34.6	6.90775	1.34392	1.30261	0.256728	0.253395	0.489877
5.15	-34.66	6.51011	1.2641	1.30266	0.255926	0.252593	0.491481
5.16	-32.45	6.66605	1.29187	1.30269	0.254784	0.253241	0.491975
5.17	-29.82	9.08783	1.7578	1.30273	0.254784	0.253796	0.49142
5.18	-33.23	7.09579	1.36984	1.30279	0.254969	0.255123	0.489907
5.19	-34.4	7.82444	1.5076	1.30283	0.258272	0.252685	0.489043
5.2	-31.63	7.95537	1.52988	1.30288	0.255648	0.25466	0.489691
5.21	-30.88	4.81156	0.923525	1.30292	0.25392	0.253796	0.492284
5.22	-29.62	5.56347	1.0658	1.30295	0.255185	0.253642	0.491173
5.23	-30.07	5.6888	1.08772	1.30299	0.256759	0.25179	0.491451
5.24	-32.9	6.62512	1.26434	1.30302	0.254198	0.254568	0.491235
5.25	-32.32	5.48345	1.04447	1.30306	0.253735	0.256481	0.489784
5.26	-31.61	7.58569	1.44215	1.30309	0.255957	0.252438	0.491605
5.27	-34.05	6.77306	1.28521	1.30314	0.255154	0.256142	0.488704
5.28	-34.31	7.3058	1.38367	1.30317	0.256667	0.253827	0.489506
5.29	-31.54	6.25385	1.1822	1.30322	0.257623	0.252685	0.489691
5.3	-30.93	7.32094	1.38131	1.30325	0.256759	0.251852	0.491389
5.31	-34.16	6.21414	1.17027	1.3033	0.252994	0.256019	0.490988
5.32	-32.61	8.71014	1.63724	1.30333	0.252809	0.255617	0.491574
5.33	-30.61	6.96464	1.30669	1.30338	0.255463	0.252747	0.49179
5.34	-33.22	6.08339	1.13921	1.30342	0.25466	0.255031	0.490309
5.35	-33.77	6.0392	1.12882	1.30346	0.256574	0.253025	0.490401
5.36	-30.26	4.97857	0.928838	1.30349	0.25284	0.254877	0.492284
5.37	-31.22	6.8992	1.28477	1.30352	0.254938	0.254506	0.490556
5.38	-33.16	7.35252	1.36664	1.30356	0.254753	0.253981	0.491265
5.39	-33.75	6.94365	1.28825	1.3036	0.254969	0.253488	0.491543
5.4	-30.22	7.31796	1.35518	1.30364	0.255185	0.253395	0.49142
5.41	-33.6	7.6937	1.42213	1.30369	0.25321	0.256944	0.489846
5.42	-33.19	7.26345	1.34012	1.30373	0.252901	0.257284	0.489815
5.43	-30.89	6.11831	1.12676	1.30377	0.255895	0.252099	0.492006
5.44	-30.97	5.29267	0.972917	1.30381	0.258241	0.251543	0.490216
5.45	-31.16	6.33396	1.16219	1.30384	0.253735	0.255463	0.490802
5.46	-30.6	5.52402	1.01173	1.30387	0.257068	0.251636	0.491296
5.47	-31.23	4.48439	0.819816	1.3039	0.257562	0.252315	0.490123
5.48	-31.94	6.16563	1.12512	1.30393	0.254846	0.255154	0.49
5.49	-31.9	6.24185	1.13695	1.30396	0.253395	0.254537	0.492068
5.5	-30.44	6.24682	1.13579	1.304	0.252284	0.255093	0.492623
5.51	-29.7	5.50492	0.999079	1.30403	0.254846	0.253117	0.492037
5.52	-28.53	4.41836	0.800427	1.30406	0.256667	0.251049	0.492284
5.53	-31.28	6.32622	1.14398	1.30409	0.255278	0.253519	0.491204
5.54	-28.95	4.52526	0.816834	1.30412	0.251389	0.255802	0.492809
5.55	-30.22	5.99015	1.07931	1.30415	0.252407	0.254537	0.493056
5.56	-31.54	6.41104	1.15307	1.30418	0.25466	0.253333	0.492006
5.57	-32.14	5.61937	1.00886	1.30422	0.254969	0.25463	0.490401
5.58	-30.62	7.71366	1.38238	1.30425	0.25358	0.255247	0.491173
5.59	-31.82	7.72615	1.38214	1.30429	0.253086	0.254012	0.492901
5.6	-29.11	4.64662	0.829753	1.30433	0.25713	0.249846	0.493025
5.61	-29.46	5.87086	1.0465	1.30436	0.254383	0.253827	0.49179
5.62	-29.73	6.07443	1.08086	1.30439	0.253086	0.255401	0.491512
5.63	-30.21	5.8405	1.03739	1.30443	0.25213	0.25534	0.492531
5.64	-29.19	6.70093	1.18811	1.30446	0.253395	0.252191	0.494414
5.65	-31.74	5.70358	1.00948	1.30449	0.254877	0.254784	0.49034
5.66	-30.28	5.71432	1.0096	1.30453	0.256265	0.251852	0.491883
5.67	-32.63	5.35176	0.943872	1.30456	0.255093	0.255	0.489907
5.68	-30.01	5.92237	1.04267	1.30459	0.256019	0.25321	0.490772
5.69	-29.52	5.91948	1.04033	1.30462	0.252407	0.253827	0.493765
5.7	-30.77	4.66966	0.819238	1.30465	0.254228	0.253395	0.492377
5.71	-30.84	5.41694	0.948676	1.30468	0.252963	0.255123	0.491914
5.72	-27.22	6.291	1.09983	1.3047	0.253704	0.253302	0.492994
5.73	-29.38	5.76116	1.00544	1.30474	0.25642	0.251173	0.492407
5.74	-29.24	4.39068	0.764927	1.30477	0.251605	0.254969	0.493426
5.75	-27.91	4.94161	0.85941	1.30479	0.254383	0.252284	0.493333
5.76	-27.9	4.72759	0.820762	1.30482	0.255556	0.253302	0.491142
5.77	-30.26	5.37269	0.931142	1.30485	0.252623	0.255185	0.492191
5.78	-29.37	5.62353	0.972929	1.30487	0.252778	0.254074	0.493148
5.79	-27.47	5.04798	0.871845	1.3049	0.250432	0.255278	0.49429
5.8	-29.27	6.14795	1.05999	1.30493	0.253519	0.253488	0.492994
5.81	-31.86	6.7662	1.16458	1.30496	0.256574	0.253519	0.489907
5.82	-27.2	6.51032	1.11861	1.305	0.252593	0.254105	0.493302
5.83	-28.4	4.83334	0.829047	1.30503	0.255926	0.250586	0.493488
5.84	-26.48	4.61184	0.789699	1.30506	0.252469	0.254506	0.493025
5.85	-30.22	4.44771	0.760292	1.30508	0.254198	0.252778	0.493025
5.86	-27.34	5.25587	0.896906	1.30511	0.252407	0.255185	0.492407
5.87	-30.23	4.6997	0.80063	1.30514	0.256265	0.25321	0.490525
5.88	-29.36	5.03929	0.857022	1.30516	0.252778	0.25608	0.491142
5.89	-26.95	4.50441	0.764756	1.30519	0.250772	0.255895	0.493333
5.9	-27.85	5.81061	0.98485	1.30521	0.254136	0.253333	0.492531
5.91	-28.03	4.57938	0.774853	1.30524	0.254722	0.252346	0.492932
5.92	-27.75	4.37613	0.739211	1.30526	0.252377	0.255432	0.492191
5.93	-31.08	6.29359	1.06131	1.30529	0.254969	0.253981	0.491049
5.94	-28.15	4.61992	0.777765	1.30532	0.25179	0.255802	0.492407
5.95	-28.18	6.49863	1.09221	1.30534	0.253858	0.255	0.491142
5.96	-27.4	4.90237	0.822545	1.30538	0.255309	0.251265	0.493426
5.97	-26.65	4.91759	0.823718	1.3054	0.249846	0.25608	0.494074
5.98	-27.75	4.35922	0.728967	1.30543	0.250494	0.256852	0.492654
5.99	-28.53	5.35698	0.894321	1.30545	0.252531	0.255309	0.49216
6	-29.45	4.73354	0.788924	1.30548	0.254136	0.25321	0.492654
6.01	-27.71	4.89107	0.813822	1.3055	0.252407	0.254167	0.493426
6.02	-25.81	5.26578	0.874714	1.30553	0.254043	0.252253	0.493704
6.03	-25.9	5.48144	0.909028	1.30556	0.254506	0.252099	0.493395
6.04	-26.51	5.61461	0.929571	1.30558	0.257593	0.249691	0.492716
6.05	-27.74	6.58295	1.08809	1.30561	0.253272	0.254877	0.491852
6.06	-28.96	4.7887	0.790215	1.30565	0.254815	0.251975	0.49321
6.07	-30.48	5.09187	0.838859	1.30567	0.251975	0.254599	0.493426
6.08	-27.61	4.12531	0.678505	1.3057	0.252963	0.253704	0.493333
6.09	-27.95	3.84564	0.631468	1.30572	0.256852	0.250586	0.492562
6.1	-27.7	3.95136	0.647763	1.30574	0.253457	0.252623	0.49392
6.11	-29.44	4.14942	0.679119	1.30576	0.256358	0.250525	0.493117
6.12	-27.57	4.68316	0.765223	1.30578	0.254568	0.251512	0.49392
6.13	-28.07	3.91903	0.63932	1.3058	0.252377	0.254969	0.492654
6.14	-26.26	4.16854	0.678916	1.30582	0.25608	0.249506	0.494414
6.15	-29.19	4.59446	0.747066	1.30584	0.253611	0.253611	0.492778
6.16	-26.3	4.39129	0.712871	1.30586	0.255463	0.25142	0.493117
6.17	-27.72	4.69731	0.761315	1.30589	0.249506	0.257068	0.493426
6.18	-26.76	4.2983	0.695518	1.30591	0.255278	0.251204	0.493519
6.19	-28.05	4.18121	0.675478	1.30593	0.256451	0.25179	0.491759
6.2	-27.89	4.09412	0.660342	1.30595	0.254475	0.252747	0.492778
6.21	-27.56	3.75236	0.604245	1.30597	0.252284	0.253302	0.494414
6.22	-26.48	4.73603	0.76142	1.30599	0.252284	0.254568	0.493148
6.23	-25.38	3.98825	0.640169	1.30601	0.253735	0.251975	0.49429
6.24	-27.32	4.61656	0.739833	1.30603	0.253549	0.252222	0.494228
6.25	-27.49	5.07571	0.812114	1.30606	0.254228	0.253179	0.492593
6.26	-25.29	4.63733	0.740788	1.30608	0.250062	0.256296	0.493642
6.27	-27.63	5.49929	0.87708	1.30611	0.251636	0.254383	0.493981
6.28	-27.86	3.45299	0.549839	1.30613	0.251698	0.254475	0.493827
6.29	-26.69	3.90996	0.621615	1.30615	0.25108	0.255463	0.493457
6.3	-26.4	4.58453	0.727703	1.30617	0.252346	0.253951	0.493704
6.31	-22.57	4.94084	0.783018	1.30619	0.254753	0.249969	0.495278
6.32	-26.94	3.76233	0.595305	1.30622	0.251451	0.253549	0.495
6.33	-27.46	6.82545	1.07827	1.30623	0.250926	0.256049	0.493025
6.34	-26.73	4.3621	0.688028	1.30627	0.255278	0.250957	0.493765
6.35	-26.36	4.79659	0.755368	1.30629	0.251605	0.254568	0.493827
6.36	-27.51	3.64676	0.57339	1.30631	0.254074	0.252747	0.493179
6.37	-27.34	4.4657	0.701052	1.30633	0.251698	0.25466	0.493642
6.38	-26.57	4.54067	0.711703	1.30635	0.255741	0.252531	0.491728
6.39	-22.57	4.20858	0.658619	1.30637	0.253272	0.25179	0.494938
6.4	-27.87	5.32893	0.832646	1.30639	0.250432	0.255988	0.49358
6.41	-27.06	4.45619	0.695194	1.30642	0.254228	0.252068	0.493704
6.42	-26.63	3.33249	0.519079	1.30644	0.253981	0.253179	0.49284
6.43	-27.09	4.56844	0.710489	1.30646	0.253056	0.254012	0.492932
6.44	-25.86	4.47032	0.69415	1.30648	0.253457	0.253272	0.493272
6.45	-26.56	3.99318	0.619098	1.3065	0.251667	0.254043	0.49429
6.46	-27.92	3.60383	0.557868	1.30652	0.254537	0.253148	0.492315
6.47	-28.63	5.32414	0.822896	1.30654	0.252994	0.253457	0.493549
6.48	-23.42	4.01719	0.619937	1.30656	0.252716	0.252037	0.495247
6.49	-24.64	4.77659	0.735992	1.30658	0.255278	0.251975	0.492747
6.5	-25.84	5.41052	0.832387	1.3066	0.25142	0.255463	0.493117
6.51	-25.9	3.38484	0.519945	1.30663	0.251142	0.254784	0.494074
6.52	-23.59	4.72877	0.725271	1.30664	0.249444	0.256173	0.494383
6.53	-23.67	3.79966	0.581878	1.30667	0.255617	0.250216	0.494167
6.54	-26.74	3.98564	0.609426	1.30669	0.251389	0.254321	0.49429
6.55	-24.43	4.7397	0.723619	1.3067	0.251327	0.254321	0.494352
6.56	-24.21	3.81576	0.581671	1.30673	0.254475	0.25108	0.494444
6.57	-24.26	4.52943	0.689411	1.30674	0.251204	0.25358	0.495216
6.58	-28.01	3.46657	0.526834	1.30677	0.25466	0.253704	0.491636
6.59	-23.93	4.57411	0.694099	1.30678	0.254074	0.251451	0.494475
6.6	-24.63	4.26339	0.645968	1.3068	0.252809	0.252685	0.494506
6.61	-25.71	4.86921	0.736643	1.30682	0.254259	0.252623	0.493117
6.62	-26.78	4.61276	0.696792	1.30685	0.251914	0.254691	0.493395
6.63	-24.64	3.50776	0.529074	1.30687	0.253302	0.25213	0.494568
6.64	-25.15	3.79063	0.570878	1.30688	0.25463	0.250679	0.494691
6.65	-24.32	4.11912	0.619416	1.3069	0.252747	0.253549	0.493704
6.66	-26.58	3.13159	0.470209	1.30692	0.249722	0.256914	0.493364
6.67	-25.94	5.44128	0.815784	1.30693	0.253179	0.252222	0.494599
6.68	-24.56	3.56607	0.533842	1.30696	0.25216	0.253519	0.494321
6.69	-23.89	4.08878	0.611178	1.30698	0.251142	0.252963	0.495895
6.7	-25.29	3.72969	0.556671	1.307	0.251296	0.254167	0.494537
6.71	-25.26	3.83333	0.571287	1.30701	0.252994	0.253272	0.493735
6.72	-24.56	4.17744	0.621643	1.30703	0.25179	0.254012	0.494198
6.73	-25.86	3.654	0.542943	1.30705	0.250247	0.254784	0.494969
6.74	-25.3	3.58571	0.532004	1.30707	0.252191	0.252716	0.495093
6.75	-24.69	2.86626	0.424631	1.30708	0.250802	0.254753	0.494444
6.76	-24.25	4.12817	0.610676	1.3071	0.24966	0.255648	0.494691
6.77	-26.05	3.44354	0.508647	1.30711	0.25213	0.252932	0.494938
6.78	-25.53	3.75234	0.553443	1.30713	0.251852	0.254012	0.494136
6.79	-25.32	3.42437	0.504326	1.30715	0.252685	0.253519	0.493796
6.8	-25.58	2.99662	0.440679	1.30716	0.251944	0.25284	0.495216
6.81	-24.3	3.32003	0.487523	1.30718	0.252747	0.252747	0.494506
6.82	-23.8	3.48552	0.511074	1.30719	0.252315	0.25287	0.494815
6.83	-24.98	4.42711	0.648185	1.30721	0.252901	0.253272	0.493827
6.84	-23.07	3.90259	0.570554	1.30723	0.251667	0.25392	0.494414
6.85	-24.53	3.42158	0.499501	1.30724	0.252809	0.252346	0.494846
6.86	-23.94	3.82996	0.558303	1.30726	0.249722	0.255123	0.495154
6.87	-26.25	3.71481	0.540729	1.30728	0.250988	0.253796	0.495216
6.88	-26.44	3.82949	0.556611	1.30729	0.255154	0.25216	0.492685
6.89	-25.36	3.61919	0.525281	1.30731	0.25142	0.254537	0.494043
6.9	-25.63	4.56906	0.662183	1.30733	0.251574	0.253765	0.49466
6.91	-25.15	3.76701	0.545153	1.30735	0.251698	0.253827	0.494475
6.92	-24.66	3.81454	0.551234	1.30736	0.251605	0.25463	0.493765
6.93	-22.41	3.05554	0.440915	1.30738	0.25034	0.253673	0.495988
6.94	-20.74	3.86749	0.557276	1.3074	0.251235	0.253364	0.495401
6.95	-24.21	3.71339	0.5343	1.30741	0.256049	0.249475	0.494475
6.96	-24.78	4.157	0.59727	1.30743	0.254815	0.250586	0.494599
6.97	-23.63	3.19371	0.458207	1.30745	0.253086	0.253086	0.493827
6.98	-24.35	4.85849	0.696059	1.30746	0.255123	0.249321	0.495556
6.99	-24.65	4.76969	0.682359	1.30748	0.251944	0.253333	0.494722
7	-22.28	4.49024	0.641462	1.3075	0.252253	0.253426	0.494321
7.01	-24.27	3.25838	0.464819	1.30752	0.253333	0.25179	0.494877
7.02	-23.71	3.85277	0.548827	1.30754	0.25071	0.254105	0.495185
7.03	-25.77	4.11399	0.585205	1.30756	0.252685	0.252932	0.494383
7.04	-22.02	3.21014	0.455986	1.30757	0.251728	0.252623	0.495648
7.05	-25.16	4.15018	0.588678	1.30759	0.254877	0.250802	0.494321
7.06	-26.23	3.46157	0.490307	1.30761	0.253519	0.252932	0.493549
7.07	-25.22	3.27522	0.463256	1.30762	0.253086	0.253025	0.493889
7.08	-24.51	3.05488	0.43148	1.30764	0.253086	0.25287	0.494043
7.09	-21.42	3.21841	0.453937	1.30765	0.253179	0.251574	0.495247
7.1	-25.35	3.26855	0.460359	1.30766	0.25216	0.252809	0.495031
7.11	-20.29	3.74793	0.527135	1.30768	0.252407	0.250802	0.49679
7.12	-23.44	3.95441	0.555395	1.30769	0.253179	0.25142	0.495401
7.13	-22.75	3.41027	0.478299	1.30771	0.251698	0.253241	0.495062
7.14	-22.68	2.43975	0.341702	1.30772	0.251883	0.252531	0.495586
7.15	-24.11	4.82288	0.674529	1.30774	0.254537	0.252191	0.493272
7.16	-24.86	3.49163	0.487658	1.30776	0.248981	0.256389	0.49463
7.17	-23.39	2.95859	0.412635	1.30777	0.250802	0.254568	0.49463
7.18	-24.2	3.50672	0.488402	1.30778	0.251636	0.25358	0.494784
7.19	-21.93	2.44361	0.339862	1.3078	0.251543	0.250741	0.497716
7.2	-20.61	3.12727	0.434344	1.30781	0.251235	0.253673	0.495093
7.21	-21.16	3.15586	0.437706	1.30782	0.252809	0.250123	0.497068
7.22	-24.33	4.07381	0.564239	1.30784	0.251389	0.253457	0.495154
7.23	-24.56	3.58477	0.495819	1.30785	0.251636	0.254198	0.494167
7.24	-24.09	3.43094	0.473887	1.30787	0.252377	0.251821	0.495802
7.25	-23.02	3.02002	0.416554	1.30788	0.253272	0.251821	0.494907
7.26	-24.52	3.05439	0.420715	1.3079	0.251975	0.253858	0.494167
7.27	-26.2	3.16463	0.4353	1.30791	0.25392	0.251728	0.494352
7.28	-20.78	2.97993	0.409331	1.30792	0.252099	0.251512	0.496389
7.29	-22.14	2.84736	0.390584	1.30794	0.249691	0.255278	0.495031
7.3	-21.44	3.13429	0.429355	1.30795	0.255741	0.247963	0.496296
7.31	-22.07	3.25595	0.44541	1.30796	0.25392	0.251265	0.494815
7.32	-24.66	3.63187	0.496157	1.30797	0.254105	0.250093	0.495802
7.33	-21.25	3.77129	0.514501	1.30799	0.252623	0.251265	0.496111
7.34	-22.61	3.0403	0.41421	1.30801	0.252531	0.251204	0.496265
7.35	-22.34	3.44198	0.468297	1.30802	0.253148	0.251173	0.495679
7.36	-21.01	2.89996	0.394017	1.30803	0.25213	0.251728	0.496142
7.37	-21.04	3.62831	0.492308	1.30805	0.251173	0.252222	0.496605
7.38	-23.29	4.08718	0.553819	1.30806	0.253272	0.251543	0.495185
7.39	-23.94	3.69325	0.499764	1.30808	0.252747	0.252191	0.495062
7.4	-20.82	3.01256	0.407102	1.30809	0.24963	0.254568	0.495802
7.41	-19	2.87571	0.388086	1.30811	0.250309	0.253519	0.496173
7.42	-24.66	3.30505	0.445425	1.30812	0.253488	0.251667	0.494846
7.43	-23.15	2.99951	0.403702	1.30813	0.25392	0.252253	0.493827
7.44	-24.68	2.94394	0.395691	1.30814	0.251759	0.254537	0.493704
7.45	-22.41	3.43952	0.46168	1.30816	0.250463	0.254599	0.494938
7.46	-22.96	3.80579	0.51016	1.30817	0.254383	0.251698	0.49392
7.47	-19.7	2.57254	0.344383	1.30819	0.252531	0.251296	0.496173
7.48	-20.94	3.37078	0.450639	1.3082	0.251389	0.252716	0.495895
7.49	-21.98	3.10409	0.414431	1.30821	0.252222	0.250864	0.496914
7.5	-21.28	2.58705	0.34494	1.30822	0.250093	0.254383	0.495525
7.51	-22.48	2.83456	0.377438	1.30823	0.250864	0.253488	0.495648
7.52	-22.35	3.28145	0.436363	1.30825	0.249722	0.254074	0.496204
7.53	-23.3	2.81918	0.374393	1.30826	0.252654	0.250895	0.496451
7.54	-21.84	2.98416	0.395777	1.30827	0.25392	0.252006	0.494074
7.55	-20.1	2.71128	0.359111	1.30828	0.252068	0.251975	0.495957
7.56	-20.95	2.60679	0.344814	1.30829	0.253673	0.250833	0.495494
7.57	-20.75	3.86926	0.511131	1.3083	0.25534	0.248364	0.496296
7.58	-20.99	2.49807	0.32956	1.30832	0.252407	0.251605	0.495988
7.59	-22.05	3.75689	0.494979	1.30833	0.252191	0.252253	0.495556
7.6	-20.2	3.59591	0.473147	1.30835	0.253395	0.251049	0.495556
7.61	-19.76	3.80132	0.499516	1.30836	0.250494	0.252315	0.497191
7.62	-21.19	2.98727	0.39203	1.30838	0.251481	0.253086	0.495432
7.63	-20.21	3.21394	0.421225	1.30839	0.251944	0.251759	0.496296
7.64	-20.55	2.61827	0.342706	1.3084	0.253981	0.249537	0.496481
7.65	-20.06	2.43353	0.318109	1.30841	0.253148	0.250926	0.495926
7.66	-20.94	2.78985	0.364211	1.30842	0.251914	0.253025	0.495062
7.67	-23.5	2.63731	0.343847	1.30843	0.250648	0.253981	0.49537
7.68	-22.51	2.69284	0.35063	1.30844	0.252685	0.251481	0.495833
7.69	-23.46	3.11127	0.404587	1.30845	0.254969	0.25071	0.494321
7.7	-22.14	2.94013	0.381835	1.30847	0.24858	0.255123	0.496296
7.71	-22.81	3.40612	0.44178	1.30848	0.250093	0.255401	0.494506
7.72	-23.76	2.96925	0.384618	1.30849	0.254722	0.250802	0.494475
7.73	-21.76	2.14119	0.276998	1.3085	0.249907	0.254259	0.495833
7.74	-22.26	2.53611	0.327663	1.30851	0.253333	0.251543	0.495123
7.75	-23.02	2.7741	0.357949	1.30852	0.252593	0.251759	0.495648
7.76	-22.49	2.80898	0.361982	1.30853	0.251759	0.252315	0.495926
7.77	-21.3	2.88855	0.371756	1.30854	0.255586	0.249259	0.495154
7.78	-21.25	2.83483	0.364374	1.30856	0.253333	0.251296	0.49537
7.79	-21.6	2.41183	0.309606	1.30857	0.249105	0.254969	0.495926
7.8	-21.48	2.88247	0.369548	1.30858	0.25571	0.248333	0.495957
7.81	-21.81	3.1601	0.404623	1.30859	0.249907	0.255617	0.494475
7.82	-22.54	2.72742	0.348775	1.3086	0.256111	0.248457	0.495432
7.83	-24.08	4.02182	0.513643	1.30861	0.250494	0.254846	0.49466
7.84	-23.71	2.57454	0.328386	1.30863	0.253426	0.251265	0.495309
7.85	-20.53	2.79263	0.35575	1.30864	0.250525	0.252099	0.497377
7.86	-22.54	2.93703	0.373668	1.30865	0.253241	0.250154	0.496605
7.87	-23.06	3.64171	0.462734	1.30866	0.251235	0.25358	0.495185
7.88	-21.23	2.34123	0.29711	1.30867	0.251759	0.25284	0.495401
7.89	-21.12	3.1187	0.395272	1.30868	0.250648	0.253951	0.495401
7.9	-19.3	2.42061	0.306406	1.3087	0.252716	0.249846	0.497438
7.91	-21.64	3.38208	0.42757	1.30871	0.251852	0.253117	0.495031
7.92	-20.45	2.55311	0.322363	1.30872	0.251636	0.253025	0.49534
7.93	-21.24	2.93874	0.370585	1.30873	0.251883	0.252469	0.495648
7.94	-19	2.68386	0.338017	1.30874	0.249691	0.253086	0.497222
7.95	-20.35	2.60413	0.327563	1.30875	0.253765	0.250093	0.496142
7.96	-18.95	2.4767	0.311143	1.30876	0.252253	0.251883	0.495864
7.97	-23.56	2.45315	0.307798	1.30877	0.251204	0.253889	0.494907
7.98	-23.38	2.95437	0.370222	1.30878	0.25608	0.248519	0.495401
7.99	-20.76	2.42673	0.30372	1.30879	0.251914	0.251883	0.496204
8	-19.14	2.49688	0.31211	1.3088	0.250401	0.253148	0.496451
8.01	-21.95	2.95273	0.368631	1.30881	0.250833	0.253025	0.496142
8.02	-21.17	2.39521	0.298655	1.30882	0.250525	0.253056	0.49642
8.03	-21.56	2.92779	0.364606	1.30883	0.253673	0.249815	0.496512
8.04	-21.68	2.68059	0.333407	1.30884	0.254938	0.249815	0.495247
8.05	-23.06	3.28932	0.408612	1.30885	0.253395	0.249691	0.496914
8.06	-21.07	2.77733	0.344581	1.30886	0.253241	0.251698	0.495062
8.07	-21.59	3.18499	0.39467	1.30888	0.253364	0.251296	0.49534
8.08	-21.71	2.56877	0.317917	1.30889	0.252006	0.253117	0.494877
8.09	-20.78	2.66397	0.329291	1.3089	0.253488	0.25037	0.496142
8.1	-20.5	2.22298	0.274443	1.30891	0.250525	0.253642	0.495833
8.11	-21.12	2.81678	0.347322	1.30892	0.250525	0.254846	0.49463
8.12	-21.19	2.61038	0.321475	1.30893	0.252963	0.251574	0.495463
8.13	-20.03	2.84203	0.349573	1.30894	0.253179	0.251327	0.495494
8.14	-22.99	2.81695	0.346063	1.30895	0.254352	0.250741	0.494907
8.15	-20.31	1.86193	0.228457	1.30896	0.251512	0.252469	0.496019
8.16	-19.46	2.3631	0.289596	1.30897	0.252284	0.250401	0.497315
8.17	-21.69	3.05134	0.373482	1.30897	0.254815	0.24892	0.496265
8.18	-22.83	2.5822	0.315672	1.30899	0.25037	0.254815	0.494815
8.19	-21.12	2.03956	0.24903	1.309	0.245926	0.257562	0.496512
8.2	-20.42	2.27459	0.277389	1.309	0.251759	0.253364	0.494877
8.21	-20.24	2.2907	0.279013	1.30901	0.252747	0.251605	0.495648
8.22	-20.79	2.01908	0.24563	1.30902	0.251389	0.252099	0.496512
8.23	-19.16	2.6521	0.322248	1.30903	0.25216	0.252315	0.495525
8.24	-21.19	2.81533	0.341666	1.30904	0.254938	0.248827	0.496235
8.25	-19.61	2.41598	0.292847	1.30905	0.254198	0.250093	0.49571
8.26	-18.87	2.65835	0.321835	1.30906	0.249938	0.253148	0.496914
8.27	-18.26	2.30276	0.278447	1.30907	0.253488	0.250093	0.49642
8.28	-17.62	2.72112	0.328638	1.30908	0.251698	0.251914	0.496389
8.29	-19.76	3.09007	0.372747	1.30909	0.252315	0.250123	0.497562
8.3	-19.53	2.50993	0.302401	1.3091	0.249784	0.252809	0.497407
8.31	-21.33	2.2298	0.268327	1.30911	0.249259	0.255741	0.495
8.32	-21.82	2.52097	0.303001	1.30912	0.249599	0.25429	0.496111
8.33	-19.82	2.35322	0.2825	1.30912	0.250864	0.252716	0.49642
8.34	-18.2	2.31958	0.278127	1.30913	0.248889	0.253889	0.497222
8.35	-19.12	2.33419	0.279544	1.30914	0.251481	0.250463	0.498056
8.36	-17.67	2.40123	0.287229	1.30915	0.250679	0.252809	0.496512
8.37	-21	2.10686	0.251716	1.30916	0.252469	0.250679	0.496852
8.38	-20.7	2.34662	0.280026	1.30917	0.25034	0.253457	0.496204
8.39	-18.67	2.26106	0.269495	1.30918	0.25037	0.252438	0.497191
8.4	-17.37	2.33324	0.277766	1.30918	0.252994	0.251142	0.495864
8.41	-20.89	2.18948	0.260343	1.30919	0.251327	0.251914	0.496759
8.42	-19.77	2.37215	0.281728	1.3092	0.25287	0.249722	0.497407
8.43	-18.86	1.92782	0.228686	1.30921	0.255216	0.248148	0.496636
8.44	-19.47	2.36839	0.280615	1.30922	0.252593	0.250216	0.497191
8.45	-18.78	2.57682	0.304949	1.30923	0.248395	0.254938	0.496667
8.46	-18.22	1.77852	0.210227	1.30923	0.250216	0.251605	0.498179
8.47	-20.4	1.70921	0.201795	1.30924	0.251636	0.251914	0.496451
8.48	-21.69	3.05316	0.360042	1.30925	0.252654	0.251636	0.49571
8.49	-19.7	2.51706	0.296474	1.30926	0.251111	0.253025	0.495864
8.5	-20.73	2.51678	0.296091	1.30927	0.251605	0.253179	0.495216
8.51	-19.34	2.19835	0.258325	1.30928	0.252778	0.249846	0.497377
8.52	-22.57	1.99207	0.233811	1.30928	0.252222	0.252469	0.495309
8.53	-18.75	2.071	0.24279	1.30929	0.251543	0.251852	0.496605
8.54	-21.18	2.23124	0.261269	1.3093	0.250216	0.253364	0.49642
8.55	-18.13	2.18232	0.255242	1.30931	0.253117	0.250494	0.496389
8.56	-18.69	2.24247	0.261971	1.30932	0.251728	0.252438	0.495833
8.57	-19.71	2.03889	0.23791	1.30932	0.254383	0.249784	0.495833
8.58	-20.86	2.73445	0.318701	1.30933	0.253364	0.249938	0.496698
8.59	-18.64	2.05684	0.239446	1.30934	0.253426	0.25108	0.495494
8.6	-21.18	2.07366	0.241123	1.30935	0.25	0.253148	0.496852
8.61	-16.32	1.97725	0.229646	1.30936	0.250617	0.252037	0.497346
8.62	-17.63	2.63421	0.305592	1.30936	0.247346	0.255648	0.497006
8.63	-19.96	1.72561	0.199955	1.30937	0.248673	0.254691	0.496636
8.64	-21.37	1.70306	0.197114	1.30938	0.249691	0.253765	0.496543
8.65	-18.35	1.83671	0.212337	1.30938	0.248735	0.253302	0.497963
8.66	-19.76	2.74766	0.317282	1.30939	0.251204	0.251821	0.496975
8.67	-19.45	2.21804	0.255829	1.3094	0.249167	0.255556	0.495278
8.68	-17.46	2.18932	0.252225	1.30941	0.251636	0.251327	0.497037
8.69	-18.73	2.5671	0.295408	1.30942	0.249815	0.252716	0.497469
8.7	-18.35	1.9676	0.226161	1.30943	0.248519	0.254259	0.497222
8.71	-19.2	2.24217	0.257424	1.30943	0.254537	0.249599	0.495864
8.72	-20.58	2.16106	0.247828	1.30944	0.247377	0.255988	0.496636
8.73	-19.91	2.41983	0.277185	1.30945	0.248673	0.254969	0.496358
8.74	-20.84	2.42912	0.277931	1.30946	0.253148	0.250772	0.49608
8.75	-20.86	2.40771	0.275167	1.30946	0.249352	0.25463	0.496019
8.76	-17.57	1.70744	0.194914	1.30947	0.250185	0.25284	0.496975
8.77	-20	2.02255	0.230621	1.30948	0.250617	0.252068	0.497315
8.78	-19.32	1.95591	0.222768	1.30949	0.249969	0.253395	0.496636
8.79	-18.68	2.17019	0.246893	1.30949	0.251605	0.250525	0.49787
8.8	-20.27	2.08622	0.237071	1.3095	0.251389	0.252778	0.495833
8.81	-20.48	2.6908	0.305426	1.30951	0.252593	0.25071	0.496698
8.82	-18.9	2.42479	0.274919	1.30952	0.25213	0.251698	0.496173
8.83	-17.49	1.99502	0.225937	1.30953	0.252562	0.251296	0.496142
8.84	-17.73	1.84037	0.208187	1.30953	0.249722	0.252099	0.498179
8.85	-19.22	2.02307	0.228595	1.30954	0.250463	0.253549	0.495988
8.86	-19.4	2.55645	0.288538	1.30955	0.25392	0.249105	0.496975
8.87	-19.69	2.7016	0.304578	1.30956	0.252531	0.251883	0.495586
8.88	-18.75	1.95306	0.219939	1.30957	0.248735	0.254074	0.497191
8.89	-19.66	2.03366	0.228758	1.30957	0.251883	0.251204	0.496914
8.9	-17.95	2.28339	0.256561	1.30958	0.254228	0.247747	0.498025
8.91	-19.23	2.37614	0.266682	1.30959	0.253858	0.249352	0.49679
8.92	-15.39	2.1084	0.236368	1.3096	0.253272	0.247593	0.499136
8.93	-18.06	1.88497	0.211082	1.3096	0.249506	0.253025	0.497469
8.94	-16.54	2.37687	0.26587	1.30961	0.252778	0.249877	0.497346
8.95	-17.1	2.50766	0.280186	1.30962	0.25034	0.252438	0.497222
8.96	-19.01	1.5686	0.175067	1.30963	0.251481	0.252593	0.495926
8.97	-15.82	1.91879	0.213912	1.30963	0.252099	0.250957	0.496944
8.98	-17.91	2.27159	0.252961	1.30964	0.250463	0.25216	0.497377
8.99	-21.68	2.82946	0.314735	1.30965	0.250617	0.253117	0.496265
9	-18.55	2.15244	0.23916	1.30966	0.251975	0.250988	0.497037
9.01	-17.4	1.85242	0.205596	1.30966	0.251173	0.251728	0.497099
9.02	-18.19	1.80351	0.199945	1.30967	0.248673	0.254599	0.496728
9.03	-19.01	2.12077	0.234859	1.30968	0.253025	0.250093	0.496883
9.04	-18.71	2.15152	0.238	1.30968	0.249043	0.254259	0.496698
9.05	-18.1	2.297	0.253812	1.30969	0.251636	0.251543	0.496821
9.06	-19.31	2.07464	0.228989	1.3097	0.25	0.254444	0.495556
9.07	-19.39	2.20164	0.242739	1.3097	0.252901	0.250556	0.496543
9.08	-17.47	2.63722	0.290442	1.30971	0.250833	0.25213	0.497037
9.09	-20.54	1.70727	0.187818	1.30972	0.250895	0.253179	0.495926
9.1	-18.43	2.09884	0.230642	1.30973	0.251667	0.251358	0.496975
9.11	-18.48	2.15719	0.236793	1.30973	0.254259	0.248395	0.497346
9.12	-17.51	1.53713	0.168545	1.30974	0.2475	0.255185	0.497315
9.13	-18.59	1.71842	0.188217	1.30975	0.249599	0.25284	0.497562
9.14	-19.09	1.59184	0.174162	1.30975	0.252222	0.251821	0.495957
9.15	-18.09	1.7489	0.191136	1.30976	0.25037	0.25216	0.497469
9.16	-18.09	2.39367	0.261317	1.30976	0.250895	0.251975	0.49713
9.17	-17.25	1.53917	0.167849	1.30977	0.251389	0.251636	0.496975
9.18	-15.7	1.81685	0.197914	1.30978	0.249074	0.254877	0.496049
9.19	-17.22	2.34289	0.254939	1.30978	0.251173	0.251235	0.497593
9.2	-15.92	2.02072	0.219643	1.30979	0.250833	0.251327	0.49784
9.21	-20.3	2.05897	0.223558	1.3098	0.250494	0.253673	0.495833
9.22	-17.65	2.3455	0.254393	1.3098	0.251481	0.251265	0.497253
9.23	-15.92	1.69208	0.183324	1.30981	0.253241	0.249198	0.497562
9.24	-18.65	2.01842	0.218443	1.30982	0.247994	0.254012	0.497994
9.25	-14.26	2.53023	0.273538	1.30982	0.251914	0.249969	0.498117
9.26	-17.98	1.54336	0.16667	1.30983	0.254321	0.248519	0.49716
9.27	-17.47	1.9486	0.210205	1.30984	0.254012	0.248364	0.497623
9.28	-18.94	1.72781	0.186187	1.30984	0.251543	0.251173	0.497284
9.29	-18.89	1.85412	0.199582	1.30985	0.251852	0.250123	0.498025
9.3	-16.1	1.80449	0.194031	1.30986	0.251759	0.250401	0.49784
9.31	-18.78	2.15759	0.23175	1.30986	0.253179	0.250309	0.496512
9.32	-16.62	1.82421	0.195731	1.30987	0.25142	0.251667	0.496914
9.33	-16.9	2.1203	0.227256	1.30988	0.249938	0.25287	0.497191
9.34	-17.25	1.95456	0.209268	1.30988	0.250926	0.250463	0.498611
9.35	-18.1	2.03369	0.217507	1.30989	0.250247	0.252191	0.497562
9.36	-16.84	2.04081	0.218035	1.3099	0.249969	0.25284	0.497191
9.37	-16.86	1.84016	0.196389	1.3099	0.25142	0.251296	0.497284
9.38	-14.29	1.93973	0.206794	1.30991	0.249722	0.252407	0.49787
9.39	-18.48	2.00981	0.214038	1.30992	0.250864	0.251327	0.497809
9.4	-17.27	2.27566	0.242091	1.30992	0.251698	0.249969	0.498333
9.41	-17.76	1.87178	0.198914	1.30993	0.250617	0.251111	0.498272
9.42	-18.03	1.89403	0.201064	1.30994	0.249784	0.253549	0.496667
9.43	-15.72	2.39395	0.253865	1.30994	0.251636	0.250833	0.497531
9.44	-18.41	2.11889	0.224459	1.30995	0.251914	0.250525	0.497562
9.45	-15.61	2.13206	0.225614	1.30996	0.252809	0.250185	0.497006
9.46	-15.87	1.53593	0.162361	1.30996	0.252346	0.250093	0.497562
9.47	-17.55	1.78642	0.18864	1.30997	0.255926	0.247315	0.496759
9.48	-18.43	1.87209	0.197477	1.30997	0.254475	0.249167	0.496358
9.49	-16.62	1.63841	0.172646	1.30998	0.251265	0.249969	0.498765
9.5	-19.12	2.0712	0.218021	1.30999	0.249877	0.253827	0.496296
9.51	-19.96	2.19525	0.230836	1.30999	0.253241	0.250247	0.496512
9.52	-18.15	1.97624	0.207588	1.31	0.251296	0.251605	0.497099
9.53	-16.75	1.47155	0.154412	1.31001	0.249228	0.254537	0.496235
9.54	-16.8	1.63979	0.171886	1.31001	0.252253	0.249753	0.497994
9.55	-17.01	2.03295	0.212874	1.31002	0.249167	0.25392	0.496914
9.56	-16.69	1.60683	0.168078	1.31002	0.251512	0.25034	0.498148
9.57	-19.86	1.79506	0.187572	1.31003	0.251235	0.252685	0.49608
9.58	-16.14	1.85211	0.193331	1.31003	0.253858	0.25034	0.495802
9.59	-18.37	2.04737	0.213491	1.31004	0.25213	0.250802	0.497068
9.6	-17.33	2.08899	0.217603	1.31005	0.251451	0.251698	0.496852
9.61	-20.17	1.3702	0.142581	1.31005	0.252068	0.250988	0.496944
9.62	-16.78	1.87447	0.194851	1.31006	0.250309	0.25213	0.497562
9.63	-16.9	1.57294	0.163338	1.31006	0.252716	0.249012	0.498272
9.64	-17.35	1.72246	0.178678	1.31007	0.253611	0.248519	0.49787
9.65	-19.54	1.64481	0.170446	1.31007	0.252623	0.251296	0.49608
9.66	-16.91	2.10256	0.217657	1.31008	0.25037	0.251574	0.498056
9.67	-16.94	1.877	0.194106	1.31009	0.249228	0.254506	0.496265
9.68	-15.34	2.08153	0.215034	1.31009	0.252531	0.249753	0.497716
9.69	-17.2	1.46609	0.151299	1.3101	0.25071	0.25108	0.49821
9.7	-15.17	1.71964	0.177283	1.3101	0.252531	0.249969	0.4975
9.71	-18.66	1.74096	0.179295	1.31011	0.252562	0.250062	0.497377
9.72	-16.19	1.40788	0.144843	1.31011	0.250586	0.252099	0.497315
9.73	-15.47	1.71463	0.176221	1.31012	0.250556	0.250864	0.49858
9.74	-16.94	2.18385	0.224214	1.31012	0.253796	0.249228	0.496975
9.75	-16.33	1.93221	0.198176	1.31013	0.25142	0.249599	0.498981
9.76	-17.54	1.78934	0.183334	1.31014	0.2525	0.249722	0.497778
9.77	-14.43	2.16217	0.221307	1.31014	0.253611	0.249938	0.496451
9.78	-16.43	1.6327	0.166943	1.31015	0.251049	0.251914	0.497037
9.79	-17.6	1.84404	0.188359	1.31015	0.24787	0.255185	0.496944
9.8	-17.24	1.67141	0.170552	1.31016	0.253549	0.249444	0.497006
9.81	-14.91	1.69336	0.172615	1.31017	0.248148	0.254352	0.4975
9.82	-17.1	1.83372	0.186733	1.31017	0.25287	0.249907	0.497222
9.83	-16.19	2.11752	0.215414	1.31018	0.250895	0.25108	0.498025
9.84	-17.89	1.56898	0.15945	1.31018	0.252006	0.250926	0.497068
9.85	-16.88	1.89158	0.192038	1.31019	0.252654	0.250895	0.496451
9.86	-18.11	1.42397	0.144419	1.31019	0.249969	0.252654	0.497377
9.87	-14.84	1.45082	0.146993	1.3102	0.25321	0.249012	0.497778
9.88	-16.59	2.10893	0.213454	1.3102	0.251667	0.251204	0.49713
9.89	-16.61	2.06843	0.209144	1.31021	0.254414	0.249074	0.496512
9.9	-16.77	1.39187	0.140593	1.31022	0.253148	0.250463	0.496389
9.91	-16.69	1.56417	0.157837	1.31022	0.251019	0.251605	0.497377
9.92	-15.74	1.70063	0.171434	1.31023	0.249105	0.253488	0.497407
9.93	-17.92	2.04385	0.205826	1.31023	0.252623	0.251235	0.496142
9.94	-17.68	1.4732	0.148209	1.31024	0.251265	0.251512	0.497222
9.95	-15.77	1.67791	0.168634	1.31024	0.249722	0.252469	0.497809
9.96	-16.03	1.72728	0.173422	1.31025	0.251481	0.250741	0.497778
9.97	-16.96	1.41486	0.141912	1.31025	0.249907	0.251852	0.498241
9.98	-19.08	1.56358	0.156672	1.31026	0.252994	0.251759	0.495247
9.99	-16.39	1.79076	0.179255	1.31026	0.255062	0.247346	0.497593
10	-17.63	1.50173	0.150173	1.31027	0.251451	0.252099	0.496451
