0.0001	1e+008	0
0.0101	9802.96	6.73721e+015
0.0201	2475.19	6.73722e+015
0.0301	1103.74	6.73722e+015
0.0401	621.887	6.73722e+015
0.0501	398.405	6.73722e+015
0.0601	276.854	6.73722e+015
0.0701	203.5	6.73722e+015
0.0801	155.86	6.73722e+015
0.0901	123.183	6.73722e+015
0.1001	99.8003	6.73722e+015
0.1101	82.4946	6.73722e+015
0.1201	69.3288	6.73722e+015
0.1301	59.0807	6.73722e+015
0.1401	50.9476	6.73722e+015
0.1501	44.3852	6.73722e+015
0.1601	39.0137	6.73722e+015
0.1701	34.5614	6.73722e+015
0.1801	30.8299	6.73722e+015
0.1901	27.6717	6.73722e+015
0.2001	24.975	6.73722e+015
0.2101	22.6542	6.73722e+015
0.2201	20.6424	6.73722e+015
0.2301	18.8872	6.73722e+015
0.2401	17.3467	6.73722e+015
0.2501	15.9872	6.73722e+015
0.2601	14.7815	6.73722e+015
0.2701	13.7073	6.73722e+015
0.2801	12.746	6.73722e+015
0.2901	11.8824	6.73722e+015
0.3001	11.1037	6.73722e+015
0.3101	10.3991	6.73722e+015
0.3201	9.75952	6.73722e+015
0.3301	9.17717	6.73722e+015
0.3401	8.64543	6.73722e+015
0.3501	8.1586	6.73722e+015
0.3601	7.71176	6.73722e+015
0.3701	7.30066	6.73722e+015
0.3801	6.92156	6.73722e+015
0.3901	6.57125	6.73722e+015
0.4001	6.24688	6.73722e+015
0.4101	5.94594	6.73722e+015
0.4201	5.66624	6.73722e+015
0.4301	5.40581	6.73722e+015
0.4401	5.16294	6.73722e+015
0.4501	4.93608	6.73722e+015
0.4601	4.72384	6.73722e+015
0.4701	4.52501	6.73722e+015
0.4801	4.33847	6.73722e+015
0.4901	4.16323	6.73722e+015
0.5001	3.9984	6.73722e+015
0.5101	3.84317	6.73722e+015
0.5201	3.6968	6.73722e+015
0.5301	3.55864	6.73722e+015
0.5401	3.42809	6.73722e+015
0.5501	3.30458	6.73722e+015
0.5601	3.18764	6.73722e+015
0.5701	3.07679	6.73722e+015
0.5801	2.97163	6.73722e+015
0.5901	2.87176	6.73722e+015
0.6001	2.77685	6.73722e+015
0.6101	2.68657	6.73722e+015
0.6201	2.60062	6.73722e+015
0.6301	2.51873	6.73722e+015
0.6401	2.44064	6.73722e+015
0.6501	2.36614	6.73722e+015
0.6601	2.29499	6.73722e+015
0.6701	2.227	6.73722e+015
0.6801	2.16199	6.73722e+015
0.6901	2.09979	6.73722e+015
0.7001	2.04023	6.73722e+015
0.7101	1.98317	6.73722e+015
0.7201	1.92848	6.73722e+015
0.7301	1.87601	6.73722e+015
0.7401	1.82566	6.73722e+015
0.7501	1.7773	6.73722e+015
0.7601	1.73085	6.73722e+015
0.7701	1.68619	6.73722e+015
0.7801	1.64323	6.73722e+015
0.7901	1.6019	6.73722e+015
0.8001	1.56211	6.73722e+015
0.8101	1.52378	6.73722e+015
0.8201	1.48685	6.73722e+015
0.8301	1.45124	6.73722e+015
0.8401	1.4169	6.73722e+015
0.8501	1.38376	6.73722e+015
0.8601	1.35177	6.73722e+015
0.8701	1.32087	6.73722e+015
0.8801	1.29103	6.73722e+015
0.8901	1.26218	6.73722e+015
0.9001	1.23429	6.73722e+015
0.9101	1.20732	6.73722e+015
0.9201	1.18122	6.73722e+015
0.9301	1.15595	6.73722e+015
0.9401	1.13149	6.73722e+015
0.9501	1.1078	6.73722e+015
0.9601	1.08484	6.73722e+015
0.9701	1.06259	6.73722e+015
0.9801	1.04102	6.73722e+015
0.9901	1.0201	6.73722e+015
1.0001	0.9998	6.73722e+015
1.0101	0.980102	6.73722e+015
1.0201	0.96098	6.73722e+015
1.0301	0.942413	6.73722e+015
1.0401	0.924378	6.73722e+015
1.0501	0.906857	6.73722e+015
1.0601	0.889829	6.73722e+015
1.0701	0.873275	6.73722e+015
1.0801	0.85718	6.73722e+015
1.0901	0.841526	6.73722e+015
1.1001	0.826296	6.73722e+015
1.1101	0.811476	6.73722e+015
1.1201	0.797052	6.73722e+015
1.1301	0.783008	6.73722e+015
1.1401	0.769333	6.73722e+015
1.1501	0.756012	6.73722e+015
1.1601	0.743035	6.73722e+015
1.1701	0.730389	6.73722e+015
1.1801	0.718063	6.73722e+015
1.1901	0.706046	6.73722e+015
1.2001	0.694329	6.73722e+015
1.2101	0.682901	6.73722e+015
1.2201	0.671752	6.73722e+015
1.2301	0.660875	6.73722e+015
1.2401	0.650259	6.73722e+015
1.2501	0.639898	6.73722e+015
1.2601	0.629782	6.73722e+015
1.2701	0.619904	6.73722e+015
1.2801	0.610256	6.73722e+015
1.2901	0.600832	6.73722e+015
1.3001	0.591625	6.73722e+015
1.3101	0.582628	6.73722e+015
1.3201	0.573834	6.73722e+015
1.3301	0.565238	6.73722e+015
1.3401	0.556834	6.73722e+015
1.3501	0.548616	6.73722e+015
1.3601	0.540578	6.73722e+015
1.3701	0.532716	6.73722e+015
1.3801	0.525024	6.73722e+015
1.3901	0.517497	6.73722e+015
1.4001	0.510131	6.73722e+015
1.4101	0.502921	6.73722e+015
1.4201	0.495864	6.73722e+015
1.4301	0.488953	6.73722e+015
1.4401	0.482186	6.73722e+015
1.4501	0.475559	6.73722e+015
1.4601	0.469067	6.73722e+015
1.4701	0.462707	6.73722e+015
1.4801	0.456476	6.73722e+015
1.4901	0.45037	6.73722e+015
1.5001	0.444385	6.73722e+015
1.5101	0.438519	6.73722e+015
1.5201	0.432769	6.73722e+015
1.5301	0.42713	6.73722e+015
1.5401	0.421602	6.73722e+015
1.5501	0.416179	6.73722e+015
1.5601	0.410861	6.73722e+015
1.5701	0.405644	6.73722e+015
1.5801	0.400526	6.73722e+015
1.5901	0.395504	6.73722e+015
1.6001	0.390576	6.73722e+015
1.6101	0.38574	6.73722e+015
1.6201	0.380992	6.73722e+015
1.6301	0.376332	6.73722e+015
1.6401	0.371757	6.73722e+015
1.6501	0.367265	6.73722e+015
1.6601	0.362854	6.73722e+015
1.6701	0.358521	6.73722e+015
1.6801	0.354266	6.73722e+015
1.6901	0.350086	6.73722e+015
1.7001	0.34598	6.73722e+015
1.7101	0.341946	6.73722e+015
1.7201	0.337981	6.73722e+015
1.7301	0.334085	6.73722e+015
1.7401	0.330257	6.73722e+015
1.7501	0.326493	6.73722e+015
1.7601	0.322794	6.73722e+015
1.7701	0.319157	6.73722e+015
1.7801	0.315581	6.73722e+015
1.7901	0.312065	6.73722e+015
1.8001	0.308608	6.73722e+015
1.8101	0.305207	6.73722e+015
1.8201	0.301863	6.73722e+015
1.8301	0.298573	6.73722e+015
1.8401	0.295337	6.73722e+015
1.8501	0.292152	6.73722e+015
1.8601	0.28902	6.73722e+015
1.8701	0.285937	6.73722e+015
1.8801	0.282903	6.73722e+015
1.8901	0.279918	6.73722e+015
1.9001	0.276979	6.73722e+015
1.9101	0.274087	6.73722e+015
1.9201	0.271239	6.73722e+015
1.9301	0.268436	6.73722e+015
1.9401	0.265676	6.73722e+015
1.9501	0.262958	6.73722e+015
1.9601	0.260282	6.73722e+015
1.9701	0.257646	6.73722e+015
1.9801	0.25505	6.73722e+015
1.9901	0.252493	6.73722e+015
2.0001	0.249975	6.73722e+015
2.0101	0.247494	6.73722e+015
2.0201	0.24505	6.73722e+015
2.0301	0.242642	6.73722e+015
2.0401	0.240269	6.73722e+015
2.0501	0.23793	6.73722e+015
2.0601	0.235626	6.73722e+015
2.0701	0.233355	6.73722e+015
2.0801	0.231117	6.73722e+015
2.0901	0.228911	6.73722e+015
2.1001	0.226736	6.73722e+015
2.1101	0.224592	6.73722e+015
2.1201	0.222478	6.73722e+015
2.1301	0.220394	6.73722e+015
2.1401	0.218339	6.73722e+015
2.1501	0.216313	6.73722e+015
2.1601	0.214315	6.73722e+015
2.1701	0.212344	6.73722e+015
2.1801	0.210401	6.73722e+015
2.1901	0.208484	6.73722e+015
2.2001	0.206593	6.73722e+015
2.2101	0.204727	6.73722e+015
2.2201	0.202887	6.73722e+015
2.2301	0.201072	6.73722e+015
2.2401	0.199281	6.73722e+015
2.2501	0.197513	6.73722e+015
2.2601	0.195769	6.73722e+015
2.2701	0.194048	6.73722e+015
2.2801	0.19235	6.73722e+015
2.2901	0.190674	6.73722e+015
2.3001	0.189019	6.73722e+015
2.3101	0.187387	6.73722e+015
2.3201	0.185775	6.73722e+015
2.3301	0.184184	6.73722e+015
2.3401	0.182613	6.73722e+015
2.3501	0.181062	6.73722e+015
2.3601	0.179531	6.73722e+015
2.3701	0.178019	6.73722e+015
2.3801	0.176526	6.73722e+015
2.3901	0.175052	6.73722e+015
2.4001	0.173597	6.73722e+015
2.4101	0.172159	6.73722e+015
2.4201	0.170739	6.73722e+015
2.4301	0.169337	6.73722e+015
2.4401	0.167952	6.73722e+015
2.4501	0.166584	6.73722e+015
2.4601	0.165232	6.73722e+015
2.4701	0.163897	6.73722e+015
2.4801	0.162578	6.73722e+015
2.4901	0.161275	6.73722e+015
2.5001	0.159987	6.73722e+015
2.5101	0.158715	6.73722e+015
2.5201	0.157458	6.73722e+015
2.5301	0.156216	6.73722e+015
2.5401	0.154988	6.73722e+015
2.5501	0.153775	6.73722e+015
2.5601	0.152576	6.73722e+015
2.5701	0.151391	6.73722e+015
2.5801	0.15022	6.73722e+015
2.5901	0.149062	6.73722e+015
2.6001	0.147918	6.73722e+015
2.6101	0.146786	6.73722e+015
2.6201	0.145668	6.73722e+015
2.6301	0.144562	6.73722e+015
2.6401	0.143469	6.73722e+015
2.6501	0.142389	6.73722e+015
2.6601	0.14132	6.73722e+015
2.6701	0.140264	6.73722e+015
2.6801	0.139219	6.73722e+015
2.6901	0.138186	6.73722e+015
2.7001	0.137164	6.73722e+015
2.7101	0.136154	6.73722e+015
2.7201	0.135154	6.73722e+015
2.7301	0.134166	6.73722e+015
2.7401	0.133189	6.73722e+015
2.7501	0.132222	6.73722e+015
2.7601	0.131265	6.73722e+015
2.7701	0.130319	6.73722e+015
2.7801	0.129384	6.73722e+015
2.7901	0.128458	6.73722e+015
2.8001	0.127542	6.73722e+015
2.8101	0.126636	6.73722e+015
2.8201	0.125739	6.73722e+015
2.8301	0.124852	6.73722e+015
2.8401	0.123975	6.73722e+015
2.8501	0.123106	6.73722e+015
2.8601	0.122247	6.73722e+015
2.8701	0.121396	6.73722e+015
2.8801	0.120555	6.73722e+015
2.8901	0.119722	6.73722e+015
2.9001	0.118898	6.73722e+015
2.9101	0.118082	6.73722e+015
2.9201	0.117275	6.73722e+015
2.9301	0.116476	6.73722e+015
2.9401	0.115685	6.73722e+015
2.9501	0.114902	6.73722e+015
2.9601	0.114127	6.73722e+015
2.9701	0.113359	6.73722e+015
2.9801	0.1126	6.73722e+015
2.9901	0.111848	6.73722e+015
3.0001	0.111104	6.73722e+015
3.0101	0.110367	6.73722e+015
3.0201	0.109637	6.73722e+015
3.0301	0.108915	6.73722e+015
3.0401	0.108199	6.73722e+015
3.0501	0.107491	6.73722e+015
3.0601	0.10679	6.73722e+015
3.0701	0.106095	6.73722e+015
3.0801	0.105407	6.73722e+015
3.0901	0.104726	6.73722e+015
3.1001	0.104052	6.73722e+015
3.1101	0.103384	6.73722e+015
3.1201	0.102722	6.73722e+015
3.1301	0.102067	6.73722e+015
3.1401	0.101418	6.73722e+015
3.1501	0.100775	6.73722e+015
3.1601	0.100138	6.73722e+015
3.1701	0.0995071	6.73722e+015
3.1801	0.0988823	6.73722e+015
3.1901	0.0982633	6.73722e+015
3.2001	0.0976501	6.73722e+015
3.2101	0.0970427	6.73722e+015
3.2201	0.0964409	6.73722e+015
3.2301	0.0958447	6.73722e+015
3.2401	0.095254	6.73722e+015
3.2501	0.0946687	6.73722e+015
3.2601	0.0940888	6.73722e+015
3.2701	0.0935143	6.73722e+015
3.2801	0.092945	6.73722e+015
3.2901	0.0923808	6.73722e+015
3.3001	0.0918218	6.73722e+015
3.3101	0.0912678	6.73722e+015
3.3201	0.0907189	6.73722e+015
3.3301	0.0901749	6.73722e+015
3.3401	0.0896357	6.73722e+015
3.3501	0.0891014	6.73722e+015
3.3601	0.0885718	6.73722e+015
3.3701	0.088047	6.73722e+015
3.3801	0.0875268	6.73722e+015
3.3901	0.0870112	6.73722e+015
3.4001	0.0865001	6.73722e+015
3.4101	0.0859935	6.73722e+015
3.4201	0.0854914	6.73722e+015
3.4301	0.0849936	6.73722e+015
3.4401	0.0845002	6.73722e+015
3.4501	0.0840111	6.73722e+015
3.4601	0.0835262	6.73722e+015
3.4701	0.0830455	6.73722e+015
3.4801	0.0825689	6.73722e+015
3.4901	0.0820964	6.73722e+015
3.5001	0.081628	6.73722e+015
3.5101	0.0811635	6.73722e+015
3.5201	0.0807031	6.73722e+015
3.5301	0.0802465	6.73722e+015
3.5401	0.0797938	6.73722e+015
3.5501	0.0793449	6.73722e+015
3.5601	0.0788997	6.73722e+015
3.5701	0.0784584	6.73722e+015
3.5801	0.0780207	6.73722e+015
3.5901	0.0775866	6.73722e+015
3.6001	0.0771562	6.73722e+015
3.6101	0.0767294	6.73722e+015
3.6201	0.076306	6.73722e+015
3.6301	0.0758862	6.73722e+015
3.6401	0.0754698	6.73722e+015
3.6501	0.0750569	6.73722e+015
3.6601	0.0746473	6.73722e+015
3.6701	0.0742411	6.73722e+015
3.6801	0.0738381	6.73722e+015
3.6901	0.0734385	6.73722e+015
3.7001	0.0730421	6.73722e+015
3.7101	0.0726489	6.73722e+015
3.7201	0.0722588	6.73722e+015
3.7301	0.0718719	6.73722e+015
3.7401	0.0714881	6.73722e+015
3.7501	0.0711073	6.73722e+015
3.7601	0.0707296	6.73722e+015
3.7701	0.0703549	6.73722e+015
3.7801	0.0699831	6.73722e+015
3.7901	0.0696143	6.73722e+015
3.8001	0.0692484	6.73722e+015
3.8101	0.0688854	6.73722e+015
3.8201	0.0685252	6.73722e+015
3.8301	0.0681679	6.73722e+015
3.8401	0.0678133	6.73722e+015
3.8501	0.0674615	6.73722e+015
3.8601	0.0671124	6.73722e+015
3.8701	0.066766	6.73722e+015
3.8801	0.0664223	6.73722e+015
3.8901	0.0660813	6.73722e+015
3.9001	0.0657428	6.73722e+015
3.9101	0.065407	6.73722e+015
3.9201	0.0650737	6.73722e+015
3.9301	0.064743	6.73722e+015
3.9401	0.0644148	6.73722e+015
3.9501	0.064089	6.73722e+015
3.9601	0.0637658	6.73722e+015
3.9701	0.063445	6.73722e+015
3.9801	0.0631265	6.73722e+015
3.9901	0.0628105	6.73722e+015
4.0001	0.0624969	6.73722e+015
4.0101	0.0621856	6.73722e+015
4.0201	0.0618766	6.73722e+015
4.0301	0.0615699	6.73722e+015
4.0401	0.0612655	6.73722e+015
4.0501	0.0609633	6.73722e+015
4.0601	0.0606634	6.73722e+015
4.0701	0.0603656	6.73722e+015
4.0801	0.0600701	6.73722e+015
4.0901	0.0597767	6.73722e+015
4.1001	0.0594855	6.73722e+015
4.1101	0.0591964	6.73722e+015
4.1201	0.0589094	6.73722e+015
4.1301	0.0586245	6.73722e+015
4.1401	0.0583416	6.73722e+015
4.1501	0.0580608	6.73722e+015
4.1601	0.057782	6.73722e+015
4.1701	0.0575052	6.73722e+015
4.1801	0.0572304	6.73722e+015
4.1901	0.0569575	6.73722e+015
4.2001	0.0566866	6.73722e+015
4.2101	0.0564177	6.73722e+015
4.2201	0.0561506	6.73722e+015
4.2301	0.0558854	6.73722e+015
4.2401	0.0556222	6.73722e+015
4.2501	0.0553607	6.73722e+015
4.2601	0.0551011	6.73722e+015
4.2701	0.0548433	6.73722e+015
4.2801	0.0545874	6.73722e+015
4.2901	0.0543332	6.73722e+015
4.3001	0.0540808	6.73722e+015
4.3101	0.0538301	6.73722e+015
4.3201	0.0535812	6.73722e+015
4.3301	0.053334	6.73722e+015
4.3401	0.0530885	6.73722e+015
4.3501	0.0528447	6.73722e+015
4.3601	0.0526026	6.73722e+015
4.3701	0.0523621	6.73722e+015
4.3801	0.0521233	6.73722e+015
4.3901	0.0518861	6.73722e+015
4.4001	0.0516505	6.73722e+015
4.4101	0.0514166	6.73722e+015
4.4201	0.0511842	6.73722e+015
4.4301	0.0509534	6.73722e+015
4.4401	0.0507241	6.73722e+015
4.4501	0.0504964	6.73722e+015
4.4601	0.0502702	6.73722e+015
4.4701	0.0500456	6.73722e+015
4.4801	0.0498224	6.73722e+015
4.4901	0.0496007	6.73722e+015
4.5001	0.0493805	6.73722e+015
4.5101	0.0491618	6.73722e+015
4.5201	0.0489445	6.73722e+015
4.5301	0.0487287	6.73722e+015
4.5401	0.0485142	6.73722e+015
4.5501	0.0483012	6.73722e+015
4.5601	0.0480896	6.73722e+015
4.5701	0.0478794	6.73722e+015
4.5801	0.0476705	6.73722e+015
4.5901	0.0474631	6.73722e+015
4.6001	0.0472569	6.73722e+015
4.6101	0.0470521	6.73722e+015
4.6201	0.0468487	6.73722e+015
4.6301	0.0466465	6.73722e+015
4.6401	0.0464457	6.73722e+015
4.6501	0.0462461	6.73722e+015
4.6601	0.0460479	6.73722e+015
4.6701	0.0458509	6.73722e+015
4.6801	0.0456551	6.73722e+015
4.6901	0.0454607	6.73722e+015
4.7001	0.0452674	6.73722e+015
4.7101	0.0450754	6.73722e+015
4.7201	0.0448846	6.73722e+015
4.7301	0.044695	6.73722e+015
4.7401	0.0445067	6.73722e+015
4.7501	0.0443195	6.73722e+015
4.7601	0.0441334	6.73722e+015
4.7701	0.0439486	6.73722e+015
4.7801	0.0437649	6.73722e+015
4.7901	0.0435824	6.73722e+015
4.8001	0.043401	6.73722e+015
4.8101	0.0432207	6.73722e+015
4.8201	0.0430416	6.73722e+015
4.8301	0.0428635	6.73722e+015
4.8401	0.0426866	6.73722e+015
4.8501	0.0425107	6.73722e+015
4.8601	0.042336	6.73722e+015
4.8701	0.0421623	6.73722e+015
4.8801	0.0419897	6.73722e+015
4.8901	0.0418181	6.73722e+015
4.9001	0.0416476	6.73722e+015
4.9101	0.0414781	6.73722e+015
4.9201	0.0413097	6.73722e+015
4.9301	0.0411423	6.73722e+015
4.9401	0.0409759	6.73722e+015
4.9501	0.0408105	6.73722e+015
4.9601	0.0406461	6.73722e+015
4.9701	0.0404827	6.73722e+015
4.9801	0.0403203	6.73722e+015
4.9901	0.0401589	6.73722e+015
5.0001	0.0399984	6.73722e+015
5.0101	0.0398389	6.73722e+015
5.0201	0.0396803	6.73722e+015
5.0301	0.0395227	6.73722e+015
5.0401	0.039366	6.73722e+015
5.0501	0.0392103	6.73722e+015
5.0601	0.0390555	6.73722e+015
5.0701	0.0389016	6.73722e+015
5.0801	0.0387486	6.73722e+015
5.0901	0.0385965	6.73722e+015
5.1001	0.0384452	6.73722e+015
5.1101	0.0382949	6.73722e+015
5.1201	0.0381455	6.73722e+015
5.1301	0.0379969	6.73722e+015
5.1401	0.0378492	6.73722e+015
5.1501	0.0377024	6.73722e+015
5.1601	0.0375564	6.73722e+015
5.1701	0.0374112	6.73722e+015
5.1801	0.0372669	6.73722e+015
5.1901	0.0371235	6.73722e+015
5.2001	0.0369808	6.73722e+015
5.2101	0.036839	6.73722e+015
5.2201	0.036698	6.73722e+015
5.2301	0.0365578	6.73722e+015
5.2401	0.0364184	6.73722e+015
5.2501	0.0362798	6.73722e+015
5.2601	0.036142	6.73722e+015
5.2701	0.036005	6.73722e+015
5.2801	0.0358687	6.73722e+015
5.2901	0.0357332	6.73722e+015
5.3001	0.0355985	6.73722e+015
5.3101	0.0354646	6.73722e+015
5.3201	0.0353314	6.73722e+015
5.3301	0.0351989	6.73722e+015
5.3401	0.0350672	6.73722e+015
5.3501	0.0349362	6.73722e+015
5.3601	0.034806	6.73722e+015
5.3701	0.0346765	6.73722e+015
5.3801	0.0345477	6.73722e+015
5.3901	0.0344196	6.73722e+015
5.4001	0.0342923	6.73722e+015
5.4101	0.0341656	6.73722e+015
5.4201	0.0340397	6.73722e+015
5.4301	0.0339144	6.73722e+015
5.4401	0.0337898	6.73722e+015
5.4501	0.033666	6.73722e+015
5.4601	0.0335428	6.73722e+015
5.4701	0.0334202	6.73722e+015
5.4801	0.0332984	6.73722e+015
5.4901	0.0331772	6.73722e+015
5.5001	0.0330566	6.73722e+015
5.5101	0.0329368	6.73722e+015
5.5201	0.0328175	6.73722e+015
5.5301	0.032699	6.73722e+015
5.5401	0.032581	6.73722e+015
5.5501	0.0324637	6.73722e+015
5.5601	0.0323471	6.73722e+015
5.5701	0.032231	6.73722e+015
5.5801	0.0321156	6.73722e+015
5.5901	0.0320008	6.73722e+015
5.6001	0.0318866	6.73722e+015
5.6101	0.031773	6.73722e+015
5.6201	0.0316601	6.73722e+015
5.6301	0.0315477	6.73722e+015
5.6401	0.0314359	6.73722e+015
5.6501	0.0313248	6.73722e+015
5.6601	0.0312142	6.73722e+015
5.6701	0.0311042	6.73722e+015
5.6801	0.0309947	6.73722e+015
5.6901	0.0308859	6.73722e+015
5.7001	0.0307776	6.73722e+015
5.7101	0.0306699	6.73722e+015
5.7201	0.0305628	6.73722e+015
5.7301	0.0304562	6.73722e+015
5.7401	0.0303502	6.73722e+015
5.7501	0.0302447	6.73722e+015
5.7601	0.0301398	6.73722e+015
5.7701	0.0300354	6.73722e+015
5.7801	0.0299316	6.73722e+015
5.7901	0.0298283	6.73722e+015
5.8001	0.0297255	6.73722e+015
5.8101	0.0296233	6.73722e+015
5.8201	0.0295215	6.73722e+015
5.8301	0.0294204	6.73722e+015
5.8401	0.0293197	6.73722e+015
5.8501	0.0292195	6.73722e+015
5.8601	0.0291199	6.73722e+015
5.8701	0.0290208	6.73722e+015
5.8801	0.0289222	6.73722e+015
5.8901	0.028824	6.73722e+015
5.9001	0.0287264	6.73722e+015
5.9101	0.0286293	6.73722e+015
5.9201	0.0285326	6.73722e+015
5.9301	0.0284365	6.73722e+015
5.9401	0.0283408	6.73722e+015
5.9501	0.0282456	6.73722e+015
5.9601	0.0281509	6.73722e+015
5.9701	0.0280567	6.73722e+015
5.9801	0.027963	6.73722e+015
5.9901	0.0278697	6.73722e+015
6.0001	0.0277769	6.73722e+015
6.0101	0.0276845	6.73722e+015
6.0201	0.0275926	6.73722e+015
6.0301	0.0275012	6.73722e+015
6.0401	0.0274102	6.73722e+015
6.0501	0.0273196	6.73722e+015
6.0601	0.0272295	6.73722e+015
6.0701	0.0271399	6.73722e+015
6.0801	0.0270507	6.73722e+015
6.0901	0.0269619	6.73722e+015
6.1001	0.0268736	6.73722e+015
6.1101	0.0267857	6.73722e+015
6.1201	0.0266983	6.73722e+015
6.1301	0.0266112	6.73722e+015
6.1401	0.0265246	6.73722e+015
6.1501	0.0264384	6.73722e+015
6.1601	0.0263527	6.73722e+015
6.1701	0.0262673	6.73722e+015
6.1801	0.0261824	6.73722e+015
6.1901	0.0260978	6.73722e+015
6.2001	0.0260137	6.73722e+015
6.2101	0.02593	6.73722e+015
6.2201	0.0258467	6.73722e+015
6.2301	0.0257638	6.73722e+015
6.2401	0.0256813	6.73722e+015
6.2501	0.0255992	6.73722e+015
6.2601	0.0255175	6.73722e+015
6.2701	0.0254361	6.73722e+015
6.2801	0.0253552	6.73722e+015
6.2901	0.0252746	6.73722e+015
6.3001	0.0251945	6.73722e+015
6.3101	0.0251147	6.73722e+015
6.3201	0.0250353	6.73722e+015
6.3301	0.0249562	6.73722e+015
6.3401	0.0248776	6.73722e+015
6.3501	0.0247993	6.73722e+015
6.3601	0.0247213	6.73722e+015
6.3701	0.0246438	6.73722e+015
6.3801	0.0245666	6.73722e+015
6.3901	0.0244898	6.73722e+015
6.4001	0.0244133	6.73722e+015
6.4101	0.0243372	6.73722e+015
6.4201	0.0242614	6.73722e+015
6.4301	0.024186	6.73722e+015
6.4401	0.024111	6.73722e+015
6.4501	0.0240363	6.73722e+015
6.4601	0.0239619	6.73722e+015
6.4701	0.0238879	6.73722e+015
6.4801	0.0238142	6.73722e+015
6.4901	0.0237409	6.73722e+015
6.5001	0.0236679	6.73722e+015
6.5101	0.0235953	6.73722e+015
6.5201	0.0235229	6.73722e+015
6.5301	0.0234509	6.73722e+015
6.5401	0.0233793	6.73722e+015
6.5501	0.023308	6.73722e+015
6.5601	0.0232369	6.73722e+015
6.5701	0.0231663	6.73722e+015
6.5801	0.0230959	6.73722e+015
6.5901	0.0230259	6.73722e+015
6.6001	0.0229561	6.73722e+015
6.6101	0.0228867	6.73722e+015
6.6201	0.0228176	6.73722e+015
6.6301	0.0227489	6.73722e+015
6.6401	0.0226804	6.73722e+015
6.6501	0.0226122	6.73722e+015
6.6601	0.0225444	6.73722e+015
6.6701	0.0224768	6.73722e+015
6.6801	0.0224096	6.73722e+015
6.6901	0.0223427	6.73722e+015
6.7001	0.022276	6.73722e+015
6.7101	0.0222097	6.73722e+015
6.7201	0.0221436	6.73722e+015
6.7301	0.0220779	6.73722e+015
6.7401	0.0220124	6.73722e+015
6.7501	0.0219472	6.73722e+015
6.7601	0.0218823	6.73722e+015
6.7701	0.0218177	6.73722e+015
6.7801	0.0217534	6.73722e+015
6.7901	0.0216894	6.73722e+015
6.8001	0.0216257	6.73722e+015
6.8101	0.0215622	6.73722e+015
6.8201	0.021499	6.73722e+015
6.8301	0.0214361	6.73722e+015
6.8401	0.0213735	6.73722e+015
6.8501	0.0213111	6.73722e+015
6.8601	0.021249	6.73722e+015
6.8701	0.0211872	6.73722e+015
6.8801	0.0211257	6.73722e+015
6.8901	0.0210644	6.73722e+015
6.9001	0.0210034	6.73722e+015
6.9101	0.0209426	6.73722e+015
6.9201	0.0208822	6.73722e+015
6.9301	0.0208219	6.73722e+015
6.9401	0.020762	6.73722e+015
6.9501	0.0207023	6.73722e+015
6.9601	0.0206428	6.73722e+015
6.9701	0.0205836	6.73722e+015
6.9801	0.0205247	6.73722e+015
6.9901	0.020466	6.73722e+015
7.0001	0.0204076	6.73722e+015
7.0101	0.0203494	6.73722e+015
7.0201	0.0202915	6.73722e+015
7.0301	0.0202338	6.73722e+015
7.0401	0.0201763	6.73722e+015
7.0501	0.0201191	6.73722e+015
7.0601	0.0200622	6.73722e+015
7.0701	0.0200055	6.73722e+015
7.0801	0.019949	6.73722e+015
7.0901	0.0198928	6.73722e+015
7.1001	0.0198368	6.73722e+015
7.1101	0.019781	6.73722e+015
7.1201	0.0197255	6.73722e+015
7.1301	0.0196702	6.73722e+015
7.1401	0.0196151	6.73722e+015
7.1501	0.0195603	6.73722e+015
7.1601	0.0195057	6.73722e+015
7.1701	0.0194513	6.73722e+015
7.1801	0.0193972	6.73722e+015
7.1901	0.0193433	6.73722e+015
7.2001	0.0192896	6.73722e+015
7.2101	0.0192361	6.73722e+015
7.2201	0.0191829	6.73722e+015
7.2301	0.0191298	6.73722e+015
7.2401	0.019077	6.73722e+015
7.2501	0.0190244	6.73722e+015
7.2601	0.0189721	6.73722e+015
7.2701	0.0189199	6.73722e+015
7.2801	0.018868	6.73722e+015
7.2901	0.0188162	6.73722e+015
7.3001	0.0187647	6.73722e+015
7.3101	0.0187134	6.73722e+015
7.3201	0.0186623	6.73722e+015
7.3301	0.0186114	6.73722e+015
7.3401	0.0185608	6.73722e+015
7.3501	0.0185103	6.73722e+015
7.3601	0.01846	6.73722e+015
7.3701	0.01841	6.73722e+015
7.3801	0.0183601	6.73722e+015
7.3901	0.0183105	6.73722e+015
7.4001	0.018261	6.73722e+015
7.4101	0.0182118	6.73722e+015
7.4201	0.0181627	6.73722e+015
7.4301	0.0181138	6.73722e+015
7.4401	0.0180652	6.73722e+015
7.4501	0.0180167	6.73722e+015
7.4601	0.0179685	6.73722e+015
7.4701	0.0179204	6.73722e+015
7.4801	0.0178725	6.73722e+015
7.4901	0.0178248	6.73722e+015
7.5001	0.0177773	6.73722e+015
7.5101	0.01773	6.73722e+015
7.5201	0.0176829	6.73722e+015
7.5301	0.0176359	6.73722e+015
7.5401	0.0175892	6.73722e+015
7.5501	0.0175426	6.73722e+015
7.5601	0.0174962	6.73722e+015
7.5701	0.0174501	6.73722e+015
7.5801	0.017404	6.73722e+015
7.5901	0.0173582	6.73722e+015
7.6001	0.0173126	6.73722e+015
7.6101	0.0172671	6.73722e+015
7.6201	0.0172218	6.73722e+015
7.6301	0.0171767	6.73722e+015
7.6401	0.0171318	6.73722e+015
7.6501	0.017087	6.73722e+015
7.6601	0.0170424	6.73722e+015
7.6701	0.016998	6.73722e+015
7.6801	0.0169538	6.73722e+015
7.6901	0.0169097	6.73722e+015
7.7001	0.0168658	6.73722e+015
7.7101	0.0168221	6.73722e+015
7.7201	0.0167785	6.73722e+015
7.7301	0.0167352	6.73722e+015
7.7401	0.0166919	6.73722e+015
7.7501	0.0166489	6.73722e+015
7.7601	0.016606	6.73722e+015
7.7701	0.0165633	6.73722e+015
7.7801	0.0165207	6.73722e+015
7.7901	0.0164784	6.73722e+015
7.8001	0.0164361	6.73722e+015
7.8101	0.0163941	6.73722e+015
7.8201	0.0163522	6.73722e+015
7.8301	0.0163104	6.73722e+015
7.8401	0.0162688	6.73722e+015
7.8501	0.0162274	6.73722e+015
7.8601	0.0161862	6.73722e+015
7.8701	0.0161451	6.73722e+015
7.8801	0.0161041	6.73722e+015
7.8901	0.0160633	6.73722e+015
7.9001	0.0160227	6.73722e+015
7.9101	0.0159822	6.73722e+015
7.9201	0.0159418	6.73722e+015
7.9301	0.0159017	6.73722e+015
7.9401	0.0158616	6.73722e+015
7.9501	0.0158218	6.73722e+015
7.9601	0.015782	6.73722e+015
7.9701	0.0157425	6.73722e+015
7.9801	0.015703	6.73722e+015
7.9901	0.0156637	6.73722e+015
8.0001	0.0156246	6.73722e+015
8.0101	0.0155856	6.73722e+015
8.0201	0.0155468	6.73722e+015
8.0301	0.0155081	6.73722e+015
8.0401	0.0154695	6.73722e+015
8.0501	0.0154311	6.73722e+015
8.0601	0.0153929	6.73722e+015
8.0701	0.0153547	6.73722e+015
8.0801	0.0153167	6.73722e+015
8.0901	0.0152789	6.73722e+015
8.1001	0.0152412	6.73722e+015
8.1101	0.0152036	6.73722e+015
8.1201	0.0151662	6.73722e+015
8.1301	0.0151289	6.73722e+015
8.1401	0.0150918	6.73722e+015
8.1501	0.0150548	6.73722e+015
8.1601	0.0150179	6.73722e+015
8.1701	0.0149812	6.73722e+015
8.1801	0.0149445	6.73722e+015
8.1901	0.0149081	6.73722e+015
8.2001	0.0148717	6.73722e+015
8.2101	0.0148355	6.73722e+015
8.2201	0.0147995	6.73722e+015
8.2301	0.0147635	6.73722e+015
8.2401	0.0147277	6.73722e+015
8.2501	0.014692	6.73722e+015
8.2601	0.0146565	6.73722e+015
8.2701	0.014621	6.73722e+015
8.2801	0.0145858	6.73722e+015
8.2901	0.0145506	6.73722e+015
8.3001	0.0145155	6.73722e+015
8.3101	0.0144806	6.73722e+015
8.3201	0.0144458	6.73722e+015
8.3301	0.0144112	6.73722e+015
8.3401	0.0143766	6.73722e+015
8.3501	0.0143422	6.73722e+015
8.3601	0.0143079	6.73722e+015
8.3701	0.0142738	6.73722e+015
8.3801	0.0142397	6.73722e+015
8.3901	0.0142058	6.73722e+015
8.4001	0.014172	6.73722e+015
8.4101	0.0141383	6.73722e+015
8.4201	0.0141048	6.73722e+015
8.4301	0.0140713	6.73722e+015
8.4401	0.014038	6.73722e+015
8.4501	0.0140048	6.73722e+015
8.4601	0.0139717	6.73722e+015
8.4701	0.0139387	6.73722e+015
8.4801	0.0139059	6.73722e+015
8.4901	0.0138731	6.73722e+015
8.5001	0.0138405	6.73722e+015
8.5101	0.013808	6.73722e+015
8.5201	0.0137756	6.73722e+015
8.5301	0.0137433	6.73722e+015
8.5401	0.0137112	6.73722e+015
8.5501	0.0136791	6.73722e+015
8.5601	0.0136472	6.73722e+015
8.5701	0.0136153	6.73722e+015
8.5801	0.0135836	6.73722e+015
8.5901	0.013552	6.73722e+015
8.6001	0.0135205	6.73722e+015
8.6101	0.0134891	6.73722e+015
8.6201	0.0134578	6.73722e+015
8.6301	0.0134267	6.73722e+015
8.6401	0.0133956	6.73722e+015
8.6501	0.0133647	6.73722e+015
8.6601	0.0133338	6.73722e+015
8.6701	0.0133031	6.73722e+015
8.6801	0.0132724	6.73722e+015
8.6901	0.0132419	6.73722e+015
8.7001	0.0132115	6.73722e+015
8.7101	0.0131812	6.73722e+015
8.7201	0.0131509	6.73722e+015
8.7301	0.0131208	6.73722e+015
8.7401	0.0130908	6.73722e+015
8.7501	0.0130609	6.73722e+015
8.7601	0.0130311	6.73722e+015
8.7701	0.0130014	6.73722e+015
8.7801	0.0129718	6.73722e+015
8.7901	0.0129423	6.73722e+015
8.8001	0.0129129	6.73722e+015
8.8101	0.0128836	6.73722e+015
8.8201	0.0128544	6.73722e+015
8.8301	0.0128253	6.73722e+015
8.8401	0.0127963	6.73722e+015
8.8501	0.0127674	6.73722e+015
8.8601	0.0127386	6.73722e+015
8.8701	0.0127099	6.73722e+015
8.8801	0.0126813	6.73722e+015
8.8901	0.0126528	6.73722e+015
8.9001	0.0126244	6.73722e+015
8.9101	0.0125961	6.73722e+015
8.9201	0.0125678	6.73722e+015
8.9301	0.0125397	6.73722e+015
8.9401	0.0125117	6.73722e+015
8.9501	0.0124837	6.73722e+015
8.9601	0.0124559	6.73722e+015
8.9701	0.0124281	6.73722e+015
8.9801	0.0124005	6.73722e+015
8.9901	0.0123729	6.73722e+015
9.0001	0.0123454	6.73722e+015
9.0101	0.012318	6.73722e+015
9.0201	0.0122907	6.73722e+015
9.0301	0.0122635	6.73722e+015
9.0401	0.0122364	6.73722e+015
9.0501	0.0122094	6.73722e+015
9.0601	0.0121824	6.73722e+015
9.0701	0.0121556	6.73722e+015
9.0801	0.0121288	6.73722e+015
9.0901	0.0121022	6.73722e+015
9.1001	0.0120756	6.73722e+015
9.1101	0.0120491	6.73722e+015
9.1201	0.0120227	6.73722e+015
9.1301	0.0119963	6.73722e+015
9.1401	0.0119701	6.73722e+015
9.1501	0.011944	6.73722e+015
9.1601	0.0119179	6.73722e+015
9.1701	0.0118919	6.73722e+015
9.1801	0.011866	6.73722e+015
9.1901	0.0118402	6.73722e+015
9.2001	0.0118145	6.73722e+015
9.2101	0.0117888	6.73722e+015
9.2201	0.0117633	6.73722e+015
9.2301	0.0117378	6.73722e+015
9.2401	0.0117124	6.73722e+015
9.2501	0.0116871	6.73722e+015
9.2601	0.0116619	6.73722e+015
9.2701	0.0116367	6.73722e+015
9.2801	0.0116117	6.73722e+015
9.2901	0.0115867	6.73722e+015
9.3001	0.0115618	6.73722e+015
9.3101	0.011537	6.73722e+015
9.3201	0.0115122	6.73722e+015
9.3301	0.0114875	6.73722e+015
9.3401	0.011463	6.73722e+015
9.3501	0.0114385	6.73722e+015
9.3601	0.011414	6.73722e+015
9.3701	0.0113897	6.73722e+015
9.3801	0.0113654	6.73722e+015
9.3901	0.0113412	6.73722e+015
9.4001	0.0113171	6.73722e+015
9.4101	0.0112931	6.73722e+015
9.4201	0.0112691	6.73722e+015
9.4301	0.0112452	6.73722e+015
9.4401	0.0112214	6.73722e+015
9.4501	0.0111977	6.73722e+015
9.4601	0.011174	6.73722e+015
9.4701	0.0111504	6.73722e+015
9.4801	0.0111269	6.73722e+015
9.4901	0.0111035	6.73722e+015
9.5001	0.0110801	6.73722e+015
9.5101	0.0110568	6.73722e+015
9.5201	0.0110336	6.73722e+015
9.5301	0.0110105	6.73722e+015
9.5401	0.0109874	6.73722e+015
9.5501	0.0109644	6.73722e+015
9.5601	0.0109415	6.73722e+015
9.5701	0.0109186	6.73722e+015
9.5801	0.0108958	6.73722e+015
9.5901	0.0108731	6.73722e+015
9.6001	0.0108505	6.73722e+015
9.6101	0.0108279	6.73722e+015
9.6201	0.0108054	6.73722e+015
9.6301	0.010783	6.73722e+015
9.6401	0.0107606	6.73722e+015
9.6501	0.0107383	6.73722e+015
9.6601	0.0107161	6.73722e+015
9.6701	0.0106939	6.73722e+015
9.6801	0.0106719	6.73722e+015
9.6901	0.0106498	6.73722e+015
9.7001	0.0106279	6.73722e+015
9.7101	0.010606	6.73722e+015
9.7201	0.0105842	6.73722e+015
9.7301	0.0105625	6.73722e+015
9.7401	0.0105408	6.73722e+015
9.7501	0.0105192	6.73722e+015
9.7601	0.0104976	6.73722e+015
9.7701	0.0104762	6.73722e+015
9.7801	0.0104547	6.73722e+015
9.7901	0.0104334	6.73722e+015
9.8001	0.0104121	6.73722e+015
9.8101	0.0103909	6.73722e+015
9.8201	0.0103697	6.73722e+015
9.8301	0.0103487	6.73722e+015
9.8401	0.0103276	6.73722e+015
9.8501	0.0103067	6.73722e+015
9.8601	0.0102858	6.73722e+015
9.8701	0.010265	6.73722e+015
9.8801	0.0102442	6.73722e+015
9.8901	0.0102235	6.73722e+015
9.9001	0.0102028	6.73722e+015
9.9101	0.0101823	6.73722e+015
9.9201	0.0101617	6.73722e+015
9.9301	0.0101413	6.73722e+015
9.9401	0.0101209	6.73722e+015
9.9501	0.0101006	6.73722e+015
9.9601	0.0100803	6.73722e+015
9.9701	0.0100601	6.73722e+015
9.9801	0.0100399	6.73722e+015
9.9901	0.0100198	6.73722e+015
10.0001	0.0099998	6.73722e+015
10.0101	0.00997983	6.73722e+015
10.0201	0.00995992	6.73722e+015
10.0301	0.00994007	6.73722e+015
10.0401	0.00992028	6.73722e+015
10.0501	0.00990055	6.73722e+015
10.0601	0.00988087	6.73722e+015
10.0701	0.00986126	6.73722e+015
10.0801	0.0098417	6.73722e+015
10.0901	0.00982221	6.73722e+015
10.1001	0.00980277	6.73722e+015
10.1101	0.00978338	6.73722e+015
10.1201	0.00976406	6.73722e+015
10.1301	0.00974479	6.73722e+015
10.1401	0.00972558	6.73722e+015
10.1501	0.00970643	6.73722e+015
10.1601	0.00968733	6.73722e+015
10.1701	0.00966829	6.73722e+015
10.1801	0.0096493	6.73722e+015
10.1901	0.00963037	6.73722e+015
10.2001	0.0096115	6.73722e+015
10.2101	0.00959268	6.73722e+015
10.2201	0.00957392	6.73722e+015
10.2301	0.00955521	6.73722e+015
10.2401	0.00953656	6.73722e+015
10.2501	0.00951796	6.73722e+015
10.2601	0.00949941	6.73722e+015
10.2701	0.00948092	6.73722e+015
10.2801	0.00946249	6.73722e+015
10.2901	0.00944411	6.73722e+015
10.3001	0.00942578	6.73722e+015
10.3101	0.0094075	6.73722e+015
10.3201	0.00938928	6.73722e+015
10.3301	0.00937111	6.73722e+015
10.3401	0.00935299	6.73722e+015
10.3501	0.00933493	6.73722e+015
10.3601	0.00931691	6.73722e+015
10.3701	0.00929895	6.73722e+015
10.3801	0.00928105	6.73722e+015
10.3901	0.00926319	6.73722e+015
10.4001	0.00924538	6.73722e+015
10.4101	0.00922763	6.73722e+015
10.4201	0.00920993	6.73722e+015
10.4301	0.00919228	6.73722e+015
10.4401	0.00917467	6.73722e+015
10.4501	0.00915712	6.73722e+015
10.4601	0.00913962	6.73722e+015
10.4701	0.00912217	6.73722e+015
10.4801	0.00910477	6.73722e+015
10.4901	0.00908742	6.73722e+015
10.5001	0.00907012	6.73722e+015
10.5101	0.00905287	6.73722e+015
10.5201	0.00903567	6.73722e+015
10.5301	0.00901851	6.73722e+015
10.5401	0.00900141	6.73722e+015
10.5501	0.00898435	6.73722e+015
10.5601	0.00896735	6.73722e+015
10.5701	0.00895039	6.73722e+015
10.5801	0.00893348	6.73722e+015
10.5901	0.00891661	6.73722e+015
10.6001	0.0088998	6.73722e+015
10.6101	0.00888303	6.73722e+015
10.6201	0.00886631	6.73722e+015
10.6301	0.00884963	6.73722e+015
10.6401	0.00883301	6.73722e+015
10.6501	0.00881643	6.73722e+015
10.6601	0.00879989	6.73722e+015
10.6701	0.00878341	6.73722e+015
10.6801	0.00876697	6.73722e+015
10.6901	0.00875057	6.73722e+015
10.7001	0.00873422	6.73722e+015
10.7101	0.00871792	6.73722e+015
10.7201	0.00870166	6.73722e+015
10.7301	0.00868545	6.73722e+015
10.7401	0.00866929	6.73722e+015
10.7501	0.00865317	6.73722e+015
10.7601	0.00863709	6.73722e+015
10.7701	0.00862106	6.73722e+015
10.7801	0.00860507	6.73722e+015
10.7901	0.00858913	6.73722e+015
10.8001	0.00857323	6.73722e+015
10.8101	0.00855738	6.73722e+015
10.8201	0.00854157	6.73722e+015
10.8301	0.0085258	6.73722e+015
10.8401	0.00851008	6.73722e+015
10.8501	0.0084944	6.73722e+015
10.8601	0.00847876	6.73722e+015
10.8701	0.00846317	6.73722e+015
10.8801	0.00844762	6.73722e+015
10.8901	0.00843211	6.73722e+015
10.9001	0.00841665	6.73722e+015
10.9101	0.00840122	6.73722e+015
10.9201	0.00838584	6.73722e+015
10.9301	0.00837051	6.73722e+015
10.9401	0.00835521	6.73722e+015
10.9501	0.00833996	6.73722e+015
10.9601	0.00832475	6.73722e+015
10.9701	0.00830958	6.73722e+015
10.9801	0.00829445	6.73722e+015
10.9901	0.00827936	6.73722e+015
11.0001	0.00826431	6.73722e+015
11.0101	0.00824931	6.73722e+015
11.0201	0.00823434	6.73722e+015
11.0301	0.00821942	6.73722e+015
11.0401	0.00820454	6.73722e+015
11.0501	0.00818969	6.73722e+015
11.0601	0.00817489	6.73722e+015
11.0701	0.00816013	6.73722e+015
11.0801	0.0081454	6.73722e+015
11.0901	0.00813072	6.73722e+015
11.1001	0.00811608	6.73722e+015
11.1101	0.00810147	6.73722e+015
11.1201	0.00808691	6.73722e+015
11.1301	0.00807239	6.73722e+015
11.1401	0.0080579	6.73722e+015
11.1501	0.00804345	6.73722e+015
11.1601	0.00802904	6.73722e+015
11.1701	0.00801467	6.73722e+015
11.1801	0.00800034	6.73722e+015
11.1901	0.00798605	6.73722e+015
11.2001	0.0079718	6.73722e+015
11.2101	0.00795758	6.73722e+015
11.2201	0.0079434	6.73722e+015
11.2301	0.00792926	6.73722e+015
11.2401	0.00791516	6.73722e+015
11.2501	0.00790109	6.73722e+015
11.2601	0.00788707	6.73722e+015
11.2701	0.00787308	6.73722e+015
11.2801	0.00785912	6.73722e+015
11.2901	0.00784521	6.73722e+015
11.3001	0.00783133	6.73722e+015
11.3101	0.00781749	6.73722e+015
11.3201	0.00780368	6.73722e+015
11.3301	0.00778991	6.73722e+015
11.3401	0.00777618	6.73722e+015
11.3501	0.00776248	6.73722e+015
11.3601	0.00774882	6.73722e+015
11.3701	0.0077352	6.73722e+015
11.3801	0.00772161	6.73722e+015
11.3901	0.00770806	6.73722e+015
11.4001	0.00769454	6.73722e+015
11.4101	0.00768106	6.73722e+015
11.4201	0.00766761	6.73722e+015
11.4301	0.0076542	6.73722e+015
11.4401	0.00764083	6.73722e+015
11.4501	0.00762749	6.73722e+015
11.4601	0.00761418	6.73722e+015
11.4701	0.00760091	6.73722e+015
11.4801	0.00758767	6.73722e+015
11.4901	0.00757447	6.73722e+015
11.5001	0.00756131	6.73722e+015
11.5101	0.00754817	6.73722e+015
11.5201	0.00753507	6.73722e+015
11.5301	0.00752201	6.73722e+015
11.5401	0.00750898	6.73722e+015
11.5501	0.00749598	6.73722e+015
11.5601	0.00748302	6.73722e+015
11.5701	0.00747009	6.73722e+015
11.5801	0.00745719	6.73722e+015
11.5901	0.00744433	6.73722e+015
11.6001	0.0074315	6.73722e+015
11.6101	0.0074187	6.73722e+015
11.6201	0.00740594	6.73722e+015
11.6301	0.00739321	6.73722e+015
11.6401	0.00738051	6.73722e+015
11.6501	0.00736785	6.73722e+015
11.6601	0.00735522	6.73722e+015
11.6701	0.00734262	6.73722e+015
11.6801	0.00733005	6.73722e+015
11.6901	0.00731751	6.73722e+015
11.7001	0.00730501	6.73722e+015
11.7101	0.00729254	6.73722e+015
11.7201	0.0072801	6.73722e+015
11.7301	0.00726769	6.73722e+015
11.7401	0.00725532	6.73722e+015
11.7501	0.00724297	6.73722e+015
11.7601	0.00723066	6.73722e+015
11.7701	0.00721838	6.73722e+015
11.7801	0.00720613	6.73722e+015
11.7901	0.00719391	6.73722e+015
11.8001	0.00718172	6.73722e+015
11.8101	0.00716957	6.73722e+015
11.8201	0.00715744	6.73722e+015
11.8301	0.00714534	6.73722e+015
11.8401	0.00713328	6.73722e+015
11.8501	0.00712125	6.73722e+015
11.8601	0.00710924	6.73722e+015
11.8701	0.00709727	6.73722e+015
11.8801	0.00708533	6.73722e+015
11.8901	0.00707341	6.73722e+015
11.9001	0.00706153	6.73722e+015
11.9101	0.00704968	6.73722e+015
11.9201	0.00703785	6.73722e+015
11.9301	0.00702606	6.73722e+015
11.9401	0.0070143	6.73722e+015
11.9501	0.00700256	6.73722e+015
11.9601	0.00699086	6.73722e+015
11.9701	0.00697918	6.73722e+015
11.9801	0.00696753	6.73722e+015
11.9901	0.00695592	6.73722e+015
12.0001	0.00694433	6.73722e+015
12.0101	0.00693277	6.73722e+015
12.0201	0.00692124	6.73722e+015
12.0301	0.00690974	6.73722e+015
12.0401	0.00689826	6.73722e+015
12.0501	0.00688682	6.73722e+015
12.0601	0.0068754	6.73722e+015
12.0701	0.00686402	6.73722e+015
12.0801	0.00685266	6.73722e+015
12.0901	0.00684132	6.73722e+015
12.1001	0.00683002	6.73722e+015
12.1101	0.00681875	6.73722e+015
12.1201	0.0068075	6.73722e+015
12.1301	0.00679628	6.73722e+015
12.1401	0.00678509	6.73722e+015
12.1501	0.00677392	6.73722e+015
12.1601	0.00676279	6.73722e+015
12.1701	0.00675168	6.73722e+015
12.1801	0.0067406	6.73722e+015
12.1901	0.00672954	6.73722e+015
12.2001	0.00671851	6.73722e+015
12.2101	0.00670751	6.73722e+015
12.2201	0.00669654	6.73722e+015
12.2301	0.00668559	6.73722e+015
12.2401	0.00667467	6.73722e+015
12.2501	0.00666378	6.73722e+015
12.2601	0.00665292	6.73722e+015
12.2701	0.00664208	6.73722e+015
12.2801	0.00663126	6.73722e+015
12.2901	0.00662048	6.73722e+015
12.3001	0.00660971	6.73722e+015
12.3101	0.00659898	6.73722e+015
12.3201	0.00658827	6.73722e+015
12.3301	0.00657759	6.73722e+015
12.3401	0.00656693	6.73722e+015
12.3501	0.0065563	6.73722e+015
12.3601	0.0065457	6.73722e+015
12.3701	0.00653512	6.73722e+015
12.3801	0.00652457	6.73722e+015
12.3901	0.00651404	6.73722e+015
12.4001	0.00650354	6.73722e+015
12.4101	0.00649306	6.73722e+015
12.4201	0.00648261	6.73722e+015
12.4301	0.00647218	6.73722e+015
12.4401	0.00646178	6.73722e+015
12.4501	0.00645141	6.73722e+015
12.4601	0.00644105	6.73722e+015
12.4701	0.00643073	6.73722e+015
12.4801	0.00642043	6.73722e+015
12.4901	0.00641015	6.73722e+015
12.5001	0.0063999	6.73722e+015
12.5101	0.00638967	6.73722e+015
12.5201	0.00637947	6.73722e+015
12.5301	0.00636929	6.73722e+015
12.5401	0.00635913	6.73722e+015
12.5501	0.006349	6.73722e+015
12.5601	0.0063389	6.73722e+015
12.5701	0.00632882	6.73722e+015
12.5801	0.00631876	6.73722e+015
12.5901	0.00630873	6.73722e+015
12.6001	0.00629872	6.73722e+015
12.6101	0.00628873	6.73722e+015
12.6201	0.00627877	6.73722e+015
12.6301	0.00626883	6.73722e+015
12.6401	0.00625891	6.73722e+015
12.6501	0.00624902	6.73722e+015
12.6601	0.00623915	6.73722e+015
12.6701	0.00622931	6.73722e+015
12.6801	0.00621949	6.73722e+015
12.6901	0.00620969	6.73722e+015
12.7001	0.00619991	6.73722e+015
12.7101	0.00619016	6.73722e+015
12.7201	0.00618043	6.73722e+015
12.7301	0.00617073	6.73722e+015
12.7401	0.00616104	6.73722e+015
12.7501	0.00615138	6.73722e+015
12.7601	0.00614175	6.73722e+015
12.7701	0.00613213	6.73722e+015
12.7801	0.00612254	6.73722e+015
12.7901	0.00611297	6.73722e+015
12.8001	0.00610342	6.73722e+015
12.8101	0.00609389	6.73722e+015
12.8201	0.00608439	6.73722e+015
12.8301	0.00607491	6.73722e+015
12.8401	0.00606545	6.73722e+015
12.8501	0.00605602	6.73722e+015
12.8601	0.0060466	6.73722e+015
12.8701	0.00603721	6.73722e+015
12.8801	0.00602784	6.73722e+015
12.8901	0.00601849	6.73722e+015
12.9001	0.00600916	6.73722e+015
12.9101	0.00599986	6.73722e+015
12.9201	0.00599057	6.73722e+015
12.9301	0.00598131	6.73722e+015
12.9401	0.00597207	6.73722e+015
12.9501	0.00596285	6.73722e+015
12.9601	0.00595365	6.73722e+015
12.9701	0.00594447	6.73722e+015
12.9801	0.00593532	6.73722e+015
12.9901	0.00592618	6.73722e+015
13.0001	0.00591707	6.73722e+015
13.0101	0.00590798	6.73722e+015
13.0201	0.0058989	6.73722e+015
13.0301	0.00588985	6.73722e+015
13.0401	0.00588082	6.73722e+015
13.0501	0.00587181	6.73722e+015
13.0601	0.00586283	6.73722e+015
13.0701	0.00585386	6.73722e+015
13.0801	0.00584491	6.73722e+015
13.0901	0.00583598	6.73722e+015
13.1001	0.00582708	6.73722e+015
13.1101	0.00581819	6.73722e+015
13.1201	0.00580933	6.73722e+015
13.1301	0.00580048	6.73722e+015
13.1401	0.00579165	6.73722e+015
13.1501	0.00578285	6.73722e+015
13.1601	0.00577406	6.73722e+015
13.1701	0.0057653	6.73722e+015
13.1801	0.00575655	6.73722e+015
13.1901	0.00574783	6.73722e+015
13.2001	0.00573912	6.73722e+015
13.2101	0.00573044	6.73722e+015
13.2201	0.00572177	6.73722e+015
13.2301	0.00571313	6.73722e+015
13.2401	0.0057045	6.73722e+015
13.2501	0.00569589	6.73722e+015
13.2601	0.0056873	6.73722e+015
13.2701	0.00567874	6.73722e+015
13.2801	0.00567019	6.73722e+015
13.2901	0.00566166	6.73722e+015
13.3001	0.00565315	6.73722e+015
13.3101	0.00564465	6.73722e+015
13.3201	0.00563618	6.73722e+015
13.3301	0.00562773	6.73722e+015
13.3401	0.00561929	6.73722e+015
13.3501	0.00561088	6.73722e+015
13.3601	0.00560248	6.73722e+015
13.3701	0.00559411	6.73722e+015
13.3801	0.00558575	6.73722e+015
13.3901	0.00557741	6.73722e+015
13.4001	0.00556909	6.73722e+015
13.4101	0.00556078	6.73722e+015
13.4201	0.0055525	6.73722e+015
13.4301	0.00554423	6.73722e+015
13.4401	0.00553599	6.73722e+015
13.4501	0.00552776	6.73722e+015
13.4601	0.00551955	6.73722e+015
13.4701	0.00551135	6.73722e+015
13.4801	0.00550318	6.73722e+015
13.4901	0.00549502	6.73722e+015
13.5001	0.00548689	6.73722e+015
13.5101	0.00547877	6.73722e+015
13.5201	0.00547067	6.73722e+015
13.5301	0.00546258	6.73722e+015
13.5401	0.00545452	6.73722e+015
13.5501	0.00544647	6.73722e+015
13.5601	0.00543844	6.73722e+015
13.5701	0.00543043	6.73722e+015
13.5801	0.00542243	6.73722e+015
13.5901	0.00541445	6.73722e+015
13.6001	0.00540649	6.73722e+015
13.6101	0.00539855	6.73722e+015
13.6201	0.00539063	6.73722e+015
13.6301	0.00538272	6.73722e+015
13.6401	0.00537483	6.73722e+015
13.6501	0.00536696	6.73722e+015
13.6601	0.0053591	6.73722e+015
13.6701	0.00535127	6.73722e+015
13.6801	0.00534345	6.73722e+015
13.6901	0.00533564	6.73722e+015
13.7001	0.00532786	6.73722e+015
13.7101	0.00532009	6.73722e+015
13.7201	0.00531233	6.73722e+015
13.7301	0.0053046	6.73722e+015
13.7401	0.00529688	6.73722e+015
13.7501	0.00528918	6.73722e+015
13.7601	0.00528149	6.73722e+015
13.7701	0.00527383	6.73722e+015
13.7801	0.00526617	6.73722e+015
13.7901	0.00525854	6.73722e+015
13.8001	0.00525092	6.73722e+015
13.8101	0.00524332	6.73722e+015
13.8201	0.00523573	6.73722e+015
13.8301	0.00522817	6.73722e+015
13.8401	0.00522061	6.73722e+015
13.8501	0.00521308	6.73722e+015
13.8601	0.00520556	6.73722e+015
13.8701	0.00519805	6.73722e+015
13.8801	0.00519057	6.73722e+015
13.8901	0.0051831	6.73722e+015
13.9001	0.00517564	6.73722e+015
13.9101	0.0051682	6.73722e+015
13.9201	0.00516078	6.73722e+015
13.9301	0.00515337	6.73722e+015
13.9401	0.00514598	6.73722e+015
13.9501	0.00513861	6.73722e+015
13.9601	0.00513125	6.73722e+015
13.9701	0.0051239	6.73722e+015
13.9801	0.00511658	6.73722e+015
13.9901	0.00510926	6.73722e+015
14.0001	0.00510197	6.73722e+015
14.0101	0.00509469	6.73722e+015
14.0201	0.00508742	6.73722e+015
14.0301	0.00508017	6.73722e+015
14.0401	0.00507294	6.73722e+015
14.0501	0.00506572	6.73722e+015
14.0601	0.00505852	6.73722e+015
14.0701	0.00505133	6.73722e+015
14.0801	0.00504416	6.73722e+015
14.0901	0.005037	6.73722e+015
14.1001	0.00502986	6.73722e+015
14.1101	0.00502273	6.73722e+015
14.1201	0.00501562	6.73722e+015
14.1301	0.00500852	6.73722e+015
14.1401	0.00500144	6.73722e+015
14.1501	0.00499437	6.73722e+015
14.1601	0.00498732	6.73722e+015
14.1701	0.00498028	6.73722e+015
14.1801	0.00497326	6.73722e+015
14.1901	0.00496626	6.73722e+015
14.2001	0.00495926	6.73722e+015
14.2101	0.00495229	6.73722e+015
14.2201	0.00494532	6.73722e+015
14.2301	0.00493838	6.73722e+015
14.2401	0.00493144	6.73722e+015
14.2501	0.00492452	6.73722e+015
14.2601	0.00491762	6.73722e+015
14.2701	0.00491073	6.73722e+015
14.2801	0.00490385	6.73722e+015
14.2901	0.00489699	6.73722e+015
14.3001	0.00489015	6.73722e+015
14.3101	0.00488331	6.73722e+015
14.3201	0.0048765	6.73722e+015
14.3301	0.00486969	6.73722e+015
14.3401	0.0048629	6.73722e+015
14.3501	0.00485613	6.73722e+015
14.3601	0.00484937	6.73722e+015
14.3701	0.00484262	6.73722e+015
14.3801	0.00483589	6.73722e+015
14.3901	0.00482917	6.73722e+015
14.4001	0.00482246	6.73722e+015
14.4101	0.00481577	6.73722e+015
14.4201	0.0048091	6.73722e+015
14.4301	0.00480243	6.73722e+015
14.4401	0.00479578	6.73722e+015
14.4501	0.00478915	6.73722e+015
14.4601	0.00478253	6.73722e+015
14.4701	0.00477592	6.73722e+015
14.4801	0.00476932	6.73722e+015
14.4901	0.00476274	6.73722e+015
14.5001	0.00475618	6.73722e+015
14.5101	0.00474962	6.73722e+015
14.5201	0.00474308	6.73722e+015
14.5301	0.00473656	6.73722e+015
14.5401	0.00473004	6.73722e+015
14.5501	0.00472354	6.73722e+015
14.5601	0.00471706	6.73722e+015
14.5701	0.00471059	6.73722e+015
14.5801	0.00470413	6.73722e+015
14.5901	0.00469768	6.73722e+015
14.6001	0.00469125	6.73722e+015
14.6101	0.00468483	6.73722e+015
14.6201	0.00467842	6.73722e+015
14.6301	0.00467203	6.73722e+015
14.6401	0.00466565	6.73722e+015
14.6501	0.00465928	6.73722e+015
14.6601	0.00465293	6.73722e+015
14.6701	0.00464658	6.73722e+015
14.6801	0.00464026	6.73722e+015
14.6901	0.00463394	6.73722e+015
14.7001	0.00462764	6.73722e+015
14.7101	0.00462135	6.73722e+015
14.7201	0.00461507	6.73722e+015
14.7301	0.00460881	6.73722e+015
14.7401	0.00460256	6.73722e+015
14.7501	0.00459632	6.73722e+015
14.7601	0.00459009	6.73722e+015
14.7701	0.00458388	6.73722e+015
14.7801	0.00457768	6.73722e+015
14.7901	0.00457149	6.73722e+015
14.8001	0.00456531	6.73722e+015
14.8101	0.00455915	6.73722e+015
14.8201	0.004553	6.73722e+015
