0.01	1	0.666667	-19602	0	0	0	0	1	0	0
0.02	1	0.666667	-19602	0	0	0	0	1	0	0
0.03	1	0.666667	-19602	0	0	0	0	1	0	0
0.04	1	0.666667	-19602	0	0	0	0	1	0	0
0.05	1	0.666667	-19602	0	0	0	0	1	0	0
0.06	1	0.666667	-19602	0	0	0	0	1	0	0
0.07	1	0.666667	-19602	0	0	0	0	1	0	0
0.08	1	0.666667	-19602	0	0	0	0	1	0	0
0.09	1	0.666667	-19602	0	0	0	0	1	0	0
0.1	1	0.666667	-19602	0	0	0	0	1	0	0
0.11	1	0.666667	-19602	0	0	0	0	1	0	0
0.12	1	0.666667	-19602	0	0	0	0	1	0	0
0.13	1	0.666667	-19602	0	0	0	0	1	0	0
0.14	1	0.666667	-19602	0	0	0	0	1	0	0
0.15	1	0.666667	-19602	0	0	0	0	1	0	0
0.16	1	0.666667	-19602	0	0	0	0	1	0	0
0.17	1	0.666667	-19602	0	0	0	0	1	0	0
0.18	1	0.666667	-19602	0	0	0	0	1	0	0
0.19	1	0.666667	-19602	0	0	0	0	1	0	0
0.2	1	0.666667	-19602	0	0	0	0	1	0	0
0.21	1	0.666667	-19602	0.108809	1.48648e-15	2.28499e-06	0	1	0	0
0.22	1	0.666667	-19602	0	0	0	2.28499e-08	1	0	0
0.23	1	0.666667	-19602	0.0907084	1.35722e-15	2.08629e-06	2.28499e-08	1	0	0
0.24	1	0.666667	-19602	0.166568	2.60097e-15	3.99763e-06	4.37128e-08	1	0	0
0.25	1	0.666667	-19602	0.0511904	8.32445e-16	1.27976e-06	8.36891e-08	1	0	0
0.26	1	0.666667	-19602	0.354498	5.99725e-15	9.21694e-06	9.64867e-08	1	0	0
0.27	1	0.666667	-19602	0.394351	6.92779e-15	1.06475e-05	1.88656e-07	1	0	0
0.28	1	0.666667	-19602	0.711785	1.29677e-14	1.993e-05	2.95131e-07	1	0	0
0.29	0.999999	0.666667	-19602	2.16443	4.08394e-14	6.27685e-05	4.94431e-07	1	0	0
0.3	0.999998	0.666667	-19601.9	2.76451	5.396e-14	8.29353e-05	1.12212e-06	1	0	0
0.31	0.999998	0.666667	-19601.9	3.65371	7.40065e-14	0.000113265	1.95147e-06	1	0	0
0.32	0.999996	0.666667	-19601.9	5.60548	1.16708e-13	0.000179375	3.08412e-06	1	0	0
0.33	0.999994	0.666667	-19601.8	8.33174	1.78891e-13	0.000274947	4.87787e-06	1	0	0
0.34	0.999992	0.666667	-19601.7	10.6012	2.34518e-13	0.00036044	7.62734e-06	1	0	0
0.35	0.999989	0.666667	-19601.6	14.4691	3.29498e-13	0.000506419	1.12317e-05	1	0	0
0.36	0.999985	0.666667	-19601.4	19.1419	4.48364e-13	0.00068911	1.62959e-05	0.999898	0.00010203	0
0.37	0.999979	0.666667	-19601.2	23.4367	5.6468e-13	0.000867158	2.3187e-05	0.999898	0.00010203	0
0.38	0.999973	0.666667	-19600.9	28.8142	7.14014e-13	0.00109494	3.18586e-05	1	0	0
0.39	0.999966	0.666667	-19600.7	36.4303	9.25658e-13	0.00142078	4.2808e-05	1	0	0
0.4	0.999956	0.666667	-19600.3	42.8541	1.11569e-12	0.00171417	5.70158e-05	1	0	0
0.41	0.999942	0.666667	-19599.7	52.5931	1.40434e-12	0.00215632	7.41575e-05	0.999898	0.00010203	0
0.42	0.999928	0.666667	-19599.2	67.0765	1.83594e-12	0.00281721	9.57207e-05	1	0	0
0.43	0.999909	0.666667	-19598.4	75.1709	2.10708e-12	0.00323235	0.000123893	1	0	0
0.44	0.999886	0.666667	-19597.5	91.5836	2.63095e-12	0.00402968	0.000156216	0.999898	0.00010203	0
0.45	0.999864	0.666667	-19596.7	102.564	3.01103e-12	0.0046154	0.000196513	0.999796	0.000204061	0
0.46	0.999832	0.666667	-19595.4	125.03	3.75187e-12	0.00575139	0.000242667	0.999694	0.000306091	0
0.47	0.9998	0.666667	-19594.2	147.446	4.52199e-12	0.00692997	0.000300181	0.999898	0.00010203	0
0.48	0.999756	0.666667	-19592.5	161.262	5.05456e-12	0.00774058	0.000369481	0.999286	0.000714213	0
0.49	0.99971	0.666667	-19590.6	192.761	6.17246e-12	0.00944528	0.000446887	0.999694	0.000306091	0
0.5	0.999658	0.666667	-19588.6	212.92	6.9665e-12	0.010646	0.000541339	0.999694	0.000306091	0
0.51	0.9996	0.666667	-19586.4	240.669	8.02595e-12	0.0122741	0.000647799	0.999694	0.000306091	0
0.52	0.999538	0.666667	-19583.9	267.71	9.11177e-12	0.0139209	0.000770541	0.999694	0.000306091	0
0.53	0.999469	0.666667	-19581.2	294.442	1.02249e-11	0.0156054	0.00090975	0.999184	0.000816243	0
0.54	0.999382	0.666667	-19577.8	339.308	1.20094e-11	0.0183226	0.0010658	0.998878	0.00112233	0
0.55	0.999289	0.666667	-19574.2	370.423	1.33723e-11	0.0203733	0.00124903	0.999592	0.000408122	0
0.56	0.999198	0.666667	-19570.6	391.046	1.43941e-11	0.0218985	0.00145276	0.999082	0.000918274	0
0.57	0.999085	0.666667	-19566.2	447.582	1.67676e-11	0.0255122	0.00167175	0.999082	0.000918274	0
0.58	0.998973	0.666667	-19561.9	483.814	1.84518e-11	0.0280612	0.00192687	0.998878	0.00112233	0
0.59	0.998836	0.666667	-19556.5	539.882	2.09598e-11	0.0318531	0.00220748	0.998572	0.00142843	0
0.6	0.998708	0.666666	-19551.5	578.043	2.28886e-11	0.0346826	0.00252601	0.99847	0.00153046	0
0.61	0.998525	0.666666	-19544.4	644.994	2.5977e-11	0.0393446	0.00287284	0.997653	0.0023467	0
0.62	0.998377	0.666666	-19538.6	666.821	2.73396e-11	0.0413429	0.00326628	0.998061	0.00193858	0
0.63	0.998201	0.666666	-19531.8	734.99	3.06309e-11	0.0463044	0.00367971	0.998674	0.0013264	0
0.64	0.998006	0.666666	-19524.2	773.741	3.28234e-11	0.0495194	0.00414276	0.998163	0.00183655	0
0.65	0.997791	0.666666	-19515.9	811.805	3.50485e-11	0.0527673	0.00463795	0.997347	0.00265279	0
0.66	0.997587	0.666666	-19507.9	863.672	3.79014e-11	0.0570024	0.00516563	0.997551	0.00244873	0
0.67	0.997349	0.666666	-19498.7	945.293	4.21509e-11	0.0633346	0.00573565	0.997041	0.00295888	0
0.68	0.997105	0.666666	-19489.2	987.729	4.47769e-11	0.0671655	0.006369	0.996735	0.00326497	0
0.69	0.996826	0.666666	-19478.4	1078.42	4.96423e-11	0.0744112	0.00704065	0.996225	0.00367309	0.00010203
0.7	0.996534	0.666666	-19467.1	1164.29	5.45207e-11	0.0815002	0.00778476	0.997041	0.00295888	0
0.71	0.996232	0.666666	-19455.4	1192.1	5.67539e-11	0.0846392	0.00859977	0.996021	0.00397919	0
0.72	0.995926	0.666666	-19443.6	1235.2	5.97065e-11	0.0889345	0.00944616	0.996123	0.00387716	0
0.73	0.995579	0.666666	-19430.2	1312.25	6.44268e-11	0.0957946	0.0103355	0.995103	0.00489746	0
0.74	0.995228	0.666666	-19416.7	1417.97	7.09204e-11	0.10493	0.0112934	0.99449	0.00550964	0
0.75	0.994833	0.666666	-19401.5	1447.37	7.34886e-11	0.108553	0.0123427	0.995613	0.00428528	0.00010203
0.76	0.994445	0.666666	-19386.5	1575.44	8.11705e-11	0.119733	0.0134283	0.993878	0.00612182	0
0.77	0.994056	0.666666	-19371.6	1632.31	8.53893e-11	0.125688	0.0146256	0.992654	0.00734619	0
0.78	0.993609	0.666666	-19354.5	1696.4	9.03869e-11	0.13232	0.0158825	0.994898	0.00510152	0
0.79	0.993165	0.666666	-19337.4	1718.45	9.2795e-11	0.135758	0.0172057	0.992654	0.00734619	0
0.8	0.992665	0.666666	-19318.3	1838.23	1.00937e-10	0.147058	0.0185633	0.991634	0.00836649	0
0.81	0.992139	0.666665	-19298.2	1976.74	1.10275e-10	0.160116	0.0200338	0.992348	0.00755025	0.00010203
0.82	0.991655	0.666665	-19279.8	1961.58	1.11213e-10	0.16085	0.021635	0.993368	0.00663198	0
0.83	0.991098	0.666665	-19258.5	2118.88	1.21703e-10	0.175867	0.0232435	0.990817	0.00897868	0.000204061
0.84	0.99059	0.666665	-19239.2	2163.9	1.26415e-10	0.181768	0.0250022	0.990817	0.00918274	0
0.85	0.989966	0.666665	-19215.5	2250.73	1.33487e-10	0.191312	0.0268198	0.990205	0.00979492	0
0.86	0.989339	0.666665	-19191.7	2311.66	1.39158e-10	0.198803	0.028733	0.99194	0.00795837	0.00010203
0.87	0.988698	0.666665	-19167.3	2491.05	1.51885e-10	0.216721	0.030721	0.988981	0.0110193	0
0.88	0.988038	0.666665	-19142.4	2517.69	1.55821e-10	0.221556	0.0328882	0.986328	0.0136721	0
0.89	0.987395	0.666665	-19118.2	2670.57	1.68301e-10	0.237681	0.0351038	0.986736	0.013264	0
0.9	0.986657	0.666665	-19090.4	2674.57	1.70649e-10	0.240711	0.0374806	0.984287	0.0153046	0.000408122
0.91	0.985936	0.666664	-19063.3	2799.98	1.81565e-10	0.254798	0.0398877	0.987246	0.0125497	0.000204061
0.92	0.98516	0.666664	-19034.2	2866.73	1.89956e-10	0.263739	0.0424357	0.984797	0.0148964	0.000306091
0.93	0.984316	0.666664	-19002.6	3004.45	2.02094e-10	0.279414	0.0450731	0.984797	0.0146924	0.000510152
0.94	0.983561	0.666664	-18974.4	3127.28	2.12567e-10	0.293964	0.0478672	0.983267	0.0164269	0.000306091
0.95	0.982677	0.666664	-18941.4	3318.88	2.29087e-10	0.315294	0.0508068	0.984389	0.0154066	0.000204061
0.96	0.981842	0.666664	-18910.4	3294.86	2.31864e-10	0.316307	0.0539598	0.981328	0.0177533	0.000918274
0.97	0.980912	0.666663	-18875.8	3418.51	2.43793e-10	0.331596	0.0571229	0.975819	0.023365	0.000816243
0.98	0.979962	0.666663	-18840.8	3556.62	2.59018e-10	0.348548	0.0604388	0.97939	0.020202	0.000408122
0.99	0.979033	0.666663	-18806.6	3539.87	2.60988e-10	0.350448	0.0639243	0.981532	0.0176513	0.000816243
1	0.978056	0.666663	-18770.6	3720.87	2.77636e-10	0.372087	0.0674288	0.98041	0.0185695	0.0010203
1.01	0.97702	0.666663	-18732.4	3874.56	2.95318e-10	0.391331	0.0711496	0.978778	0.0207122	0.000510152
1.02	0.975946	0.666662	-18693.2	3938.83	3.04892e-10	0.40176	0.075063	0.975615	0.0238751	0.000510152
1.03	0.974836	0.666662	-18652.7	4051.65	3.17738e-10	0.41732	0.0790806	0.974288	0.0247934	0.000918274
1.04	0.973653	0.666662	-18609.9	4141.63	3.31491e-10	0.43073	0.0832537	0.973676	0.0253035	0.0010203
1.05	0.972561	0.666661	-18570.1	4288.23	3.50261e-10	0.450264	0.087561	0.975309	0.0239771	0.000714213
1.06	0.971369	0.666661	-18527.1	4418.92	3.6556e-10	0.468406	0.0920637	0.971125	0.0281604	0.000714213
1.07	0.970059	0.666661	-18479.8	4624.49	3.87336e-10	0.49482	0.0967477	0.973676	0.0253035	0.0010203
1.08	0.968913	0.666661	-18438.7	4561.42	3.91697e-10	0.492633	0.101696	0.969595	0.0295888	0.000816243
1.09	0.967566	0.66666	-18390.6	4766.63	4.14326e-10	0.519562	0.106622	0.965922	0.0320375	0.00204061
1.1	0.966192	0.66666	-18341.4	4996.98	4.43338e-10	0.549668	0.111818	0.966738	0.0322416	0.0010203
1.11	0.964777	0.666659	-18291.5	5031.81	4.53417e-10	0.558531	0.117315	0.970105	0.0290787	0.000816243
1.12	0.963379	0.666659	-18242.1	5028.81	4.63954e-10	0.563227	0.1229	0.964493	0.0327518	0.00275482
1.13	0.961944	0.666659	-18191.6	5225.83	4.8814e-10	0.590519	0.128532	0.961637	0.0362208	0.00214264
1.14	0.960449	0.666658	-18139.1	5547.06	5.27191e-10	0.632365	0.134437	0.960412	0.0376492	0.00193858
1.15	0.95884	0.666658	-18083.5	5393.33	5.28454e-10	0.620233	0.140761	0.961228	0.0367309	0.00204061
1.16	0.957223	0.666657	-18027	5605.36	5.54894e-10	0.650222	0.146963	0.95827	0.0397919	0.00193858
1.17	0.955589	0.666657	-17970.2	5688.13	5.76933e-10	0.665512	0.153466	0.955413	0.0418325	0.00275482
1.18	0.953933	0.666656	-17913.9	5864.26	6.02625e-10	0.691983	0.160121	0.955515	0.0420365	0.00244873
1.19	0.952075	0.666656	-17850.1	5974.74	6.30309e-10	0.710995	0.16704	0.953372	0.0439751	0.00265279
1.2	0.950463	0.666655	-17795.5	6098.28	6.55694e-10	0.731793	0.17415	0.955209	0.0424446	0.0023467
1.21	0.948498	0.666654	-17728.9	6470.67	7.066e-10	0.782951	0.181468	0.95276	0.0446893	0.00255076
1.22	0.946569	0.666653	-17664.7	6588.9	7.40677e-10	0.803846	0.189298	0.94674	0.0499949	0.00326497
1.23	0.944625	0.666652	-17598.9	6664.33	7.73959e-10	0.819712	0.197336	0.951842	0.0444853	0.00367309
1.24	0.942716	0.666651	-17536.1	7014.86	8.32302e-10	0.869843	0.205533	0.945618	0.0497908	0.00459137
1.25	0.94053	0.666652	-17463.6	6637.48	7.99577e-10	0.829684	0.214232	0.945108	0.0509132	0.00397919
1.26	0.938482	0.666649	-17396.7	7257.05	9.04999e-10	0.914388	0.222529	0.941128	0.0543822	0.00448934
1.27	0.936296	0.666649	-17324.8	7275.19	9.1278e-10	0.923949	0.231673	0.940618	0.0542802	0.00510152
1.28	0.93403	0.666649	-17252.6	7117.51	9.22019e-10	0.911042	0.240912	0.944087	0.0507091	0.00520355
1.29	0.931542	0.666647	-17173.6	7530.79	1.00503e-09	0.971472	0.250023	0.940618	0.053566	0.00581573
1.3	0.929238	0.666645	-17098.9	7778.35	1.0627e-09	1.01119	0.259737	0.940006	0.0545863	0.00540761
1.31	0.926667	0.666644	-17018.7	7778.73	1.10298e-09	1.01901	0.269849	0.930823	0.0624426	0.00673401
1.32	0.924248	0.666643	-16942.7	7899.41	1.14032e-09	1.04272	0.280039	0.933782	0.0598918	0.00632589
1.33	0.921645	0.666642	-16862	8141.64	1.20072e-09	1.08284	0.290466	0.932864	0.0608101	0.00632589
1.34	0.918695	0.666639	-16772	8435.48	1.30492e-09	1.13035	0.301295	0.919396	0.0714213	0.00918274
1.35	0.916067	0.666637	-16692.6	8420.14	1.36446e-09	1.13672	0.312598	0.929191	0.0625446	0.00826446
1.36	0.913075	0.666635	-16602	8989.79	1.47931e-09	1.22261	0.323966	0.920926	0.070605	0.00846852
1.37	0.909942	0.666632	-16509.9	9194.8	1.56993e-09	1.25969	0.336192	0.92113	0.0688705	0.00999898
1.38	0.906974	0.66663	-16420.2	9413.87	1.66265e-09	1.29911	0.348789	0.914294	0.0751964	0.0105091
1.39	0.903728	0.666627	-16328.2	9620.63	1.76981e-09	1.33727	0.36178	0.919294	0.0692786	0.0114274
1.4	0.90033	0.666624	-16229.1	9946.02	1.86569e-09	1.39244	0.375152	0.916029	0.0733599	0.0106112
1.41	0.896918	0.666621	-16129.8	10107.5	1.96418e-09	1.42516	0.389077	0.91154	0.0784614	0.00999898
1.42	0.893211	0.666617	-16028.8	10172.7	2.11239e-09	1.44453	0.403328	0.90705	0.0817264	0.0112233
1.43	0.889527	0.666614	-15927	10299.1	2.18616e-09	1.47277	0.417774	0.905214	0.0816243	0.0131619
1.44	0.885384	0.666605	-15815.9	10944.3	2.53887e-09	1.57598	0.432501	0.908479	0.0795837	0.0119376
1.45	0.881628	0.666599	-15715	11443.8	2.71692e-09	1.65935	0.448261	0.904806	0.0809101	0.0142843
1.46	0.877337	0.666594	-15599.6	11741.1	2.89245e-09	1.71421	0.464855	0.899806	0.083869	0.0163249
1.47	0.873048	0.666591	-15487.3	11656.9	2.96253e-09	1.71357	0.481997	0.886542	0.0935619	0.0198959
1.48	0.867861	0.666579	-15362	11843.9	3.35032e-09	1.7529	0.499132	0.877461	0.0948883	0.0276502
1.49	0.86352	0.666572	-15251.4	12122.7	3.57658e-09	1.80628	0.516661	0.884808	0.094072	0.0211203
1.5	0.8581	0.666562	-15120.1	12207.3	3.85013e-09	1.83109	0.534724	0.87134	0.106214	0.0224467
1.51	0.852901	0.666549	-14998.6	12518.6	4.28021e-09	1.89031	0.553035	0.877257	0.101724	0.0210183
1.52	0.847425	0.666536	-14870	13040.2	4.63625e-09	1.9821	0.571938	0.879604	0.0997857	0.0206101
1.53	0.841486	0.666506	-14732.2	14476.9	5.58539e-09	2.21496	0.591759	0.872666	0.101826	0.0255076
1.54	0.834664	0.666497	-14588.4	13723.9	5.76347e-09	2.11348	0.613909	0.869095	0.101214	0.0296908
1.55	0.82789	0.666478	-14440.7	14554.6	6.27185e-09	2.25597	0.635044	0.86032	0.107948	0.0317315
1.56	0.820853	0.666421	-14301.1	15791.1	7.98473e-09	2.46342	0.657603	0.861239	0.108866	0.0298949
1.57	0.81234	0.666381	-14141.4	15481.6	9.07043e-09	2.43061	0.682238	0.84624	0.115702	0.0380573
1.58	0.805096	0.666319	-13993.7	16017.6	1.07947e-08	2.53078	0.706544	0.829915	0.118661	0.0514233
1.59	0.796457	0.666278	-13834.4	16729.6	1.17467e-08	2.66	0.731851	0.844404	0.121518	0.0340782
1.6	0.788386	0.666283	-13670.5	16334.9	1.12469e-08	2.61358	0.758452	0.832262	0.124885	0.0428528
1.61	0.776255	0.666095	-13485.6	17683.8	1.62145e-08	2.84709	0.784587	0.832364	0.125191	0.0424446
1.62	0.764798	0.665954	-13296.9	19919.5	1.9623e-08	3.22696	0.813058	0.82461	0.124885	0.0505051
1.63	0.748459	0.665701	-13093.2	19735.5	2.52465e-08	3.21689	0.845328	0.800837	0.138863	0.0603
1.64	0.732826	0.665463	-12886.1	19670.1	3.00115e-08	3.2259	0.877497	0.813284	0.134884	0.0518314
1.65	0.709236	0.663853	-12633.9	24613.5	6.73383e-08	4.06123	0.909756	0.792572	0.142434	0.0649934
1.66	0.695676	0.664331	-12441.8	22653.7	5.31424e-08	3.76051	0.950368	0.765432	0.146006	0.0885624
1.67	0.662773	0.661347	-12174.2	25096.1	1.13799e-07	4.19105	0.987973	0.771758	0.15478	0.0734619
1.68	0.638383	0.65869	-11936.3	25948.5	1.64785e-07	4.35935	1.02988	0.729619	0.154372	0.116009
1.69	0.538848	0.627682	-11546.4	32521.1	6.26057e-07	5.49606	1.07348	0.6583	0.158963	0.182736
1.7	0.452118	0.61398	-11162.3	29114.8	5.78421e-07	4.94952	1.12844	0.659627	0.168248	0.172125
1.71	0.255789	0.447408	-10756.5	22295.4	8.81882e-07	3.81251	1.17793	0.344761	0.17335	0.48189
1.72	0.235687	0.397231	-10572	24252.4	1.07164e-06	4.17141	1.21606	0.474339	0.171513	0.354148
1.73	0.10364	0.0413727	-10239.2	21008.1	4.18364e-07	3.63441	1.25777	0.309968	0.183961	0.506071
1.74	0.116424	-0.0185139	-10028.2	21455.8	4.35955e-07	3.73331	1.29412	0.419855	0.181104	0.399041
1.75	0.101494	0.234777	-9838.72	18337.1	2.50441e-07	3.209	1.33145	0.334252	0.186614	0.479135
1.76	0.115025	-0.144175	-9689.77	20688.9	5.7313e-07	3.64124	1.36354	0.506581	0.191307	0.302112
1.77	0.0983769	0.181128	-9475.44	18086.1	2.79902e-07	3.20124	1.39995	0.444444	0.189266	0.366289
1.78	0.0800463	0.122642	-9307.56	16873.2	1.94429e-07	3.00342	1.43196	0.427711	0.191307	0.380982
1.79	0.0810618	0.172458	-9134.15	15153.7	1.70617e-07	2.71251	1.462	0.459341	0.197327	0.343332
1.8	0.0738009	0.0952382	-8996.36	14575.6	1.62956e-07	2.62361	1.48912	0.328946	0.201102	0.469952
1.81	0.0712139	0.139727	-8856.29	14465.2	1.4237e-07	2.61821	1.51536	0.378941	0.196919	0.42414
1.82	0.0598566	-0.008424	-8704.71	14492.9	1.11395e-07	2.63771	1.54154	0.46383	0.197531	0.338639
1.83	0.056425	-0.130382	-8574.83	12915.9	1.13309e-07	2.36361	1.56792	0.399143	0.204367	0.39649
1.84	0.056477	0.0512667	-8451.09	12256.6	9.12326e-08	2.25521	1.59155	0.462912	0.215998	0.32109
1.85	0.0530424	0.0336849	-8341.98	11851.7	8.63214e-08	2.19256	1.61411	0.364147	0.193756	0.442098
1.86	0.0469125	-0.102484	-8219.36	11634.5	7.45035e-08	2.16401	1.63603	0.407101	0.213142	0.379757
1.87	0.0487593	0.0182227	-8106.92	10549.3	6.71014e-08	1.97272	1.65767	0.427609	0.217121	0.35527
1.88	0.0436128	0.0419191	-7981.97	10419.9	5.46745e-08	1.95894	1.6774	0.368228	0.211713	0.420059
1.89	0.0430076	0.031359	-7882.26	10176.3	5.56278e-08	1.92332	1.69699	0.327518	0.220998	0.451485
1.9	0.0425373	0.0232536	-7783.71	10173.2	5.51079e-08	1.9329	1.71622	0.385573	0.221202	0.393225
1.91	0.0391544	-0.0214038	-7676.52	9517.13	4.91162e-08	1.81777	1.73555	0.394654	0.217835	0.387511
1.92	0.0399328	-0.00362916	-7579.63	9150.18	4.69863e-08	1.75683	1.75373	0.398429	0.225997	0.375574
1.93	0.0373568	0.0234495	-7485.46	8972.23	4.27898e-08	1.73164	1.7713	0.390776	0.217937	0.391287
1.94	0.037374	-0.0107722	-7394.65	8897.18	4.18251e-08	1.72605	1.78861	0.349556	0.232935	0.417508
1.95	0.0370601	0.0203069	-7316.8	8752.94	4.05948e-08	1.70682	1.80587	0.400979	0.223038	0.375982
1.96	0.0329319	-0.0379678	-7218.16	8271.23	3.28452e-08	1.62116	1.82294	0.393429	0.230487	0.376084
1.97	0.0334572	0.0447208	-7142.85	7883.94	3.24147e-08	1.55314	1.83915	0.386185	0.238853	0.374962
1.98	0.0331525	-0.0499894	-7060.63	8029.12	3.18795e-08	1.58977	1.85469	0.364963	0.233344	0.401694
1.99	0.0325475	-0.0601813	-6987.08	7749.57	3.21565e-08	1.54216	1.87058	0.385777	0.230181	0.384042
2	0.0320409	0.0533605	-6906.11	7906.07	2.89324e-08	1.58121	1.886	0.349046	0.240894	0.41006
2.01	0.0304501	0.0294105	-6829.37	6931.63	2.57715e-08	1.39326	1.90182	0.390776	0.231507	0.377717
2.02	0.0297857	0.0134074	-6757.93	7176.12	2.46612e-08	1.44958	1.91575	0.384042	0.243445	0.372513
2.03	0.0299691	0.0397762	-6687.04	6807.21	2.45935e-08	1.38186	1.93025	0.386185	0.229568	0.384247
2.04	0.0282525	-0.0117333	-6611.28	6873.72	2.21873e-08	1.40224	1.94406	0.423222	0.239567	0.33721
2.05	0.0277991	-0.0360905	-6543.09	6773.06	2.17542e-08	1.38848	1.95809	0.396286	0.238751	0.364963
2.06	0.0262862	-0.0234415	-6478.26	6563.36	1.95295e-08	1.35205	1.97197	0.36935	0.24018	0.39047
2.07	0.027801	0.057971	-6416.07	6082.58	2.07197e-08	1.25909	1.98549	0.379247	0.245587	0.375166
2.08	0.0265555	0.0523619	-6352.92	6447.92	1.86034e-08	1.34117	1.99808	0.353433	0.237731	0.408836
2.09	0.0255707	0.0471784	-6282.13	6169.98	1.72015e-08	1.28953	2.01149	0.397919	0.244669	0.357413
2.1	0.0249213	-0.048174	-6230.26	5837.27	1.8202e-08	1.22583	2.02439	0.362106	0.253239	0.384655
2.11	0.0254689	0.013394	-6166.61	5686.81	1.76445e-08	1.19992	2.03665	0.38343	0.244669	0.371901
2.12	0.0249985	0.0164703	-6110.94	5836.74	1.67103e-08	1.23739	2.04865	0.371391	0.245893	0.382716
2.13	0.0231292	-0.0169481	-6054.01	5504.78	1.4368e-08	1.17252	2.06102	0.381084	0.24324	0.375676
2.14	0.0234627	-0.0452291	-5999.6	5610.41	1.50764e-08	1.20063	2.07275	0.374962	0.248138	0.3769
2.15	0.022806	-0.0101973	-5949.71	5181.3	1.41298e-08	1.11398	2.08475	0.378329	0.250689	0.370983
2.16	0.0223421	0.00119134	-5897.15	5388.19	1.34331e-08	1.16385	2.09589	0.378635	0.253137	0.368228
2.17	0.0247163	0.052454	-5845.02	5016.96	1.53461e-08	1.08868	2.10753	0.361494	0.257933	0.380573
2.18	0.0227841	0.0275681	-5791.96	5154.95	1.31205e-08	1.12378	2.11842	0.389144	0.259361	0.351495
2.19	0.0222155	-0.0645007	-5742.8	5039.06	1.31451e-08	1.10355	2.12966	0.38139	0.259769	0.358841
2.2	0.0214326	0.00107353	-5695.59	4762.96	1.21081e-08	1.04785	2.14069	0.364657	0.262626	0.372717
2.21	0.0215434	0.0604931	-5642.15	4817.83	1.12923e-08	1.06474	2.15117	0.393123	0.260178	0.346699
2.22	0.0216261	-0.00018863	-5596.23	4645.28	1.17753e-08	1.03125	2.16182	0.374656	0.253239	0.372105
2.23	0.0213778	0.0454645	-5552.76	4563.48	1.12088e-08	1.01766	2.17213	0.390981	0.251811	0.357208
2.24	0.0212389	0.0268182	-5513.13	4415.15	1.13998e-08	0.988993	2.18231	0.359759	0.260994	0.379247
2.25	0.0205793	-0.0605269	-5461.73	4543.43	1.09618e-08	1.02227	2.1922	0.391083	0.260688	0.34823
2.26	0.0202496	0.00985886	-5419.23	4391.11	1.03648e-08	0.99239	2.20242	0.359045	0.262218	0.378737
2.27	0.0201498	0.00624378	-5375.71	4074.63	1.01965e-08	0.924941	2.21234	0.372921	0.26783	0.359249
2.28	0.0205842	0.00724201	-5340.49	4155	1.06569e-08	0.947341	2.22159	0.377206	0.262014	0.36078
2.29	0.019024	-0.083364	-5290.61	4133.18	9.4439e-09	0.946499	2.23107	0.395164	0.255076	0.34976
2.3	0.019803	0.0258207	-5253.99	4021.13	9.51943e-09	0.924861	2.24053	0.36282	0.26283	0.37435
2.31	0.019525	-0.0674434	-5211.79	3940.09	9.84567e-09	0.91016	2.24978	0.376288	0.263136	0.360575
2.32	0.0191977	0.00901277	-5170.06	3853.77	9.18323e-09	0.894074	2.25888	0.366187	0.262422	0.371391
2.33	0.0185169	0.0345897	-5131.41	3779.37	8.13487e-09	0.880593	2.26782	0.390674	0.266503	0.342822
2.34	0.018704	0.00150811	-5097.73	3807.99	8.64732e-09	0.891069	2.27663	0.365371	0.261912	0.372717
2.35	0.0181162	-0.0222811	-5057.46	3592.25	8.12713e-09	0.844178	2.28554	0.389552	0.268748	0.3417
2.36	0.0185064	0.0123487	-5020.63	3769.83	8.28889e-09	0.889679	2.29398	0.374656	0.276298	0.349046
2.37	0.0182987	0.0416201	-4988.08	3748.03	7.81906e-09	0.888283	2.30288	0.358229	0.274156	0.367616
2.38	0.0182486	0.0328026	-4955.97	3590.31	7.87221e-09	0.854495	2.31176	0.346903	0.267116	0.385981
2.39	0.0178279	-0.0341223	-4915.53	3643.97	7.91428e-09	0.870908	2.3203	0.334864	0.267728	0.397408
2.4	0.0174318	0.0045308	-4884.23	3530.22	7.22006e-09	0.847254	2.32901	0.35027	0.276808	0.372921
2.41	0.01792	-0.0307988	-4846.2	3496.86	8.01447e-09	0.842744	2.33749	0.362412	0.26732	0.370268
2.42	0.0173388	-0.00799313	-4815.05	3293.81	7.1403e-09	0.797103	2.34591	0.34323	0.274258	0.382512
2.43	0.0171549	0.0024812	-4778.51	3189.04	6.97397e-09	0.774937	2.35388	0.355882	0.269972	0.374145
2.44	0.0170494	0.0318511	-4742.45	3182.48	6.6726e-09	0.776525	2.36163	0.358433	0.272931	0.368636
2.45	0.0170964	-0.00375861	-4714.29	3123.23	6.79464e-09	0.765192	2.3694	0.377002	0.281502	0.341496
2.46	0.0168434	-0.00903275	-4680.23	3017.2	6.69752e-09	0.74223	2.37705	0.362616	0.280788	0.356596
2.47	0.0168684	-0.0172713	-4652.77	3037.84	6.61572e-09	0.750347	2.38447	0.345067	0.269768	0.385165
2.48	0.0169933	0.020199	-4625.55	3006.2	6.54777e-09	0.745537	2.39198	0.369656	0.271809	0.358535
2.49	0.0168404	-0.00169013	-4592.6	2940.68	6.53931e-09	0.73223	2.39943	0.377819	0.279563	0.342618
2.5	0.0163089	0.0189702	-4561.78	3024.81	5.92561e-09	0.756202	2.40675	0.363738	0.279767	0.356494
2.51	0.0161598	0.00515296	-4534.34	2827.91	5.90639e-09	0.709806	2.41432	0.35527	0.274156	0.370574
2.52	0.0166483	0.00446487	-4505.43	2887.3	6.36018e-09	0.7276	2.42141	0.385369	0.280278	0.334354
2.53	0.0161389	0.000463155	-4478.53	2845.63	5.89153e-09	0.719945	2.42869	0.354454	0.275992	0.369554
2.54	0.0158183	-0.0203254	-4447.08	2698.47	5.80331e-09	0.685412	2.43589	0.377615	0.275584	0.346801
2.55	0.0162174	0.00427039	-4422.28	2751.77	5.93824e-09	0.7017	2.44274	0.36231	0.285685	0.352005
2.56	0.0159919	0.0100967	-4392.62	2653.93	5.68003e-09	0.679405	2.44976	0.344965	0.28895	0.366085
2.57	0.0155023	0.00224086	-4366.53	2692.99	5.39887e-09	0.692098	2.45655	0.351291	0.273033	0.375676
2.58	0.0155545	0.00200486	-4339.22	2637.06	5.41988e-09	0.680361	2.46348	0.373635	0.283338	0.343026
2.59	0.0156965	0.00306582	-4313.55	2518.14	5.35182e-09	0.6522	2.47028	0.353127	0.278951	0.367922
2.6	0.0156873	-0.0330935	-4289.25	2586.11	5.55979e-09	0.672388	2.4768	0.351699	0.279053	0.369248
2.61	0.015325	-0.0460316	-4260.64	2504.02	5.33392e-09	0.65355	2.48353	0.347414	0.272625	0.379961
2.62	0.0151228	0.019491	-4235.5	2501.93	4.8467e-09	0.655505	2.49006	0.35476	0.282522	0.362718
2.63	0.0147839	-0.0372861	-4212.82	2434.4	4.86249e-09	0.640248	2.49662	0.36333	0.288542	0.348128
2.64	0.0150713	0.0210897	-4188.22	2456.37	4.91162e-09	0.648482	2.50302	0.370778	0.291501	0.337721
2.65	0.0153257	0.0315482	-4162.53	2453.18	4.93408e-09	0.650094	2.5095	0.348332	0.28344	0.368228
2.66	0.0147981	-0.0185441	-4138.34	2332.98	4.69303e-09	0.620573	2.516	0.350066	0.285379	0.364555
2.67	0.0145982	0.0116096	-4117.15	2318.16	4.53691e-09	0.618949	2.52221	0.337823	0.283542	0.378635
2.68	0.0145558	-0.0213836	-4092.93	2289.75	4.58174e-09	0.613654	2.5284	0.352515	0.291195	0.35629
2.69	0.0146188	-0.0234681	-4069	2310.23	4.5922e-09	0.621451	2.53454	0.349454	0.291807	0.358739
2.7	0.014417	0.0151196	-4046.43	2213.25	4.39457e-09	0.597578	2.54075	0.344455	0.289766	0.365779
2.71	0.014614	0.000396761	-4024.79	2235.27	4.47322e-09	0.605757	2.54673	0.356188	0.286501	0.35731
2.72	0.0147435	-0.0352284	-4001.64	2230.05	4.67331e-09	0.606574	2.55278	0.34976	0.292011	0.358229
2.73	0.0143638	-0.00653886	-3980.53	2220.29	4.374e-09	0.60614	2.55885	0.368024	0.288746	0.34323
2.74	0.0141108	-0.022819	-3962.63	2120.42	4.21665e-09	0.580995	2.56491	0.350168	0.282216	0.367616
2.75	0.0144062	0.0381099	-3937.86	2115.26	4.209e-09	0.581696	2.57072	0.354454	0.28793	0.357617
2.76	0.0141388	-0.00567008	-3918.46	2105.89	4.20079e-09	0.581227	2.57654	0.35731	0.28997	0.352719
2.77	0.0141272	0.0162727	-3895.36	2100.64	4.07354e-09	0.581878	2.58235	0.370166	0.28293	0.346903
2.78	0.0140453	-0.0141792	-3868.52	2025.75	4.08957e-09	0.563158	2.58817	0.350781	0.29395	0.35527
2.79	0.0140691	7.5586e-05	-3856.98	2041.27	4.02362e-09	0.569514	2.5938	0.346189	0.295888	0.357923
2.8	0.0138821	-0.00320964	-3834.91	1997.9	3.92606e-09	0.559411	2.5995	0.347311	0.289052	0.363636
2.81	0.0141723	0.0010301	-3817.11	1982.65	4.04923e-09	0.557125	2.60509	0.378737	0.281298	0.339965
2.82	0.013829	0.0104461	-3792.62	1941.69	3.86259e-09	0.547555	2.61066	0.353433	0.278645	0.367922
2.83	0.013506	-0.0134808	-3775.25	1902.42	3.66157e-09	0.538384	2.61614	0.359351	0.292317	0.348332
2.84	0.0136942	-0.00659556	-3756.97	1924.15	3.78294e-09	0.546458	2.62152	0.3367	0.288542	0.374758
2.85	0.0139476	0.0172678	-3737.44	1895.99	3.82138e-09	0.540356	2.62698	0.353433	0.297317	0.34925
2.86	0.0134795	-0.00596964	-3718.18	1845.79	3.6611e-09	0.527897	2.63239	0.351393	0.289154	0.359453
2.87	0.0133731	0.00964981	-3703.47	1864.23	3.5907e-09	0.535033	2.63767	0.358841	0.289256	0.351903
2.88	0.0135313	-0.0137978	-3680.85	1767.88	3.65139e-09	0.509151	2.64302	0.338843	0.297215	0.363942
2.89	0.0132684	-0.0264106	-3666.02	1793.05	3.51049e-09	0.518192	2.64811	0.362208	0.291297	0.346495
2.9	0.0133933	-0.0205685	-3646.96	1791.01	3.57775e-09	0.519392	2.65329	0.349658	0.293337	0.357004
2.91	0.0133504	0.0126325	-3627.23	1713.94	3.48899e-09	0.498757	2.65849	0.35527	0.300684	0.344047
2.92	0.0132742	0.00389445	-3609.96	1756.1	3.42877e-09	0.512781	2.66347	0.360882	0.298133	0.340986
2.93	0.0130326	0.0288147	-3590.62	1721.24	3.24477e-09	0.504322	2.6686	0.366289	0.286501	0.347209
2.94	0.0130612	-0.0272942	-3577.58	1723.96	3.38017e-09	0.506844	2.67364	0.366697	0.287216	0.346087
2.95	0.0131643	0.0248244	-3559.94	1681.58	3.28126e-09	0.496066	2.67871	0.363738	0.290174	0.346087
2.96	0.0131063	0.0311561	-3540.44	1675.44	3.24806e-09	0.495929	2.68367	0.346393	0.290787	0.36282
2.97	0.0130329	-0.0240375	-3525.01	1684	3.27684e-09	0.500148	2.68863	0.352515	0.287318	0.360167
2.98	0.0127314	-0.0286312	-3509.65	1621.35	3.16453e-09	0.483163	2.69363	0.34976	0.301296	0.348944
2.99	0.0129589	-0.0131593	-3494.92	1611.67	3.20543e-09	0.481888	2.69847	0.360677	0.285787	0.353535
3	0.0128523	-0.0113829	-3475.02	1595.14	3.14849e-09	0.478543	2.70328	0.34068	0.292725	0.366595
3.01	0.0128211	0.0211921	-3458.5	1581.79	3.05371e-09	0.476118	2.70807	0.342618	0.303745	0.353637
3.02	0.0128043	-0.0151891	-3443.41	1594.19	3.11511e-09	0.481445	2.71283	0.352005	0.291807	0.356188
3.03	0.0127246	-0.00754326	-3427.81	1539.47	3.03591e-09	0.46646	2.71765	0.352209	0.301296	0.346495
3.04	0.0127167	0.00823454	-3411.94	1538.35	3.00488e-09	0.467657	2.72231	0.359249	0.294562	0.346189
3.05	0.0126773	0.00460963	-3396.7	1534.9	3.00105e-09	0.468144	2.72699	0.348842	0.290991	0.360167
3.06	0.0125894	-0.00324363	-3383.52	1530.09	2.93886e-09	0.468206	2.73167	0.350372	0.298643	0.350985
3.07	0.0123069	-0.000971535	-3368.85	1476.62	2.82493e-09	0.453323	2.73635	0.3568	0.290991	0.352209
3.08	0.012464	0.0253669	-3353.34	1503.1	2.81238e-09	0.462956	2.74088	0.348128	0.301194	0.350679
3.09	0.0126434	-0.00147775	-3336.1	1498.77	2.92468e-09	0.463121	2.74551	0.344047	0.294154	0.3618
3.1	0.0123653	0.0108363	-3323.35	1459.72	2.81018e-09	0.452515	2.75014	0.344659	0.297623	0.357719
3.11	0.0122065	0.00576811	-3308.23	1460.15	2.73059e-09	0.454105	2.75467	0.350781	0.298235	0.350985
3.12	0.0122247	0.0323038	-3293.91	1447.46	2.6854e-09	0.451606	2.75921	0.339149	0.296908	0.363942
3.13	0.0125244	0.0157241	-3279.38	1440.39	2.80901e-09	0.450843	2.76373	0.344251	0.300684	0.355066
3.14	0.0121651	-0.0590893	-3266.69	1425.98	2.78297e-09	0.447757	2.76823	0.359147	0.298847	0.342006
3.15	0.012164	-0.00524786	-3250.31	1406.11	2.64092e-09	0.442924	2.77271	0.336292	0.308948	0.35476
3.16	0.0120379	-0.0102327	-3240.21	1365.47	2.64154e-09	0.431488	2.77714	0.350066	0.297317	0.352617
3.17	0.0121565	0.00225175	-3226.25	1396.8	2.67374e-09	0.442786	2.78146	0.345679	0.300275	0.354046
3.18	0.0120992	-0.0400803	-3209.17	1364.79	2.69811e-09	0.434003	2.78588	0.34925	0.304357	0.346393
3.19	0.0121428	0.0281677	-3197.49	1371.27	2.61019e-09	0.437435	2.79022	0.329558	0.307316	0.363126
3.2	0.0120255	0.0137516	-3185.78	1358.53	2.58107e-09	0.43473	2.7946	0.35476	0.304357	0.340884
3.21	0.01206	-0.0153577	-3172.01	1303.15	2.625e-09	0.418311	2.79895	0.35527	0.30354	0.34119
3.22	0.0120088	-0.00126075	-3157.43	1291.36	2.59945e-09	0.415817	2.80313	0.351495	0.297725	0.350781
3.23	0.011771	-0.00710322	-3145.18	1284.39	2.45188e-09	0.414858	2.80729	0.35629	0.30099	0.34272
3.24	0.0118282	-0.0403288	-3131.03	1285.08	2.53232e-09	0.416367	2.81144	0.349352	0.299867	0.350781
3.25	0.0118125	0.0283183	-3119.22	1285.53	2.40017e-09	0.417797	2.8156	0.347107	0.300173	0.352719
3.26	0.0118672	-0.0234324	-3106.96	1248.89	2.49497e-09	0.407137	2.81978	0.340169	0.306907	0.352923
3.27	0.0117771	0.0189438	-3095.46	1212.47	2.39527e-09	0.396479	2.82385	0.332823	0.3015	0.365677
3.28	0.0117449	0.0117593	-3080.97	1185.16	2.4191e-09	0.388732	2.82781	0.345271	0.301398	0.353331
3.29	0.0119165	0.0194276	-3068.38	1213.9	2.44628e-09	0.399372	2.8317	0.348536	0.31405	0.337415
3.3	0.0116979	-0.00452936	-3054.77	1208.94	2.4072e-09	0.398951	2.83569	0.346699	0.303847	0.349454
3.31	0.0117368	-0.0393614	-3043.3	1211.53	2.44891e-09	0.401018	2.83968	0.363228	0.30303	0.333741
3.32	0.0115952	0.0432008	-3032.74	1203.18	2.21959e-09	0.399457	2.84369	0.345271	0.305479	0.34925
3.33	0.0117662	-0.000421929	-3021.58	1157.04	2.37008e-09	0.385296	2.84769	0.351393	0.304255	0.344353
3.34	0.0116164	0.0142809	-3009.76	1180.95	2.28824e-09	0.394439	2.85154	0.348842	0.300582	0.350576
3.35	0.0116534	0.0169264	-2996.82	1145.61	2.28916e-09	0.383781	2.85549	0.339965	0.302214	0.357821
3.36	0.0113768	-0.0389444	-2985.58	1175.46	2.26897e-09	0.394953	2.85932	0.335884	0.3166	0.347516
3.37	0.0114693	-0.00356855	-2973.11	1156.68	2.21165e-09	0.389801	2.86327	0.360269	0.292521	0.347209
3.38	0.0115082	-0.0264316	-2961.25	1126.32	2.27885e-09	0.380697	2.86717	0.346801	0.305785	0.347414
3.39	0.0113911	-0.0236033	-2951.68	1136.45	2.22588e-09	0.385255	2.87098	0.334864	0.307112	0.358025
3.4	0.0113671	-0.0221846	-2940.42	1083.49	2.20466e-09	0.368388	2.87483	0.34323	0.301704	0.355066
3.41	0.0114702	-0.00177571	-2929.55	1091.9	2.20083e-09	0.372337	2.87851	0.329252	0.310785	0.359963
3.42	0.0115219	0.00238817	-2917.81	1131.13	2.20768e-09	0.386846	2.88224	0.340067	0.301908	0.358025
3.43	0.0113541	-0.0150794	-2907.07	1086.34	2.16462e-09	0.372615	2.88611	0.3417	0.308234	0.350066
3.44	0.0112679	-0.00373335	-2896.21	1081.29	2.13555e-09	0.371963	2.88983	0.350168	0.296806	0.353025
3.45	0.0113315	-0.0112935	-2885.84	1044.76	2.13756e-09	0.360441	2.89355	0.347107	0.304765	0.348128
3.46	0.0109597	-0.00399986	-2873.4	1031.76	1.96053e-09	0.35699	2.89716	0.337823	0.307316	0.354862
3.47	0.0113028	0.00558403	-2862.36	1063.02	2.08163e-09	0.368868	2.90073	0.342924	0.301602	0.355474
3.48	0.0112697	0.0159855	-2855.77	1034.55	2.03492e-09	0.360024	2.90442	0.34221	0.305581	0.352209
3.49	0.011161	-0.0334296	-2844.62	1056.5	2.0547e-09	0.368719	2.90802	0.353025	0.303234	0.34374
3.5	0.0111339	0.00500117	-2833.59	1035.06	2.02159e-09	0.362272	2.9117	0.34323	0.309458	0.347311
3.51	0.0110118	0.0169487	-2822.67	1031.67	1.97309e-09	0.362115	2.91533	0.346393	0.307214	0.346393
3.52	0.0110272	-0.0160628	-2812.08	1014.16	1.98129e-09	0.356986	2.91895	0.3367	0.309356	0.353943
3.53	0.0111454	0.0149486	-2802.23	985.638	1.99462e-09	0.34793	2.92252	0.345475	0.304357	0.350168
3.54	0.0110658	0.0178049	-2793.03	1009.71	1.91849e-09	0.357439	2.926	0.355882	0.305377	0.338741
3.55	0.0109059	-0.0399103	-2782.78	996.09	2.01162e-09	0.353612	2.92957	0.346903	0.303336	0.34976
3.56	0.0109883	-0.00601745	-2772.85	968.273	1.9412e-09	0.344705	2.93311	0.353535	0.307724	0.338741
3.57	0.0109012	-0.0208671	-2762.23	983.728	1.94352e-09	0.351191	2.93655	0.353637	0.299051	0.347311
3.58	0.0108643	-0.0214843	-2754.71	975.915	1.87263e-09	0.349377	2.94007	0.359555	0.299051	0.341394
3.59	0.0111277	0.0262293	-2740.67	963.788	1.96096e-09	0.346	2.94356	0.352107	0.309662	0.338231
3.6	0.0110182	0.0123102	-2732.29	957.569	1.92608e-09	0.344725	2.94702	0.352209	0.306805	0.340986
3.61	0.0110448	0.0127363	-2728.04	962.389	1.92432e-09	0.347422	2.95047	0.345781	0.315988	0.338231
3.62	0.0108376	-0.00528032	-2713.36	947.44	1.86631e-09	0.342973	2.95394	0.344353	0.311295	0.344353
3.63	0.0106091	-0.0259029	-2704.41	938.443	1.8418e-09	0.340655	2.95737	0.342006	0.306397	0.351597
3.64	0.0107055	0.000273147	-2696.46	937.433	1.80986e-09	0.341226	2.96078	0.359759	0.298847	0.341394
3.65	0.0107854	0.00958104	-2686.83	910.379	1.7937e-09	0.332288	2.96419	0.345271	0.315988	0.338741
3.66	0.0108032	0.027293	-2676.46	907.831	1.80011e-09	0.332266	2.96751	0.334966	0.313948	0.351087
3.67	0.0108312	0.00381579	-2666.4	923.904	1.81267e-09	0.339073	2.97083	0.339659	0.307622	0.352719
3.68	0.010912	0.00404085	-2660.34	879.588	1.82959e-09	0.323688	2.97423	0.342108	0.304561	0.353331
3.69	0.0108391	0.020578	-2650.41	887.898	1.79364e-09	0.327634	2.97746	0.358739	0.310989	0.330272
3.7	0.010806	-0.00100806	-2641.59	879.624	1.81513e-09	0.325461	2.98074	0.334558	0.317519	0.347924
3.71	0.0107879	-0.0199095	-2630.9	877.758	1.80913e-09	0.325648	2.98399	0.343638	0.30252	0.353841
3.72	0.0106768	-0.024723	-2625.34	878.587	1.76539e-09	0.326834	2.98725	0.34272	0.306193	0.351087
3.73	0.0106399	0.0118452	-2615.06	844.217	1.70907e-09	0.314893	2.99052	0.335476	0.311805	0.352719
3.74	0.010617	0.0342192	-2608.34	858.388	1.67294e-09	0.321037	2.99367	0.342312	0.313846	0.343842
3.75	0.010731	0.00876459	-2598.72	853.002	1.73277e-09	0.319876	2.99688	0.358943	0.306193	0.334864
3.76	0.0105221	-0.00107291	-2586.71	851.778	1.70554e-09	0.320268	3.00008	0.347924	0.312111	0.339965
3.77	0.0106946	0.0291305	-2578.96	852.296	1.69341e-09	0.321316	3.00328	0.341292	0.307112	0.351597
3.78	0.0102905	-0.0120609	-2572.84	837.262	1.61424e-09	0.316485	3.00649	0.340884	0.315784	0.343332
3.79	0.0103501	-0.0225108	-2565.11	834.574	1.64013e-09	0.316304	3.00966	0.34374	0.310683	0.345577
3.8	0.0105884	-0.0184307	-2557.5	815.855	1.72763e-09	0.310025	3.01282	0.350883	0.313131	0.335986
3.81	0.0103493	-0.023552	-2546.05	820.166	1.63566e-09	0.312483	3.01592	0.339557	0.310479	0.349964
3.82	0.0104605	-0.00355036	-2538.04	798.342	1.66228e-09	0.304967	3.01904	0.335374	0.311499	0.353127
3.83	0.0104776	-0.00860924	-2531.39	814.197	1.62695e-09	0.311838	3.02209	0.345373	0.306397	0.34823
3.84	0.0103946	-0.0221776	-2525.23	792.932	1.62475e-09	0.304486	3.02521	0.342516	0.311091	0.346393
3.85	0.0103174	0.00434196	-2514.23	806.093	1.58835e-09	0.310346	3.02826	0.344557	0.315886	0.339557
3.86	0.0104351	0.0160162	-2507.83	780.477	1.5989e-09	0.301264	3.03136	0.34221	0.311397	0.346393
3.87	0.0105059	0.00381724	-2497.73	765.058	1.63018e-09	0.296077	3.03437	0.33619	0.312927	0.350883
3.88	0.0104106	-0.0167559	-2491.37	775.875	1.59534e-09	0.301039	3.03733	0.345475	0.313335	0.34119
3.89	0.0102746	0.00181826	-2484.25	782.319	1.57281e-09	0.304322	3.04035	0.326293	0.319253	0.354454
3.9	0.0101218	-0.0127416	-2476.32	764.61	1.51497e-09	0.298198	3.04339	0.344863	0.307826	0.347311
3.91	0.0102026	0.019417	-2468.74	770.977	1.48301e-09	0.301452	3.04637	0.352821	0.313539	0.333639
3.92	0.0102827	-0.0207482	-2462.37	780.054	1.57701e-09	0.305781	3.04938	0.353229	0.30252	0.344251
3.93	0.0103627	0.0175631	-2452.02	743.957	1.56088e-09	0.292375	3.05244	0.351903	0.320478	0.32762
3.94	0.0101932	-0.0158174	-2443.81	760.26	1.52208e-09	0.299542	3.05537	0.341496	0.321498	0.337006
3.95	0.0103772	0.000381104	-2436.71	759.654	1.55366e-09	0.300063	3.05836	0.348128	0.305071	0.346801
3.96	0.0104713	0.00980576	-2429.75	737.842	1.54891e-09	0.292185	3.06136	0.338945	0.317723	0.343332
3.97	0.0102761	-7.26788e-05	-2423.54	736.868	1.52349e-09	0.292536	3.06428	0.352107	0.309254	0.338639
3.98	0.0102391	0.0179325	-2414.79	743.542	1.48775e-09	0.29593	3.06721	0.343026	0.315988	0.340986
3.99	0.0101454	-0.00227342	-2407.31	732.579	1.46621e-09	0.292299	3.07017	0.34374	0.305989	0.35027
4	0.0102725	-0.0181435	-2400.09	717.764	1.52072e-09	0.287106	3.07309	0.344353	0.310887	0.344761
4.01	0.0101878	-0.0150957	-2393.84	717.811	1.47497e-09	0.287842	3.07596	0.332925	0.3166	0.350474
4.02	0.0101117	0.00911862	-2387.77	743.101	1.47803e-09	0.298726	3.07884	0.338129	0.309458	0.352413
4.03	0.0101595	0.0115742	-2379.92	717.438	1.4507e-09	0.289127	3.08183	0.332619	0.322824	0.344557
4.04	0.0101117	0.00476327	-2372.31	686.053	1.42622e-09	0.277165	3.08472	0.334048	0.32262	0.343332
4.05	0.0101498	-0.0194311	-2364.21	688.427	1.47067e-09	0.278813	3.08749	0.343434	0.318029	0.338537
4.06	0.0102359	-0.0137135	-2357.89	685.029	1.46517e-09	0.278122	3.09028	0.333639	0.314152	0.352209
4.07	0.0101547	0.0169717	-2352.23	712.44	1.41785e-09	0.289963	3.09306	0.335578	0.31711	0.347311
4.08	0.0101284	0.0113218	-2344.81	697.862	1.42847e-09	0.284728	3.09596	0.343434	0.312825	0.34374
4.09	0.0100914	0.0114406	-2338.01	687.658	1.40071e-09	0.281252	3.09881	0.340475	0.325069	0.334456
4.1	0.00989725	-0.011243	-2331.16	666.874	1.38379e-09	0.273418	3.10162	0.34823	0.322212	0.329558
4.11	0.0100834	-0.0291626	-2322.45	677.926	1.44716e-09	0.278628	3.10435	0.33517	0.310683	0.354148
4.12	0.0100157	-0.00344141	-2317.26	651.031	1.40079e-09	0.268225	3.10714	0.349658	0.308846	0.341496
4.13	0.00997069	0.0104835	-2310.58	674.629	1.37397e-09	0.278622	3.10982	0.336088	0.30752	0.356392
4.14	0.0100429	-0.0104588	-2303.76	668.793	1.4122e-09	0.27688	3.11261	0.341598	0.317723	0.34068
4.15	0.00995577	0.00638813	-2299.26	673.859	1.34396e-09	0.279651	3.11538	0.337721	0.310581	0.351699
4.16	0.0100858	-0.0123862	-2292.43	657.774	1.42698e-09	0.273634	3.11817	0.34772	0.306601	0.345679
4.17	0.00999433	0.00144335	-2284.41	637.089	1.36844e-09	0.265666	3.12091	0.336496	0.325171	0.338333
4.18	0.00997603	-0.0054075	-2280.03	629.328	1.36288e-09	0.263059	3.12357	0.343536	0.315172	0.341292
4.19	0.0100036	0.0227362	-2270.67	642.844	1.33951e-09	0.269352	3.1262	0.336904	0.315172	0.347924
4.2	0.00993646	0.0098705	-2266.04	642.935	1.30852e-09	0.270033	3.12889	0.352719	0.312825	0.334456
4.21	0.00994161	-0.00692052	-2258.78	623.344	1.33346e-09	0.262428	3.13159	0.354658	0.314866	0.330476
4.22	0.00983429	0.0131979	-2252.23	636.767	1.30284e-09	0.268716	3.13422	0.337925	0.317927	0.344149
4.23	0.00987119	-0.0126923	-2246.08	625.566	1.32174e-09	0.264614	3.1369	0.345169	0.315478	0.339353
4.24	0.0099763	0.0299509	-2238.75	625.7	1.29289e-09	0.265297	3.13955	0.334456	0.316906	0.348638
4.25	0.00995461	-0.00323733	-2235.73	616.264	1.33098e-09	0.261912	3.1422	0.339557	0.324457	0.335986
4.26	0.00980161	-0.020891	-2228.51	618.546	1.29033e-09	0.263501	3.14482	0.337108	0.319559	0.343332
4.27	0.00990703	0.00973168	-2222.88	611.88	1.30222e-09	0.261273	3.14746	0.351699	0.313641	0.33466
4.28	0.00982377	0.0249742	-2213.93	608.316	1.24359e-09	0.260359	3.15007	0.338945	0.322416	0.338639
4.29	0.00990223	0.00322687	-2207.54	601.942	1.28901e-09	0.258233	3.15267	0.350679	0.308846	0.340475
4.3	0.00968542	0.00788858	-2205.19	592.154	1.221e-09	0.254626	3.15526	0.348842	0.314968	0.33619
4.31	0.00971235	0.025435	-2197.37	604.797	1.23522e-09	0.260667	3.1578	0.345169	0.316192	0.338639
4.32	0.00976333	-0.0118671	-2192.77	594.746	1.27998e-09	0.25693	3.16041	0.352413	0.30905	0.338537
4.33	0.00982622	0.00972556	-2186.72	590.761	1.27209e-09	0.2558	3.16298	0.344047	0.315376	0.340577
4.34	0.00980662	0.0223564	-2179.09	584.76	1.25415e-09	0.253786	3.16554	0.344659	0.313029	0.342312
4.35	0.00967495	-0.042517	-2173.77	596.461	1.26645e-09	0.25946	3.16807	0.335782	0.321498	0.34272
4.36	0.00977984	0.0205803	-2169.4	583.498	1.21969e-09	0.254405	3.17067	0.348026	0.314152	0.337823
4.37	0.0096873	0.00160234	-2162.41	594.27	1.23291e-09	0.259696	3.17321	0.334354	0.323028	0.342618
4.38	0.00951467	-0.00479721	-2154.92	567.039	1.19054e-09	0.248363	3.17581	0.349148	0.3216	0.329252
4.39	0.00965434	-0.00132318	-2150.86	555.711	1.22094e-09	0.243957	3.17829	0.338333	0.319355	0.342312
4.4	0.00960243	0.0203826	-2145.25	560.56	1.20663e-09	0.246646	3.18073	0.338129	0.319049	0.342822
4.41	0.00965059	0.0174992	-2139.46	562.38	1.1986e-09	0.248009	3.1832	0.34323	0.313335	0.343434
4.42	0.00964186	0.0133905	-2132.42	553.655	1.18828e-09	0.244716	3.18568	0.354862	0.309866	0.335272
4.43	0.00958416	-0.00154683	-2128.81	546.922	1.1883e-09	0.242286	3.18813	0.334048	0.320988	0.344965
4.44	0.00956673	-0.023236	-2120.76	555.896	1.18255e-09	0.246818	3.19055	0.352005	0.312111	0.335884
4.45	0.00958731	-0.00228811	-2115.91	564.631	1.1805e-09	0.251261	3.19302	0.344965	0.312213	0.342822
4.46	0.00962967	-0.0242616	-2109.54	561.475	1.19489e-09	0.250418	3.19553	0.343026	0.317927	0.339047
4.47	0.00960352	-0.00718369	-2107.07	549.643	1.15214e-09	0.24569	3.19803	0.352209	0.312825	0.334966
4.48	0.00954707	-0.013515	-2099.16	545.761	1.15749e-09	0.244501	3.20049	0.344659	0.316498	0.338843
4.49	0.00963751	0.0110927	-2095.09	538.918	1.16223e-09	0.241974	3.20294	0.344659	0.319253	0.336088
4.5	0.0095843	0.0218392	-2089.54	536.775	1.15468e-09	0.241549	3.20536	0.343026	0.314152	0.342822
4.51	0.00955059	0.0059275	-2084.1	532.846	1.16532e-09	0.240314	3.20777	0.335476	0.321906	0.342618
4.52	0.00952244	0.00750731	-2079.13	532.215	1.14871e-09	0.240561	3.21017	0.344455	0.313233	0.342312
4.53	0.00946651	-0.00113549	-2073.77	520.378	1.13615e-09	0.235731	3.21258	0.32364	0.330272	0.346087
4.54	0.0096445	0.0062055	-2068.02	527.341	1.15041e-09	0.239413	3.21494	0.350679	0.307928	0.341394
4.55	0.00964105	0.0347099	-2061.43	520.294	1.12973e-09	0.236734	3.21733	0.334966	0.315478	0.349556
4.56	0.00942451	0.00765404	-2059.59	521.929	1.11158e-09	0.238	3.2197	0.338231	0.314968	0.346801
4.57	0.00948686	-0.0126584	-2053.39	514.87	1.14671e-09	0.235295	3.22208	0.3417	0.315886	0.342414
4.58	0.00948229	-0.000293935	-2048.04	512.768	1.13177e-09	0.234848	3.22443	0.340373	0.318641	0.340986
4.59	0.0094406	0.00854458	-2042.73	514.857	1.09775e-09	0.236319	3.22678	0.34374	0.319763	0.336496
4.6	0.00952118	-0.0155548	-2035.27	498.272	1.1271e-09	0.229205	3.22914	0.338129	0.324049	0.337823
4.61	0.00945085	0.00416137	-2032.63	510.984	1.10268e-09	0.235564	3.23144	0.332823	0.324355	0.342822
4.62	0.00948695	-0.0188884	-2026.69	501.531	1.12296e-09	0.231707	3.23379	0.343536	0.319049	0.337415
4.63	0.00947832	0.0203465	-2021.37	510.094	1.09206e-09	0.236173	3.23611	0.343536	0.318131	0.338333
4.64	0.00953277	0.00332789	-2017.61	503.475	1.09516e-09	0.233613	3.23847	0.342924	0.324253	0.332823
4.65	0.00939714	-0.0221107	-2011.49	514.373	1.085e-09	0.239184	3.24081	0.342414	0.316498	0.341088
4.66	0.00951176	0.00947446	-2004.79	489.826	1.0908e-09	0.228259	3.2432	0.345985	0.313743	0.340271
4.67	0.00935243	0.00463241	-2003.69	488.608	1.05506e-09	0.22818	3.24548	0.338231	0.320375	0.341394
4.68	0.00930467	0.000294555	-1996.61	472.886	1.0464e-09	0.221311	3.24776	0.341904	0.315172	0.342924
4.69	0.00939179	0.0119272	-1994.29	492.876	1.06985e-09	0.231159	3.24998	0.338129	0.318335	0.343536
4.7	0.00935894	0.00177429	-1987.85	489.636	1.03827e-09	0.230129	3.25229	0.339251	0.330885	0.329864
4.71	0.00935735	-0.033448	-1981.34	484.63	1.10672e-09	0.228261	3.25459	0.331599	0.314764	0.353637
4.72	0.00938366	0.0266163	-1975.91	483.997	1.03114e-09	0.228447	3.25687	0.32966	0.317927	0.352413
4.73	0.00933028	0.00481165	-1974.48	473.723	1.04472e-09	0.224071	3.25915	0.344353	0.319049	0.336598
4.74	0.00937287	-0.00919496	-1971.1	473.372	1.06175e-09	0.224378	3.2614	0.337721	0.312723	0.349556
4.75	0.00932571	0.00997653	-1965.42	465.714	1.04111e-09	0.221214	3.26364	0.346291	0.313846	0.339863
4.76	0.00931948	-0.0197766	-1961.06	460.954	1.04365e-09	0.219414	3.26585	0.347107	0.325885	0.327007
4.77	0.00934545	0.00155913	-1955.17	464.698	1.0322e-09	0.221661	3.26805	0.34323	0.32211	0.33466
4.78	0.00932007	-0.0155615	-1950.27	466.076	1.0564e-09	0.222784	3.27026	0.338027	0.328232	0.333741
4.79	0.00933423	0.0258488	-1945.9	461.881	1.0135e-09	0.221241	3.27249	0.349556	0.322008	0.328436
4.8	0.00932409	-0.00647371	-1941.36	460.764	1.04339e-09	0.221167	3.2747	0.351087	0.316396	0.332517
4.81	0.00922355	0.0107648	-1938.23	454.87	1.00704e-09	0.218793	3.27691	0.336394	0.320682	0.342924
4.82	0.00944162	0.00472465	-1930.14	457.22	1.03991e-09	0.22038	3.2791	0.349964	0.322926	0.327109
4.83	0.00927535	0.0262034	-1927.04	437.644	9.83572e-10	0.211382	3.28131	0.338027	0.3216	0.340373
4.84	0.00922014	-0.0214617	-1923.87	454.544	1.03426e-09	0.22	3.28342	0.334252	0.325069	0.34068
4.85	0.00920442	-0.03712	-1917.84	440.098	1.0217e-09	0.213448	3.28562	0.333333	0.324253	0.342414
4.86	0.00917028	0.0119546	-1912.3	448.864	9.89782e-10	0.218148	3.28775	0.336802	0.326497	0.3367
4.87	0.00922436	-0.0332666	-1908.62	454.793	1.02605e-09	0.221484	3.28994	0.348842	0.326089	0.325069
4.88	0.00918394	0.0165226	-1905.18	439.176	9.76315e-10	0.214318	3.29215	0.334558	0.326497	0.338945
4.89	0.00924822	-0.0237094	-1900.51	442.497	1.01562e-09	0.216381	3.29429	0.337925	0.32762	0.334456
4.9	0.00923225	-0.00241934	-1896.98	446.349	9.96535e-10	0.218711	3.29646	0.343536	0.323028	0.333435
4.91	0.0092781	0.0241285	-1889.65	440.592	9.87391e-10	0.216331	3.29864	0.336394	0.326191	0.337415
4.92	0.00917366	0.00720398	-1886.9	438.08	9.77586e-10	0.215535	3.30081	0.344047	0.317417	0.338537
4.93	0.00926427	-0.0303556	-1885.29	444.897	1.02317e-09	0.219334	3.30296	0.33415	0.328844	0.337006
4.94	0.00911468	-0.0148745	-1877.31	427.023	9.7256e-10	0.210949	3.30516	0.343434	0.312213	0.344353
4.95	0.00920509	-0.00498018	-1872.75	425.401	9.64351e-10	0.210574	3.30727	0.338945	0.319763	0.341292
4.96	0.00915347	0.0249691	-1870.45	418.988	9.56084e-10	0.207818	3.30937	0.340373	0.317723	0.341904
4.97	0.0091703	0.00697262	-1867.36	427.583	9.58634e-10	0.212509	3.31145	0.329456	0.325375	0.345169
4.98	0.0090641	-0.00831799	-1861.27	418.699	9.49508e-10	0.208512	3.31358	0.334864	0.323947	0.34119
4.99	0.00905081	-0.0167034	-1857.92	428.528	9.46171e-10	0.213836	3.31566	0.34374	0.322824	0.333435
5	0.00908928	0.0105413	-1853.15	416.454	9.37279e-10	0.208227	3.3178	0.34374	0.312417	0.343842
5.01	0.00908162	0.00819501	-1848.88	423.453	9.29515e-10	0.21215	3.31988	0.350474	0.315274	0.334252
5.02	0.00911732	-0.00262102	-1846.43	405.389	9.54065e-10	0.203505	3.322	0.340986	0.322314	0.3367
5.03	0.00902159	-0.00820768	-1839.39	402.314	9.3549e-10	0.202364	3.32404	0.336394	0.324151	0.339455
5.04	0.00898798	-0.00480722	-1839.26	408.338	9.19524e-10	0.205802	3.32606	0.337313	0.327314	0.335374
5.05	0.00914404	0.0104945	-1833.67	404.992	9.44221e-10	0.204521	3.32812	0.339149	0.31609	0.344761
5.06	0.00907236	-0.00486223	-1829.15	402.403	9.31645e-10	0.203616	3.33016	0.323334	0.325885	0.350781
5.07	0.00910463	0.0197876	-1825.21	404.777	9.33671e-10	0.205222	3.3322	0.340577	0.320682	0.338741
5.08	0.00904883	0.0305193	-1821.93	399.933	9.01408e-10	0.203166	3.33425	0.339353	0.320784	0.339863
5.09	0.00909328	-0.0252134	-1815.34	399.394	9.45848e-10	0.203291	3.33628	0.345067	0.31711	0.337823
5.1	0.00914396	0.0202255	-1812.43	410.72	9.17404e-10	0.209467	3.33832	0.338639	0.316906	0.344455
5.11	0.00904603	0.0021553	-1808.42	398.774	9.25017e-10	0.203774	3.34041	0.34976	0.321702	0.328538
5.12	0.00908559	0.0170534	-1803.09	402.781	8.87487e-10	0.206224	3.34245	0.338843	0.325477	0.33568
5.13	0.0089938	0.0256048	-1801.18	388.965	9.00145e-10	0.199539	3.34451	0.340067	0.323232	0.3367
5.14	0.00909709	0.00815473	-1796.52	380.6	9.31176e-10	0.195628	3.34651	0.34221	0.326293	0.331497
5.15	0.00912242	-0.0104161	-1790.41	400.513	9.27743e-10	0.206264	3.34846	0.333537	0.3216	0.344863
5.16	0.00904806	0.0122624	-1789.73	385.287	9.09274e-10	0.198808	3.35053	0.338231	0.323845	0.337925
5.17	0.00912165	-0.00317317	-1787.51	393.804	9.25817e-10	0.203597	3.35251	0.344761	0.317927	0.337313
5.18	0.00900424	-0.0144517	-1781.42	394.294	9.08797e-10	0.204244	3.35455	0.343842	0.313335	0.342822
5.19	0.00899787	-0.0171805	-1776.08	372.358	8.97965e-10	0.193254	3.35659	0.335986	0.322008	0.342006
5.2	0.00895641	-0.0160074	-1772.2	384.915	9.00903e-10	0.200156	3.35853	0.338945	0.319151	0.341904
5.21	0.00901027	0.0120518	-1768.63	384.621	8.8144e-10	0.200388	3.36053	0.3417	0.319049	0.339251
5.22	0.00905482	-0.00490248	-1765.05	380.38	8.88511e-10	0.198558	3.36253	0.336598	0.316702	0.346699
5.23	0.00890998	0.0248195	-1764	373.173	8.4847e-10	0.19517	3.36452	0.338741	0.332721	0.328538
5.24	0.00899818	0.0233929	-1757.09	375.514	8.76514e-10	0.196769	3.36647	0.341598	0.327824	0.330579
5.25	0.00904272	-0.0077948	-1755.54	370.194	8.88868e-10	0.194352	3.36844	0.330885	0.323028	0.346087
5.26	0.00906183	0.000945617	-1750.72	377.623	8.8399e-10	0.19863	3.37038	0.353739	0.318641	0.32762
5.27	0.00887531	0.00824075	-1747.06	366.291	8.57451e-10	0.193035	3.37237	0.339863	0.32262	0.337517
5.28	0.00889855	-0.017722	-1743.63	364.33	8.77787e-10	0.192366	3.3743	0.336292	0.329762	0.333946
5.29	0.00893584	-0.00694742	-1741.06	366.979	8.74968e-10	0.194132	3.37622	0.332211	0.321906	0.345883
5.3	0.0087508	0.0031582	-1735.17	355.693	8.24387e-10	0.188517	3.37816	0.338231	0.313131	0.348638
5.31	0.00906874	0.00228602	-1733.18	358.537	8.87264e-10	0.190383	3.38005	0.350066	0.321498	0.328436
5.32	0.00885475	-0.0116287	-1728.12	355.887	8.33824e-10	0.189332	3.38195	0.346189	0.319253	0.334558
5.33	0.00895976	-0.00233208	-1725.19	363.006	8.75787e-10	0.193482	3.38384	0.342414	0.325681	0.331905
5.34	0.00883385	-0.0158949	-1721.59	360.735	8.46333e-10	0.192633	3.38578	0.340271	0.315376	0.344353
5.35	0.00890299	0.000480449	-1718.79	354.238	8.49634e-10	0.189518	3.3877	0.338129	0.31609	0.345781
5.36	0.0090006	0.0399543	-1714.62	351.991	8.34033e-10	0.188667	3.3896	0.331701	0.323538	0.344761
5.37	0.00891597	0.0360731	-1712.1	356.997	8.20308e-10	0.191707	3.39149	0.330681	0.325681	0.343638
5.38	0.00883664	0.0131261	-1708.21	355.683	8.3144e-10	0.191357	3.3934	0.335272	0.324661	0.340067
5.39	0.00893939	-0.0123893	-1706.19	347.512	8.44406e-10	0.187309	3.39532	0.343128	0.319661	0.33721
5.4	0.00888563	-0.012749	-1699.03	354.438	8.47167e-10	0.191396	3.39719	0.339761	0.321498	0.338741
5.41	0.00888231	0.00164529	-1698.51	346.179	8.34877e-10	0.187283	3.3991	0.330272	0.323538	0.346189
5.42	0.00882936	0.00989042	-1693.13	335.484	8.09933e-10	0.181832	3.40098	0.341088	0.324763	0.33415
5.43	0.00882715	-0.013521	-1689.95	349.49	8.18448e-10	0.189773	3.4028	0.335476	0.326191	0.338333
5.44	0.00885652	-0.0122659	-1685.9	351.572	8.26349e-10	0.191255	3.40469	0.337006	0.325579	0.337415
5.45	0.00895062	0.0111051	-1681.73	335.967	8.34003e-10	0.183102	3.40661	0.342924	0.32364	0.333435
5.46	0.00885331	0.015143	-1679.4	342.944	8.12299e-10	0.187247	3.40844	0.338231	0.325987	0.335782
5.47	0.00881565	0.00345413	-1674.54	339.43	8.11442e-10	0.185668	3.41031	0.337721	0.331803	0.330476
5.48	0.00866358	0.00694928	-1671.65	339.562	7.77934e-10	0.18608	3.41217	0.332925	0.323028	0.344047
5.49	0.00879115	0.00429138	-1670.38	337.213	8.01856e-10	0.18513	3.41403	0.341802	0.319253	0.338945
5.5	0.00871485	-0.0391294	-1667.01	324.214	8.12955e-10	0.178317	3.41588	0.323334	0.326395	0.35027
5.51	0.00883625	0.0264613	-1662.82	339.627	8.0054e-10	0.187135	3.41766	0.341496	0.319355	0.339149
5.52	0.00887541	-0.00662354	-1659.33	330.808	8.17758e-10	0.182606	3.41953	0.345883	0.321294	0.332823
5.53	0.00871411	-0.00765831	-1656.36	337.842	7.97423e-10	0.186827	3.42136	0.349352	0.314866	0.335782
5.54	0.00860466	0.0194719	-1654.52	334.359	7.73019e-10	0.185235	3.42323	0.333741	0.323845	0.342414
5.55	0.00870441	-0.0224247	-1650.42	332.986	7.943e-10	0.184807	3.42508	0.337517	0.318539	0.343944
5.56	0.00876211	0.0156043	-1646.39	323.535	7.95142e-10	0.179886	3.42693	0.339455	0.327416	0.333129
5.57	0.0087705	0.00384448	-1644.42	320.307	7.8964e-10	0.178411	3.42873	0.327416	0.328436	0.344149
5.58	0.00877143	-0.00537526	-1640.05	329.177	7.86739e-10	0.183681	3.43051	0.337925	0.320886	0.34119
5.59	0.00865506	-0.0125492	-1636.42	321.345	7.74345e-10	0.179632	3.43235	0.337721	0.31507	0.347209
5.6	0.00861255	-0.00801016	-1632.82	319.915	7.64551e-10	0.179152	3.43414	0.330987	0.323436	0.345577
5.61	0.008809	0.0122321	-1629.08	320.667	7.80513e-10	0.179894	3.43593	0.332619	0.325579	0.341802
5.62	0.00871049	0.0272038	-1627.77	313.82	7.60955e-10	0.176367	3.43773	0.342312	0.321906	0.335782
5.63	0.00872625	-0.0166979	-1625.59	317.115	7.76951e-10	0.178536	3.4395	0.336598	0.322824	0.340577
5.64	0.00877071	-0.0263127	-1621.42	328.977	7.80403e-10	0.185543	3.44128	0.33415	0.321396	0.344455
5.65	0.0086953	0.0165855	-1617.89	312.142	7.71141e-10	0.17636	3.44314	0.341088	0.323028	0.335884
5.66	0.00875766	0.00308322	-1614.26	315.481	7.6897e-10	0.178562	3.4449	0.342006	0.320171	0.337823
5.67	0.00879026	0.032035	-1609.9	316.377	7.57965e-10	0.179386	3.44669	0.346393	0.325579	0.328028
5.68	0.00868634	-0.0231612	-1608.38	307.583	7.63135e-10	0.174707	3.44848	0.326599	0.326497	0.346903
5.69	0.00859066	-0.0362428	-1606.68	301.248	7.58658e-10	0.17141	3.45023	0.343332	0.315784	0.340884
5.7	0.00870819	-0.0296268	-1602.21	310.939	7.74069e-10	0.177235	3.45194	0.342516	0.324355	0.333129
5.71	0.0086777	0.00608491	-1600.2	302.35	7.42916e-10	0.172642	3.45371	0.329048	0.318539	0.352413
5.72	0.00862343	0.00164956	-1595.32	308.111	7.31216e-10	0.176239	3.45544	0.346087	0.320988	0.332925
5.73	0.00864694	-0.0127844	-1592.59	307.098	7.43562e-10	0.175967	3.4572	0.340373	0.334966	0.324661
5.74	0.00873824	0.0367799	-1589.89	306.618	7.41938e-10	0.175999	3.45896	0.335782	0.326497	0.337721
5.75	0.0086689	-0.0256153	-1586.61	295.331	7.50601e-10	0.169815	3.46072	0.335476	0.325783	0.338741
5.76	0.00865121	-0.00765434	-1584.91	305.345	7.38433e-10	0.175879	3.46242	0.334864	0.32364	0.341496
5.77	0.00864594	0.0320669	-1579	288.181	7.22352e-10	0.16628	3.46418	0.331599	0.326497	0.341904
5.78	0.00868525	0.00775921	-1575.87	299.417	7.41085e-10	0.173063	3.46584	0.337415	0.32364	0.338945
5.79	0.00875699	-0.00416395	-1575.47	298.048	7.57488e-10	0.17257	3.46757	0.341496	0.324253	0.334252
5.8	0.00863757	0.0102448	-1570.98	296.327	7.28074e-10	0.17187	3.4693	0.336088	0.327416	0.336496
5.81	0.00861194	0.0145717	-1567.01	289.112	7.23281e-10	0.167974	3.47102	0.340782	0.324253	0.334966
5.82	0.00855349	-0.00596643	-1565.42	289.915	7.29436e-10	0.16873	3.4727	0.338231	0.319661	0.342108
5.83	0.0086028	-0.0203729	-1564.46	287.491	7.27347e-10	0.167607	3.47438	0.335578	0.331497	0.332925
5.84	0.00861872	-0.00319884	-1560.38	297.426	7.19536e-10	0.173697	3.47606	0.338333	0.321804	0.339863
5.85	0.00864944	0.002874	-1556.99	292.287	7.22666e-10	0.170988	3.4778	0.336598	0.323334	0.340067
5.86	0.0086587	0.00580717	-1555.36	290.381	7.16734e-10	0.170163	3.47951	0.333741	0.328946	0.337313
5.87	0.00873827	0.0272722	-1550.25	283.332	7.25306e-10	0.166316	3.48121	0.338027	0.324151	0.337823
5.88	0.008656	0.0325837	-1549.44	291.192	7.16811e-10	0.171221	3.48287	0.333843	0.330476	0.33568
5.89	0.00868617	-0.00790361	-1543.68	292.657	7.46388e-10	0.172375	3.48458	0.335578	0.329966	0.334456
5.9	0.00854281	0.00746001	-1542.83	285.591	7.15405e-10	0.168499	3.48631	0.326497	0.333027	0.340475
5.91	0.00867387	0.0309131	-1542.21	280.168	7.14048e-10	0.165579	3.48799	0.340986	0.329762	0.329252
5.92	0.0086248	0.0110508	-1538.21	279.57	7.16178e-10	0.165505	3.48965	0.337313	0.327416	0.335272
5.93	0.00856868	0.00145907	-1533.43	278.476	6.98734e-10	0.165136	3.4913	0.333435	0.325273	0.341292
5.94	0.00862002	0.0152081	-1532.03	278.353	7.05252e-10	0.165342	3.49296	0.337108	0.324151	0.338741
5.95	0.00852512	0.00511208	-1528.24	283.664	6.94186e-10	0.16878	3.49461	0.347822	0.329456	0.322722
5.96	0.00862512	-0.0304873	-1526.2	280	7.13485e-10	0.16688	3.4963	0.3367	0.324457	0.338843
5.97	0.00839866	0.026221	-1523.18	286.987	6.67775e-10	0.171332	3.49797	0.348944	0.326089	0.324967
5.98	0.00857667	-0.0084631	-1519.97	274.005	7.14041e-10	0.163855	3.49968	0.344353	0.321702	0.333946
5.99	0.00851527	-0.0214595	-1518.22	275.173	7.01422e-10	0.164829	3.50132	0.346597	0.325783	0.32762
6	0.00848904	-0.00556479	-1513.78	276.103	6.89646e-10	0.165662	3.50297	0.334252	0.328334	0.337415
6.01	0.00856405	0.00491293	-1511.95	271.504	7.02637e-10	0.163174	3.50462	0.346801	0.320988	0.332211
6.02	0.00856064	0.0177834	-1509.23	277.307	6.95077e-10	0.166939	3.50625	0.347618	0.324865	0.327518
6.03	0.00869285	0.0460965	-1505.41	270.22	6.80833e-10	0.162943	3.50792	0.339761	0.334456	0.325783
6.04	0.00862949	0.00715753	-1505.22	276.593	6.94575e-10	0.167062	3.50955	0.341598	0.324865	0.333537
6.05	0.00854004	0.0113945	-1501.05	268.891	6.77735e-10	0.162679	3.51122	0.339659	0.324763	0.335578
6.06	0.00856882	-0.00651359	-1498.96	270.945	6.98315e-10	0.164192	3.51285	0.328538	0.331599	0.339863
6.07	0.00854785	0.0301434	-1495.47	266.806	6.63568e-10	0.161951	3.51449	0.340577	0.32813	0.331293
6.08	0.00856952	0.00296209	-1493.38	259.903	6.9064e-10	0.158021	3.51611	0.336904	0.325885	0.33721
6.09	0.00848078	-0.00717178	-1488.03	263.653	6.69456e-10	0.160565	3.51769	0.331191	0.327926	0.340884
6.1	0.00858809	-0.000326341	-1486.48	269.46	6.87496e-10	0.164371	3.5193	0.33721	0.328538	0.334252
6.11	0.00846355	-0.0294331	-1485.55	265.501	6.80657e-10	0.162221	3.52094	0.346393	0.315274	0.338333
6.12	0.00849227	-0.00501231	-1483.6	261.678	6.63569e-10	0.160147	3.52256	0.346189	0.323845	0.329966
6.13	0.0083375	0.00341196	-1478.76	263.902	6.46083e-10	0.161772	3.52417	0.336598	0.325783	0.337619
6.14	0.00852597	-0.0137568	-1477.35	260.551	6.94444e-10	0.159978	3.52578	0.338129	0.32364	0.338231
6.15	0.00857954	0.00704796	-1474.55	261.835	6.7617e-10	0.161028	3.52738	0.337925	0.333027	0.329048
6.16	0.00862625	0.0134856	-1471.55	254.056	6.77363e-10	0.156498	3.52899	0.341496	0.324457	0.334048
6.17	0.00856364	0.00788154	-1470.31	258.589	6.60779e-10	0.159549	3.53056	0.329354	0.325069	0.345577
6.18	0.00845994	-0.0231678	-1466.99	254.716	6.67162e-10	0.157414	3.53215	0.344761	0.313437	0.341802
6.19	0.0085034	-0.0231795	-1462.56	258.766	6.66321e-10	0.160176	3.53373	0.34119	0.333946	0.324865
6.2	0.00849348	0.0124451	-1462.22	247.553	6.5402e-10	0.153483	3.53533	0.342312	0.323232	0.334456
6.21	0.00846416	-0.00717919	-1457.68	261.239	6.65892e-10	0.16223	3.53686	0.327518	0.331497	0.340986
6.22	0.00837721	0.0217578	-1456.92	243.985	6.31102e-10	0.151759	3.53849	0.329864	0.326089	0.344047
6.23	0.00839417	-0.0371768	-1454.11	257.099	6.47666e-10	0.160173	3.54	0.33721	0.323742	0.339047
6.24	0.00841806	0.00326234	-1453.24	247.753	6.49855e-10	0.154598	3.54161	0.347822	0.32211	0.330068
6.25	0.00844711	0.0106289	-1448.02	252.781	6.52677e-10	0.157988	3.54315	0.333435	0.323947	0.342618
6.26	0.00841916	-0.00174916	-1448.73	251.139	6.42213e-10	0.157213	3.54473	0.345883	0.317417	0.3367
6.27	0.00841122	-0.00211923	-1444.54	254.85	6.51891e-10	0.159791	3.5463	0.351291	0.325579	0.32313
6.28	0.00844314	-0.0217495	-1442.4	250.519	6.54995e-10	0.157326	3.5479	0.333333	0.320069	0.346597
6.29	0.00838232	0.00962113	-1439.09	248.205	6.4002e-10	0.156121	3.54947	0.336904	0.319151	0.343944
6.3	0.00853014	0.0102279	-1438.29	251.027	6.43641e-10	0.158147	3.55104	0.339659	0.325273	0.335068
