0.2	-2592	0	0	0	0.5	0.5	0
0.201	-2592	0	0	0	0.5	0.5	0
0.202	-2592	0.00784218	0.0388227	0	0.5	0.5	1.54321e-08
0.203	-2592	0.0310587	0.152999	3.88227e-05	0.5	0.5	6.17284e-08
0.204	-2592	0	0	0.000191821	0.5	0.5	0
0.205	-2592	0	0	0.000191821	0.5	0.5	0
0.206	-2592	0	0	0.000191821	0.5	0.5	0
0.207	-2592	0.00373398	0.0180386	0.000191821	0.5	0.5	7.71605e-09
0.208	-2592	0	0	0.00020986	0.5	0.5	0
0.209	-2592	0	0	0.00020986	0.5	0.5	0
0.21	-2592	0	0	0.00020986	0.5	0.5	0
0.211	-2592	0	0	0.00020986	0.5	0.5	0
0.212	-2592	0	0	0.00020986	0.5	0.5	0
0.213	-2592	0	0	0.00020986	0.5	0.5	0
0.214	-2592	0	0	0.00020986	0.5	0.5	0
0.215	-2592	0	0	0.00020986	0.5	0.5	0
0.216	-2592	0.0034293	0.0158764	0.00020986	0.5	0.5	7.71605e-09
0.217	-2592	0.00679548	0.0313156	0.000225736	0.5	0.5	1.54321e-08
0.218	-2592	0	0	0.000257052	0.5	0.5	0
0.219	-2592	0.0166794	0.0761615	0.000257052	0.5	0.5	3.85802e-08
0.22	-2592	0	0	0.000333213	0.5	0.5	0
0.221	-2592	0.00327588	0.014823	0.000333213	0.5	0.5	7.71605e-09
0.222	-2592	0	0	0.000348036	0.5	0.5	0
0.223	-2592	0.00321739	0.0144277	0.000348036	0.5	0.5	7.71605e-09
0.224	-2592	0.012755	0.0569418	0.000362464	0.5	0.5	0
0.225	-2592	0	0	0.000419406	0.5	0.5	0
0.226	-2592	0.0156621	0.0693015	0.000419406	0.5	0.5	3.85802e-08
0.227	-2592	0.0372575	0.16413	0.000488707	0.5	0.5	6.17284e-08
0.228	-2592	0.00615559	0.0269982	0.000652837	0.5	0.5	1.54321e-08
0.229	-2592	0.00610195	0.0266461	0.000679835	0.5	0.5	1.54321e-08
0.23	-2592	0.00907346	0.0394498	0.000706481	0.5	0.5	2.31481e-08
0.231	-2592	0.00599674	0.0259599	0.000745931	0.5	0.5	1.54321e-08
0.232	-2592	0.00594516	0.0256257	0.000771891	0.5	0.5	1.54321e-08
0.233	-2592	0.0176821	0.0758887	0.000797517	0.5	0.5	4.62963e-08
0.234	-2592	0.00292201	0.0124872	0.000873406	0.5	0.5	7.71605e-09
0.235	-2592	0.0144855	0.0616403	0.000885893	0.5	0.5	3.85802e-08
0.236	-2592	0.0373407	0.158223	0.000947533	0.5	0.5	1.00309e-07
0.237	-2592	0.00569695	0.0240378	0.00110576	0.5	0.5	1.54321e-08
0.238	-2592	0.0112982	0.0474713	0.00112979	0.5	0.5	3.08642e-08
0.239	-2592	0.0252074	0.10547	0.00117727	0.5	0.5	6.94444e-08
0.24	-2592	0.0111107	0.0462944	0.00128274	0.5	0.5	3.08642e-08
0.241	-2592	0.00550941	0.0228606	0.00132903	0.5	0.5	1.54321e-08
0.242	-2592	0.019123	0.0790208	0.00135189	0.5	0.5	5.40123e-08
0.243	-2592	0.0270934	0.111496	0.00143091	0.5	0.5	7.71605e-08
0.244	-2592	0.00806211	0.0330414	0.00154241	0.5	0.5	2.31481e-08
0.245	-2592	0.0293179	0.119665	0.00157545	0.5	0.5	8.48765e-08
0.246	-2592	0.00793155	0.0322421	0.00169511	0.5	0.5	2.31481e-08
0.247	-2592	0.0550623	0.222924	0.00172736	0.5	0.5	1.62037e-07
0.248	-2592	0.0520187	0.209753	0.00195028	0.5	0.5	1.54321e-07
0.249	-2592	0.0206432	0.0829044	0.00216003	0.5	0.5	6.17284e-08
0.25	-2592	0.0153591	0.0614362	0.00224294	0.5	0.5	4.62963e-08
0.251	-2592	0.0685518	0.273115	0.00230437	0.5	0.5	2.08333e-07
0.252	-2592	0.012597	0.0499881	0.00257749	0.5	0.5	3.85802e-08
0.253	-2592	0.0299922	0.118546	0.00262748	0.5	0.5	9.25926e-08
0.254	-2592	0.0347152	0.136674	0.00274602	0.5	0.5	1.08025e-07
0.255	-2592	0.0442827	0.173658	0.0028827	0.5	0.5	1.38889e-07
0.256	-2592	0.0512588	0.20023	0.00305635	0.5	0.5	1.62037e-07
0.257	-2592	0.0678094	0.26385	0.00325658	0.5	0.5	2.16049e-07
0.258	-2592	0.0648824	0.251482	0.00352043	0.5	0.5	2.08333e-07
0.259	-2592	0.0619985	0.239376	0.00377192	0.5	0.5	2.00617e-07
0.26	-2592	0.080446	0.309408	0.00401129	0.5	0.5	2.62346e-07
0.261	-2592	0.044618	0.17095	0.0043207	0.5	0.5	1.46605e-07
0.262	-2592	0.0955263	0.364604	0.00449165	0.5	0.5	3.16358e-07
0.263	-2592	0.0809328	0.307729	0.00485625	0.5	0.5	2.70062e-07
0.264	-2592	0.112433	0.425884	0.00516398	0.5	0.5	3.78086e-07
0.265	-2592	0.0910992	0.343771	0.00558987	0.5	0.5	3.08642e-07
0.266	-2592	0.131079	0.492778	0.00593364	0.5	0.5	4.47531e-07
0.267	-2592	0.0830115	0.310905	0.00642642	0.5	0.5	2.85494e-07
0.268	-2592	0.0890711	0.332355	0.00673732	0.5	0.5	3.08642e-07
0.269	-2592	0.101665	0.377938	0.00706968	0.5	0.5	3.54938e-07
0.27	-2592	0.116262	0.4306	0.00744761	0.5	0.5	4.08951e-07
0.271	-2592	0.165449	0.610514	0.00787821	0.5	0.5	5.8642e-07
0.272	-2592	0.134	0.492647	0.00848873	0.5	0.5	4.78395e-07
0.273	-2592	0.0901284	0.330141	0.00898137	0.5	0.5	3.24074e-07
0.274	-2592	0.102247	0.373165	0.00931152	0.5	0.5	3.7037e-07
0.275	-2592	0.118413	0.430593	0.00968468	0.5	0.5	4.32099e-07
0.276	-2592	0.128046	0.463936	0.0101153	0.5	0.5	4.70679e-07
0.277	-2592	0.131289	0.473966	0.0105792	0.5	0.5	4.86111e-07
0.278	-2592	0.113803	0.409364	0.0110532	0.5	0.5	4.24383e-07
0.279	-2592	0.190981	0.68452	0.0114625	0.5	0.499999	7.17593e-07
0.28	-2592	0.134605	0.480732	0.0121471	0.5	0.5	5.09259e-07
0.281	-2592	0.214562	0.763566	0.0126278	0.5	0.5	8.17901e-07
0.282	-2592	0.221073	0.783948	0.0133914	0.5	0.5	8.48765e-07
0.283	-2592	0.209546	0.740447	0.0141753	0.5	0.5	8.10185e-07
0.284	-2592	0.192236	0.676886	0.0149158	0.499999	0.5	7.48457e-07
0.285	-2592	0.204778	0.71852	0.0155926	0.5	0.5	7.94753e-07
0.286	-2592	0.197365	0.690088	0.0163112	0.5	0.5	7.79321e-07
0.287	-2591.99	0.27544	0.959722	0.0170012	0.499999	0.499999	1.09568e-06
0.288	-2592	0.185007	0.642387	0.017961	0.5	0.5	7.40741e-07
0.289	-2592	0.23534	0.814324	0.0186034	0.499999	0.5	9.49074e-07
0.29	-2592	0.193864	0.668498	0.0194177	0.499999	0.5	7.56173e-07
0.291	-2591.99	0.269804	0.927162	0.0200862	0.499999	0.499999	1.1034e-06
0.292	-2591.99	0.266088	0.911261	0.0210133	0.499999	0.5	1.09568e-06
0.293	-2591.99	0.314439	1.07317	0.0219246	0.499999	0.499999	1.30401e-06
0.294	-2591.99	0.255097	0.867676	0.0229978	0.499999	0.499999	1.06481e-06
0.295	-2591.99	0.381639	1.29369	0.0238654	0.499999	0.499999	1.57407e-06
0.296	-2591.99	0.313558	1.05932	0.0251591	0.499999	0.499999	1.32716e-06
0.297	-2591.99	0.273481	0.920813	0.0262185	0.499999	0.499999	1.16512e-06
0.298	-2591.99	0.373978	1.25496	0.0271393	0.499999	0.499999	1.60494e-06
0.299	-2591.99	0.273403	0.914393	0.0283942	0.499999	0.499999	1.18056e-06
0.3	-2591.99	0.37609	1.25363	0.0293086	0.499999	0.499999	1.6358e-06
0.301	-2591.99	0.436878	1.45142	0.0305623	0.499999	0.499999	1.91358e-06
0.302	-2591.99	0.390385	1.29266	0.0320137	0.499999	0.499999	1.67438e-06
0.303	-2591.99	0.392971	1.29693	0.0333063	0.499999	0.499999	1.74383e-06
0.304	-2591.99	0.328322	1.08001	0.0346033	0.499999	0.499999	1.46605e-06
0.305	-2591.99	0.399819	1.31088	0.0356833	0.499999	0.499999	1.79784e-06
0.306	-2591.99	0.383602	1.2536	0.0369942	0.499999	0.499999	1.73611e-06
0.307	-2591.99	0.372657	1.21387	0.0382478	0.499999	0.499999	1.69753e-06
0.308	-2591.99	0.516225	1.67605	0.0394616	0.499999	0.499999	2.3534e-06
0.309	-2591.99	0.457891	1.48185	0.0411377	0.499999	0.499999	2.1142e-06
0.31	-2591.99	0.522802	1.68646	0.0426195	0.499999	0.499999	2.43056e-06
0.311	-2591.99	0.616373	1.98191	0.044306	0.499999	0.499999	2.8858e-06
0.312	-2591.99	0.596113	1.91062	0.0462879	0.499998	0.499999	2.80864e-06
0.313	-2591.99	0.600464	1.91841	0.0481985	0.499999	0.499998	2.81636e-06
0.314	-2591.98	0.643323	2.0488	0.0501169	0.499998	0.499999	3.05556e-06
0.315	-2591.98	0.669634	2.12582	0.0521657	0.499998	0.499998	3.20216e-06
0.316	-2591.99	0.525446	1.6628	0.0542916	0.499999	0.499999	2.52315e-06
0.317	-2591.98	0.632784	1.99616	0.0559544	0.499998	0.499998	3.06327e-06
0.318	-2591.98	0.677427	2.13027	0.0579505	0.499998	0.499998	3.3179e-06
0.319	-2591.98	0.713705	2.23732	0.0600808	0.499998	0.499998	3.51852e-06
0.32	-2591.98	0.687682	2.14901	0.0623181	0.499998	0.499998	3.34877e-06
0.321	-2591.98	0.785139	2.44592	0.0644671	0.499998	0.499998	3.80401e-06
0.322	-2591.98	0.777007	2.41307	0.066913	0.499998	0.499998	3.84259e-06
0.323	-2591.98	0.817674	2.5315	0.0693261	0.499998	0.499998	4.10494e-06
0.324	-2591.98	0.901478	2.78234	0.0718576	0.499998	0.499998	4.59105e-06
0.325	-2591.98	0.879473	2.70607	0.0746399	0.499998	0.499998	4.50617e-06
0.326	-2591.97	0.95298	2.92325	0.077346	0.499998	0.499997	4.88426e-06
0.327	-2591.97	0.942887	2.88345	0.0802693	0.499997	0.499998	4.87654e-06
0.328	-2591.97	0.954531	2.91016	0.0831527	0.499997	0.499998	4.98457e-06
0.329	-2591.97	1.14126	3.46888	0.0860629	0.499997	0.499997	5.94136e-06
0.33	-2591.97	1.14733	3.47675	0.0895317	0.499997	0.499997	6.02623e-06
0.331	-2591.97	1.07285	3.24124	0.0930085	0.499997	0.499997	5.64815e-06
0.332	-2591.97	1.12502	3.38861	0.0962497	0.499997	0.499997	5.96451e-06
0.333	-2591.97	1.18907	3.57079	0.0996383	0.499997	0.499997	6.41204e-06
0.334	-2591.97	1.22869	3.67871	0.103209	0.499997	0.499997	6.60494e-06
0.335	-2591.96	1.26329	3.77101	0.106888	0.499997	0.499996	6.86728e-06
0.336	-2591.97	1.17778	3.50531	0.110659	0.499997	0.499997	6.43519e-06
0.337	-2591.96	1.24285	3.68799	0.114164	0.499996	0.499997	6.82099e-06
0.338	-2591.96	1.31383	3.88707	0.117852	0.499996	0.499997	7.27623e-06
0.339	-2591.96	1.35115	3.9857	0.121739	0.499996	0.499996	7.53086e-06
0.34	-2591.96	1.44538	4.25112	0.125725	0.499996	0.499996	7.98611e-06
0.341	-2591.96	1.51484	4.44236	0.129976	0.499996	0.499996	8.47994e-06
0.342	-2591.95	1.55001	4.53219	0.134418	0.499995	0.499996	8.76543e-06
0.343	-2591.96	1.46906	4.28296	0.138951	0.499996	0.499996	8.37963e-06
0.344	-2591.95	1.61681	4.70002	0.143234	0.499995	0.499995	9.19753e-06
0.345	-2591.96	1.49319	4.32807	0.147934	0.499996	0.499996	8.52623e-06
0.346	-2591.95	1.58164	4.57123	0.152262	0.499995	0.499995	9.01235e-06
0.347	-2591.95	1.54955	4.46556	0.156833	0.499995	0.499995	9.08951e-06
0.348	-2591.94	1.90417	5.47174	0.161298	0.499995	0.499994	1.11111e-05
0.349	-2591.95	1.68982	4.84189	0.16677	0.499995	0.499995	9.94599e-06
0.35	-2591.94	1.92716	5.50616	0.171612	0.499995	0.499994	1.13194e-05
0.351	-2591.94	1.90061	5.41483	0.177118	0.499994	0.499995	1.13194e-05
0.352	-2591.93	2.20566	6.26609	0.182533	0.499994	0.499993	1.3125e-05
0.353	-2591.94	1.91013	5.41113	0.188799	0.499994	0.499995	1.15432e-05
0.354	-2591.93	2.12043	5.98992	0.19421	0.499994	0.499993	1.27315e-05
0.355	-2591.94	2.03578	5.7346	0.2002	0.499994	0.499994	1.23225e-05
0.356	-2591.93	2.24818	6.3151	0.205935	0.499993	0.499993	1.38503e-05
0.357	-2591.93	2.23102	6.24937	0.21225	0.499993	0.499993	1.3696e-05
0.358	-2591.93	2.30306	6.43314	0.218499	0.499993	0.499993	1.4267e-05
0.359	-2591.93	2.29342	6.38835	0.224932	0.499993	0.499993	1.41667e-05
0.36	-2591.92	2.46943	6.85953	0.231321	0.499992	0.499992	1.53858e-05
0.361	-2591.92	2.49897	6.92235	0.23818	0.499993	0.499992	1.5733e-05
0.362	-2591.92	2.48595	6.86727	0.245103	0.499992	0.499992	1.58025e-05
0.363	-2591.92	2.46852	6.80034	0.25197	0.499992	0.499992	1.56713e-05
0.364	-2591.91	2.63797	7.24718	0.25877	0.499992	0.499991	1.68287e-05
0.365	-2591.9	2.91103	7.97541	0.266017	0.499991	0.499991	1.85571e-05
0.366	-2591.91	2.75627	7.53079	0.273993	0.499992	0.49999	1.79938e-05
0.367	-2591.9	2.85468	7.77843	0.281524	0.49999	0.499991	1.85802e-05
0.368	-2591.9	3.07102	8.34517	0.289302	0.49999	0.49999	2.0108e-05
0.369	-2591.9	3.00977	8.15656	0.297647	0.49999	0.49999	1.99228e-05
0.37	-2591.89	3.20709	8.66781	0.305804	0.49999	0.499989	2.12731e-05
0.371	-2591.89	3.1056	8.37088	0.314472	0.49999	0.49999	2.04938e-05
0.372	-2591.89	3.25572	8.75193	0.322842	0.499989	0.499989	2.17052e-05
0.373	-2591.89	3.16999	8.49863	0.331594	0.49999	0.499989	2.12037e-05
0.374	-2591.88	3.49862	9.35461	0.340093	0.499988	0.499988	2.37191e-05
0.375	-2591.88	3.37394	8.99718	0.349448	0.499989	0.499988	2.28704e-05
0.376	-2591.88	3.43719	9.14145	0.358445	0.499988	0.499989	2.35185e-05
0.377	-2591.87	3.78141	10.0303	0.367586	0.499986	0.499988	2.58719e-05
0.378	-2591.87	3.72031	9.8421	0.377617	0.499987	0.499987	2.5571e-05
0.379	-2591.86	3.8654	10.1989	0.387459	0.499986	0.499987	2.67438e-05
0.38	-2591.86	3.88733	10.2298	0.397658	0.499987	0.499987	2.69136e-05
0.381	-2591.85	4.00893	10.5221	0.407887	0.499986	0.499985	2.82407e-05
0.382	-2591.85	4.07624	10.6708	0.41841	0.499986	0.499986	2.87191e-05
0.383	-2591.85	4.06679	10.6182	0.42908	0.499986	0.499986	2.84414e-05
0.384	-2591.84	4.27233	11.1259	0.439699	0.499984	0.499986	3.04552e-05
0.385	-2591.85	4.06607	10.5612	0.450824	0.499985	0.499986	2.9213e-05
0.386	-2591.84	4.34954	11.2682	0.461386	0.499985	0.499984	3.10262e-05
0.387	-2591.83	4.43316	11.4552	0.472654	0.499984	0.499984	3.19522e-05
0.388	-2591.83	4.65002	11.9846	0.484109	0.499984	0.499983	3.35494e-05
0.389	-2591.83	4.43458	11.3999	0.496094	0.499984	0.499984	3.21373e-05
0.39	-2591.82	4.74008	12.1541	0.507494	0.499982	0.499983	3.47608e-05
0.391	-2591.81	4.89462	12.5182	0.519648	0.499982	0.499982	3.6088e-05
0.392	-2591.8	5.1189	13.0584	0.532166	0.499981	0.499981	3.78781e-05
0.393	-2591.81	4.97588	12.6613	0.545224	0.499981	0.499982	3.69985e-05
0.394	-2591.8	5.17428	13.1327	0.557886	0.499981	0.49998	3.90123e-05
0.395	-2591.78	5.52458	13.9863	0.571018	0.499979	0.49998	4.16744e-05
0.396	-2591.79	5.31734	13.4276	0.585005	0.49998	0.499979	4.04707e-05
0.397	-2591.79	5.43041	13.6786	0.598432	0.499979	0.49998	4.09028e-05
0.398	-2591.78	5.6897	14.2957	0.612111	0.499978	0.499979	4.32099e-05
0.399	-2591.76	6.04901	15.1604	0.626407	0.499976	0.499978	4.60185e-05
0.4	-2591.76	5.84633	14.6158	0.641567	0.499977	0.499978	4.53627e-05
0.401	-2591.76	6.06934	15.1355	0.656183	0.499977	0.499977	4.65278e-05
0.402	-2591.77	5.74515	14.2914	0.671318	0.499977	0.499978	4.52315e-05
0.403	-2591.75	6.15933	15.2837	0.68561	0.499975	0.499977	4.82407e-05
0.404	-2591.74	6.45566	15.9793	0.700893	0.499975	0.499975	5.08179e-05
0.405	-2591.74	6.44116	15.9041	0.716873	0.499975	0.499974	5.08179e-05
0.406	-2591.73	6.74368	16.6101	0.732777	0.499974	0.499973	5.29244e-05
0.407	-2591.71	6.99387	17.184	0.749387	0.499972	0.499972	5.59182e-05
0.408	-2591.71	6.86526	16.8266	0.766571	0.499972	0.499972	5.5463e-05
0.409	-2591.7	7.19398	17.5892	0.783397	0.499972	0.49997	5.78781e-05
0.41	-2591.7	7.27264	17.7381	0.800987	0.49997	0.499971	5.87731e-05
0.411	-2591.69	7.27075	17.6904	0.818725	0.499969	0.499971	5.94367e-05
0.412	-2591.69	7.40592	17.9755	0.836415	0.49997	0.499969	6.05787e-05
0.413	-2591.68	7.48611	18.1262	0.854391	0.49997	0.499968	6.17052e-05
0.414	-2591.67	7.66055	18.5037	0.872517	0.499968	0.499969	6.32562e-05
0.415	-2591.66	7.87854	18.9844	0.891021	0.499967	0.499968	6.52855e-05
0.416	-2591.67	7.68264	18.4679	0.910005	0.499969	0.499967	6.41281e-05
0.417	-2591.65	8.00753	19.2027	0.928473	0.499966	0.499967	6.72068e-05
0.418	-2591.63	8.40735	20.1133	0.947676	0.499963	0.499966	7.08796e-05
0.419	-2591.63	8.42836	20.1154	0.967789	0.499964	0.499964	7.13889e-05
0.42	-2591.63	8.38877	19.9733	0.987904	0.499964	0.499964	7.16204e-05
0.421	-2591.6	9.18789	21.824	1.00788	0.49996	0.499962	7.79938e-05
0.422	-2591.6	8.97485	21.2674	1.0297	0.499962	0.499961	7.71759e-05
0.423	-2591.6	8.83832	20.8944	1.05097	0.49996	0.499964	7.62114e-05
0.424	-2591.59	9.23215	21.7739	1.07186	0.49996	0.499961	7.97531e-05
0.425	-2591.58	9.45434	22.2455	1.09364	0.499959	0.499959	8.18287e-05
0.426	-2591.56	9.58987	22.5114	1.11588	0.499958	0.499958	8.40278e-05
0.427	-2591.55	10.0147	23.4537	1.13839	0.499956	0.499957	8.70833e-05
0.428	-2591.54	10.0185	23.4077	1.16185	0.499955	0.499956	8.88657e-05
0.429	-2591.54	10.0202	23.3572	1.18526	0.499955	0.499956	8.875e-05
0.43	-2591.51	10.6463	24.7587	1.20861	0.499953	0.499953	9.43056e-05
0.431	-2591.51	10.7238	24.8812	1.23337	0.499952	0.499953	9.52855e-05
0.432	-2591.51	10.5261	24.366	1.25825	0.499953	0.499953	9.42593e-05
0.433	-2591.49	10.9063	25.1877	1.28262	0.49995	0.499951	9.87269e-05
0.434	-2591.46	11.3595	26.1739	1.30781	0.49995	0.499947	0.000103333
0.435	-2591.47	11.1532	25.6396	1.33398	0.49995	0.499948	0.000101358
0.436	-2591.46	11.4882	26.3491	1.35962	0.499948	0.499948	0.000104715
0.437	-2591.46	11.2463	25.7352	1.38597	0.499948	0.499948	0.000103704
0.438	-2591.44	11.7384	26.8	1.4117	0.499945	0.499947	0.00010804
0.439	-2591.42	12.0671	27.4877	1.4385	0.499943	0.499944	0.000112554
0.44	-2591.41	12.2437	27.8266	1.46599	0.499943	0.499943	0.000114097
0.441	-2591.39	12.4654	28.2663	1.49382	0.499941	0.499941	0.000117346
0.442	-2591.4	12.3591	27.9617	1.52208	0.499943	0.499941	0.000116127
0.443	-2591.38	12.7807	28.8504	1.55005	0.499941	0.49994	0.00011963
0.444	-2591.38	12.4833	28.1156	1.5789	0.499941	0.499939	0.00011983
0.445	-2591.36	12.901	28.991	1.60701	0.499939	0.499938	0.000122963
0.446	-2591.34	13.2943	29.8077	1.636	0.499937	0.499935	0.000127747
0.447	-2591.33	13.3436	29.8514	1.66581	0.499935	0.499936	0.000128881
0.448	-2591.32	13.6494	30.4674	1.69566	0.499933	0.499936	0.000131767
0.449	-2591.3	13.9658	31.1042	1.72613	0.499931	0.499934	0.000135602
0.45	-2591.27	14.5296	32.2879	1.75723	0.49993	0.499928	0.000141157
0.451	-2591.25	14.7152	32.628	1.78952	0.499927	0.499927	0.00014517
0.452	-2591.27	14.35	31.7479	1.82215	0.499929	0.499929	0.000141813
0.453	-2591.25	14.8708	32.8273	1.8539	0.499928	0.499926	0.000145123
0.454	-2591.23	15.0561	33.1633	1.88673	0.499926	0.499925	0.000148781
0.455	-2591.2	15.5196	34.1091	1.91989	0.499923	0.499923	0.000153758
0.456	-2591.17	15.9536	34.9859	1.954	0.49992	0.499921	0.000159514
0.457	-2591.16	16.2398	35.5358	1.98898	0.499919	0.49992	0.000161196
0.458	-2591.17	15.9266	34.7743	2.02452	0.49992	0.499919	0.00016108
0.459	-2591.14	16.244	35.3899	2.05929	0.499917	0.499918	0.000165008
0.46	-2591.13	16.3631	35.572	2.09468	0.499917	0.499915	0.000167431
0.461	-2591.12	16.7585	36.3525	2.13026	0.499914	0.499915	0.000170625
0.462	-2591.1	16.8255	36.4188	2.16661	0.499912	0.499915	0.000172994
0.463	-2591.09	16.9037	36.509	2.20303	0.499911	0.499915	0.000174738
0.464	-2591.05	17.5718	37.8703	2.23954	0.49991	0.499907	0.000182554
0.465	-2591.03	17.9284	38.5558	2.27741	0.499906	0.499906	0.000187261
0.466	-2591.03	18.1191	38.8823	2.31596	0.499908	0.499905	0.000187407
0.467	-2591.01	18.1912	38.9533	2.35484	0.499904	0.499905	0.000191119
0.468	-2590.97	18.8094	40.1911	2.3938	0.499899	0.499902	0.000198202
0.469	-2590.97	18.8936	40.2849	2.43399	0.4999	0.499901	0.000199406
0.47	-2590.92	19.648	41.8043	2.47427	0.499893	0.499898	0.000208835
0.471	-2590.94	19.1097	40.5727	2.51608	0.499897	0.499899	0.000203966
0.472	-2590.92	19.5458	41.4105	2.55665	0.499897	0.499894	0.000209151
0.473	-2590.9	19.831	41.926	2.59806	0.499893	0.499894	0.000212901
0.474	-2590.88	19.953	42.095	2.63999	0.499891	0.499893	0.000215633
0.475	-2590.86	19.9602	42.0215	2.68208	0.499892	0.499889	0.000219522
0.476	-2590.84	20.5485	43.1691	2.7241	0.499887	0.499889	0.000224097
0.477	-2590.79	21.1437	44.3263	2.76727	0.499884	0.499883	0.000232994
0.478	-2590.81	21.1282	44.2012	2.8116	0.499886	0.499883	0.000230617
0.479	-2590.78	21.4955	44.8758	2.8558	0.49988	0.499884	0.000236026
0.48	-2590.74	21.945	45.7188	2.90068	0.499879	0.499877	0.000243596
0.481	-2590.73	21.9776	45.6915	2.94639	0.499878	0.499878	0.000244267
0.482	-2590.71	22.5906	46.8684	2.99209	0.499872	0.499879	0.000249383
0.483	-2590.68	22.7129	47.0247	3.03895	0.499872	0.499873	0.000255
0.484	-2590.64	23.3387	48.2206	3.08598	0.499868	0.499869	0.000263094
0.485	-2590.64	23.1254	47.6813	3.1342	0.499868	0.49987	0.000262215
0.486	-2590.59	23.8986	49.174	3.18188	0.499863	0.499865	0.000272577
0.487	-2590.58	24.1776	49.6461	3.23106	0.499862	0.499863	0.000274306
0.488	-2590.54	24.1822	49.5538	3.2807	0.499861	0.499858	0.000281142
0.489	-2590.52	25.0933	51.3154	3.33025	0.499858	0.499856	0.000286327
0.49	-2590.5	25.1195	51.2643	3.38157	0.499855	0.499855	0.000289992
0.491	-2590.49	25.2856	51.4982	3.43283	0.499853	0.499855	0.000292276
0.492	-2590.44	25.7491	52.3355	3.48433	0.499852	0.499848	0.000300216
0.493	-2590.44	25.704	52.1379	3.53667	0.49985	0.49985	0.000300432
0.494	-2590.42	25.7663	52.1585	3.58881	0.499848	0.499847	0.000305039
0.495	-2590.38	26.4726	53.4799	3.64096	0.49984	0.499847	0.000313079
0.496	-2590.36	26.8488	54.1307	3.69444	0.499844	0.499839	0.000317269
0.497	-2590.33	27.4219	55.1749	3.74858	0.499837	0.49984	0.000323148
0.498	-2590.31	27.8059	55.8351	3.80375	0.499839	0.499835	0.000326258
0.499	-2590.26	28.0833	56.2792	3.85959	0.499831	0.499833	0.000335772
0.5	-2590.28	27.5729	55.1458	3.91586	0.499838	0.499829	0.000332701
0.501	-2590.23	28.2862	56.4596	3.97101	0.499829	0.49983	0.00034091
0.502	-2590.18	28.9385	57.6464	4.02747	0.499825	0.499823	0.000351929
0.503	-2590.16	29.1818	58.0155	4.08512	0.499821	0.499824	0.000355085
0.504	-2590.13	29.8112	59.1493	4.14313	0.499821	0.499818	0.000360687
0.505	-2590.1	30.0142	59.4341	4.20228	0.49982	0.499814	0.000366103
0.506	-2590.06	30.6335	60.5406	4.26172	0.499814	0.499811	0.000374907
0.507	-2590.03	30.8498	60.8477	4.32226	0.499809	0.49981	0.000380448
0.508	-2590.01	31.257	61.5296	4.3831	0.499809	0.499807	0.000383719
0.509	-2589.97	31.3665	61.6238	4.44463	0.499805	0.499803	0.000391119
0.51	-2589.92	32.2725	63.2795	4.50626	0.499802	0.499797	0.000401211
0.511	-2589.91	32.488	63.5773	4.56954	0.499798	0.499799	0.0004024
0.512	-2589.88	32.5774	63.6277	4.63311	0.499796	0.499794	0.000409823
0.513	-2589.86	33.0443	64.4138	4.69674	0.499792	0.499795	0.000413611
0.514	-2589.84	33.1636	64.5207	4.76116	0.499794	0.49979	0.000416335
0.515	-2589.79	33.5359	65.1182	4.82568	0.499785	0.499789	0.000426188
0.516	-2589.74	34.1806	66.2415	4.89079	0.499782	0.499782	0.000436119
0.517	-2589.72	34.5346	66.7981	4.95704	0.499781	0.499779	0.000439799
0.518	-2589.71	34.5899	66.7758	5.02383	0.499779	0.499779	0.00044186
0.519	-2589.67	34.8711	67.189	5.09061	0.499771	0.499778	0.000450664
0.52	-2589.61	35.5842	68.4312	5.1578	0.499769	0.49977	0.000461142
0.521	-2589.56	36.3231	69.7181	5.22623	0.499764	0.499764	0.000471705
0.522	-2589.52	36.9495	70.7845	5.29595	0.499762	0.49976	0.000478465
0.523	-2589.51	36.5868	69.9557	5.36673	0.499759	0.499761	0.000479738
0.524	-2589.48	37.2394	71.0676	5.43669	0.499755	0.499758	0.000487191
0.525	-2589.43	37.3235	71.0925	5.50776	0.499753	0.499752	0.000495386
0.526	-2589.39	38.1351	72.5002	5.57885	0.49975	0.499746	0.000503395
0.527	-2589.35	38.5728	73.1932	5.65135	0.499744	0.499744	0.00051159
0.528	-2589.32	38.9956	73.8554	5.72454	0.499742	0.49974	0.000518002
0.529	-2589.3	38.83	73.4026	5.7984	0.499741	0.499737	0.000522029
0.53	-2589.23	39.9878	75.4486	5.8718	0.499732	0.499733	0.000535031
0.531	-2589.15	40.6671	76.5859	5.94725	0.499723	0.499727	0.000550193
0.532	-2589.16	40.578	76.2744	6.02383	0.499724	0.499727	0.000548302
0.533	-2589.12	40.7971	76.5424	6.10011	0.499719	0.499725	0.000555903
0.534	-2589.07	41.7107	78.1099	6.17665	0.499716	0.499719	0.000564776
0.535	-2589.02	42.0157	78.5341	6.25476	0.499713	0.499712	0.000574838
0.536	-2589.01	41.864	78.1044	6.33329	0.499707	0.499716	0.000577469
0.537	-2588.94	42.7139	79.5416	6.4114	0.499706	0.499703	0.000590486
0.538	-2588.9	43.0896	80.0922	6.49094	0.499699	0.499702	0.000598387
0.539	-2588.84	43.5983	80.8875	6.57103	0.499693	0.499698	0.000609398
0.54	-2588.79	44.4267	82.2717	6.65192	0.499691	0.499689	0.000620355
0.541	-2588.77	44.4185	82.1045	6.73419	0.499689	0.499687	0.000623465
0.542	-2588.75	44.3198	81.7709	6.8163	0.499688	0.499684	0.000627894
0.543	-2588.73	45.1019	83.0606	6.89807	0.499686	0.499682	0.000632052
0.544	-2588.67	45.7878	84.1687	6.98113	0.499677	0.49968	0.000643032
0.545	-2588.61	46.2391	84.8424	7.0653	0.499671	0.499675	0.000653619
0.546	-2588.51	47.2935	86.6182	7.15014	0.499664	0.499661	0.000674483
0.547	-2588.48	47.5798	86.9832	7.23676	0.49966	0.499659	0.000680633
0.548	-2588.44	48.002	87.5949	7.32374	0.499659	0.499654	0.000687377
0.549	-2588.39	48.4529	88.2567	7.41134	0.499651	0.499653	0.00069591
0.55	-2588.34	48.6092	88.3804	7.49959	0.499649	0.499645	0.000706034
0.551	-2588.26	49.448	89.7422	7.58797	0.499639	0.499638	0.000722739
0.552	-2588.23	50.1347	90.8237	7.67771	0.499635	0.499638	0.000726875
0.553	-2588.17	50.6422	91.5773	7.76854	0.499631	0.49963	0.000739136
0.554	-2588.1	51.8203	93.5385	7.86012	0.499626	0.499623	0.000751906
0.555	-2588.08	51.1927	92.2391	7.95365	0.499624	0.49962	0.000756481
0.556	-2588.02	51.9268	93.3935	8.04589	0.499618	0.499615	0.000767215
0.557	-2588.02	51.4722	92.4097	8.13929	0.499619	0.499614	0.000767338
0.558	-2587.94	52.7101	94.4625	8.2317	0.499604	0.499611	0.000785039
0.559	-2587.91	53.2382	95.2383	8.32616	0.499603	0.499608	0.000789074
0.56	-2587.81	53.8009	96.073	8.4214	0.499594	0.499598	0.000808835
0.561	-2587.79	54.2303	96.6672	8.51747	0.499594	0.499593	0.000812816
0.562	-2587.73	54.5879	97.1315	8.61414	0.499588	0.499588	0.000824306
0.563	-2587.7	54.8496	97.4237	8.71127	0.499587	0.499583	0.000830725
0.564	-2587.65	55.1537	97.7903	8.80869	0.499579	0.499583	0.000838727
0.565	-2587.52	56.6456	100.258	8.90648	0.499569	0.499565	0.000865664
0.566	-2587.52	56.4264	99.6934	9.00674	0.499571	0.499564	0.000864483
0.567	-2587.46	57.6028	101.592	9.10643	0.499565	0.499559	0.000875424
0.568	-2587.42	57.5993	101.407	9.20803	0.499561	0.499555	0.00088314
0.569	-2587.32	58.26	102.39	9.30943	0.499548	0.499549	0.000902585
0.57	-2587.29	58.7462	103.064	9.41182	0.499549	0.499543	0.000908673
0.571	-2587.24	59.204	103.685	9.51489	0.499541	0.49954	0.000918812
0.572	-2587.16	59.8048	104.554	9.61857	0.499533	0.499533	0.000933573
0.573	-2587.1	60.6063	105.77	9.72313	0.499525	0.49953	0.000945355
0.574	-2587.05	61.304	106.801	9.8289	0.499523	0.499521	0.000955486
0.575	-2587.01	61.2456	106.514	9.9357	0.499519	0.499519	0.000962276
0.576	-2586.94	62.5632	108.617	10.0422	0.49951	0.499513	0.000976528
0.577	-2586.84	62.4605	108.25	10.1508	0.499505	0.4995	0.000995008
0.578	-2586.83	62.9298	108.875	10.2591	0.499504	0.499497	0.00099841
0.579	-2586.78	63.8276	110.238	10.368	0.499495	0.499498	0.00100751
0.58	-2586.68	63.3084	109.152	10.4782	0.499487	0.499485	0.00102778
0.581	-2586.59	64.7209	111.396	10.5873	0.499475	0.49948	0.00104523
0.582	-2586.53	65.9675	113.346	10.6987	0.499473	0.499471	0.00105553
0.583	-2586.44	66.2643	113.661	10.8121	0.499464	0.499463	0.0010724
0.584	-2586.42	66.7036	114.218	10.9257	0.49946	0.499463	0.00107765
0.585	-2586.31	66.8816	114.328	11.04	0.499452	0.499451	0.0010975
0.586	-2586.29	66.8179	114.024	11.1543	0.499452	0.499445	0.00110302
0.587	-2586.2	68.9696	117.495	11.2683	0.499443	0.499438	0.00111914
0.588	-2586.15	68.214	116.01	11.3858	0.499435	0.499435	0.00112968
0.589	-2586.09	69.4566	117.923	11.5018	0.499436	0.499423	0.00114103
0.59	-2585.99	69.7735	118.26	11.6197	0.499418	0.499423	0.00115916
0.591	-2585.95	70.1004	118.613	11.738	0.499418	0.499413	0.00116845
0.592	-2585.89	70.5588	119.187	11.8566	0.499408	0.499412	0.00118012
0.593	-2585.78	72.2289	121.803	11.9758	0.499399	0.499401	0.00120033
0.594	-2585.72	72.3803	121.852	12.0976	0.499392	0.499397	0.0012119
0.595	-2585.68	72.136	121.237	12.2195	0.499393	0.499387	0.00121991
0.596	-2585.6	73.7116	123.677	12.3407	0.49938	0.499385	0.00123508
0.597	-2585.53	73.5941	123.273	12.4644	0.499374	0.499376	0.00124942
0.598	-2585.37	75.1455	125.661	12.5876	0.499357	0.499363	0.00128018
0.599	-2585.36	74.6967	124.702	12.7133	0.499359	0.499359	0.00128127
0.6	-2585.29	75.3898	125.65	12.838	0.499356	0.499349	0.00129545
0.601	-2585.2	76.1624	126.726	12.9637	0.499341	0.499345	0.00131325
0.602	-2585.09	77.0164	127.934	13.0904	0.499334	0.499332	0.00133413
0.603	-2585.02	77.9371	129.249	13.2183	0.499322	0.499331	0.00134681
0.604	-2584.97	78.4416	129.87	13.3476	0.499319	0.499324	0.00135652
0.605	-2584.86	78.8841	130.387	13.4774	0.499308	0.499313	0.00137932
0.606	-2584.82	79.146	130.604	13.6078	0.499308	0.499306	0.00138626
0.607	-2584.75	79.9386	131.695	13.7384	0.499302	0.499299	0.00139914
0.608	-2584.63	81.2063	133.563	13.8701	0.499289	0.499288	0.00142326
0.609	-2584.55	81.1622	133.271	14.0037	0.499283	0.499279	0.00143711
0.61	-2584.51	81.5236	133.645	14.137	0.499274	0.499281	0.00144522
0.611	-2584.38	82.4908	135.009	14.2706	0.499261	0.499268	0.00147034
0.612	-2584.28	83.4058	136.284	14.4056	0.499259	0.499252	0.00148903
0.613	-2584.25	84.6749	138.132	14.5419	0.499251	0.499253	0.00149648
0.614	-2584.11	85.5018	139.254	14.68	0.499237	0.499239	0.00152352
0.615	-2584.11	84.7909	137.871	14.8193	0.499237	0.499241	0.00152245
0.616	-2583.96	86.6825	140.718	14.9572	0.499223	0.499225	0.00155227
0.617	-2583.89	87.3993	141.652	15.0979	0.499217	0.499218	0.00156481
0.618	-2583.79	87.3798	141.391	15.2395	0.499208	0.499208	0.00158422
0.619	-2583.72	88.2707	142.602	15.3809	0.499201	0.499201	0.00159774
0.62	-2583.55	88.8467	143.301	15.5235	0.499185	0.499184	0.00163124
0.621	-2583.54	89.127	143.522	15.6668	0.499182	0.499186	0.00163207
0.622	-2583.46	90.5629	145.6	15.8103	0.499178	0.499173	0.00164914
0.623	-2583.33	90.8016	145.749	15.9559	0.499164	0.499163	0.00167318
0.624	-2583.24	91.1173	146.021	16.1017	0.499156	0.499154	0.00168956
0.625	-2583.19	91.786	146.858	16.2477	0.499149	0.49915	0.00170045
0.626	-2583.1	93.0616	148.661	16.3946	0.499147	0.499134	0.00171844
0.627	-2582.98	93.692	149.429	16.5432	0.49913	0.499128	0.00174171
0.628	-2582.9	94.4051	150.327	16.6927	0.499117	0.499126	0.00175714
0.629	-2582.81	94.0886	149.584	16.843	0.499113	0.499113	0.00177377
0.63	-2582.68	97.0026	153.972	16.9926	0.499101	0.499101	0.00179785
0.631	-2582.64	95.6407	151.57	17.1465	0.499092	0.499102	0.00180677
0.632	-2582.45	97.9759	155.025	17.2981	0.499077	0.499081	0.00184235
0.633	-2582.37	97.722	154.379	17.4531	0.49907	0.49907	0.00185926
0.634	-2582.32	98.2883	155.029	17.6075	0.499068	0.499065	0.00186664
0.635	-2582.22	97.7328	153.91	17.7625	0.499055	0.499058	0.00188685
0.636	-2582.06	100.765	158.436	17.9165	0.499044	0.499038	0.00191746
0.637	-2582.04	100.39	157.598	18.0749	0.499039	0.499039	0.00192231
0.638	-2581.89	101.845	159.631	18.2325	0.499026	0.499023	0.00195127
0.639	-2581.82	101.305	158.536	18.3921	0.49902	0.499015	0.00196441
0.64	-2581.72	102.705	160.476	18.5507	0.499009	0.499007	0.00198372
0.641	-2581.64	103.47	161.419	18.7111	0.499	0.499001	0.00199846
0.642	-2581.49	103.071	160.547	18.8726	0.498994	0.498978	0.00202816
0.643	-2581.43	103.611	161.137	19.0331	0.498986	0.498975	0.00203936
0.644	-2581.3	105.684	164.105	19.1942	0.498971	0.498965	0.00206363
0.645	-2581.23	104.518	162.044	19.3583	0.498969	0.498952	0.0020788
0.646	-2581.07	106.54	164.923	19.5204	0.498952	0.49894	0.00210791
0.647	-2580.95	108.785	168.137	19.6853	0.498932	0.498936	0.0021318
0.648	-2580.95	106.799	164.813	19.8534	0.49893	0.498938	0.00213292
0.649	-2580.73	109.236	168.314	20.0183	0.498913	0.498912	0.00217461
0.65	-2580.61	109.27	168.108	20.1866	0.498894	0.498907	0.00219852
0.651	-2580.57	110.699	170.045	20.3547	0.498897	0.498897	0.00220619
0.652	-2580.5	110.888	170.074	20.5247	0.498886	0.498893	0.00222027
0.653	-2580.39	110.489	169.202	20.6948	0.498885	0.498876	0.0022393
0.654	-2580.21	113.297	173.238	20.864	0.498856	0.498868	0.00227532
0.655	-2580.13	112.696	172.055	21.0372	0.498851	0.498857	0.00229149
0.656	-2580	115.454	175.997	21.2093	0.498842	0.498842	0.00231562
0.657	-2579.79	115.699	176.102	21.3853	0.498821	0.498824	0.00235434
0.658	-2579.77	114.808	174.48	21.5614	0.498822	0.498818	0.00235992
0.659	-2579.64	115.99	176.009	21.7359	0.498806	0.498807	0.00238657
0.66	-2579.6	115.325	174.736	21.9119	0.498801	0.498806	0.0023926
0.661	-2579.36	118.04	178.578	22.0866	0.498776	0.498784	0.00243944
0.662	-2579.25	119.635	180.717	22.2652	0.498773	0.498767	0.00245965
0.663	-2579.19	119.914	180.865	22.4459	0.498763	0.498766	0.00247147
0.664	-2579.03	121.051	182.306	22.6268	0.49874	0.498759	0.00250116
0.665	-2578.92	121.311	182.422	22.8091	0.498735	0.498742	0.00252344
0.666	-2578.8	121.063	181.777	22.9915	0.498723	0.498732	0.00254531
0.667	-2578.7	122.224	183.245	23.1733	0.498715	0.498719	0.00256519
0.668	-2578.63	122.723	183.716	23.3565	0.498706	0.498715	0.0025781
0.669	-2578.49	124.607	186.259	23.5402	0.498695	0.498699	0.00260549
0.67	-2578.34	125.043	186.631	23.7265	0.49868	0.498685	0.00263508
0.671	-2578.1	125.66	187.272	23.9131	0.498659	0.498658	0.00268222
0.672	-2578.02	126.521	188.275	24.1004	0.498655	0.498648	0.00269708
0.673	-2577.89	128.125	190.378	24.2887	0.49864	0.498637	0.00272271
0.674	-2577.81	126.646	187.902	24.4791	0.498628	0.498637	0.00273575
0.675	-2577.65	128.383	190.196	24.667	0.498623	0.498608	0.00276829
0.676	-2577.43	130.786	193.471	24.8572	0.498598	0.498593	0.00280985
0.677	-2577.37	130.103	192.176	25.0506	0.49858	0.498598	0.00282202
0.678	-2577.24	133.018	196.191	25.2428	0.498579	0.498575	0.00284546
0.679	-2577.11	133.627	196.8	25.439	0.498563	0.498565	0.00287234
0.68	-2577.07	133.916	196.935	25.6358	0.498558	0.498564	0.00287748
0.681	-2576.84	134.753	197.876	25.8327	0.498532	0.498543	0.0029246
0.682	-2576.76	134.242	196.836	26.0306	0.498528	0.498532	0.00293976
0.683	-2576.64	134.814	197.386	26.2274	0.49852	0.498519	0.00296164
0.684	-2576.42	137.243	200.648	26.4248	0.498499	0.498496	0.00300545
0.685	-2576.36	136.859	199.794	26.6255	0.498488	0.498496	0.00301567
0.686	-2576.23	137.525	200.474	26.8253	0.498475	0.498484	0.00304071
0.687	-2576.08	138.369	201.411	27.0257	0.498457	0.498473	0.00306941
0.688	-2575.96	139.932	203.389	27.2272	0.498451	0.498456	0.00309306
0.689	-2575.8	141.054	204.722	27.4305	0.498439	0.498437	0.00312434
0.69	-2575.55	141.672	205.322	27.6353	0.498409	0.498419	0.00317164
0.691	-2575.48	142.532	206.27	27.8406	0.498411	0.498404	0.00318527
0.692	-2575.34	142.347	205.704	28.0469	0.4984	0.498388	0.00321225
0.693	-2575.14	143.735	207.41	28.2526	0.49837	0.498379	0.00325073
0.694	-2575.03	144.051	207.566	28.46	0.498364	0.498366	0.00327071
0.695	-2574.94	145.698	209.638	28.6675	0.498355	0.498356	0.00328941
0.696	-2574.81	144.552	207.689	28.8772	0.498344	0.498341	0.00331494
0.697	-2574.61	147.51	211.636	29.0849	0.498329	0.498319	0.0033526
0.698	-2574.4	148.107	212.188	29.2965	0.4983	0.498306	0.00339356
0.699	-2574.33	147.945	211.652	29.5087	0.498298	0.498295	0.00340742
0.7	-2574.19	148.909	212.727	29.7203	0.498286	0.498279	0.00343454
0.701	-2574.02	150.648	214.904	29.9331	0.498255	0.498277	0.0034677
0.702	-2573.96	150.077	213.785	30.148	0.49826	0.498261	0.00347921
0.703	-2573.71	151.788	215.914	30.3618	0.498234	0.498239	0.00352732
0.704	-2573.56	153.644	218.245	30.5777	0.498224	0.498221	0.00355527
0.705	-2573.55	152.731	216.64	30.7959	0.498219	0.498223	0.00355791
0.706	-2573.17	156.573	221.775	31.0126	0.498185	0.498184	0.003631
0.707	-2573.06	155.701	220.228	31.2343	0.498179	0.498169	0.00365158
0.708	-2572.84	156.793	221.46	31.4546	0.498149	0.498158	0.0036924
0.709	-2572.76	158.491	223.542	31.676	0.498146	0.498145	0.00370913
0.71	-2572.65	158.653	223.455	31.8996	0.498143	0.498125	0.00373135
0.711	-2572.48	158.571	223.026	32.123	0.49812	0.498118	0.00376169
0.712	-2572.32	158.92	223.202	32.346	0.498102	0.498104	0.00379448
0.713	-2572.19	160.743	225.447	32.5692	0.498079	0.498102	0.00381972
0.714	-2572.04	161.091	225.618	32.7947	0.498079	0.498074	0.00384654
0.715	-2571.81	163.026	228.009	33.0203	0.498051	0.498056	0.00389272
0.716	-2571.76	162.132	226.441	33.2483	0.498047	0.498052	0.00390127
0.717	-2571.5	165.765	231.193	33.4748	0.498031	0.498016	0.00395336
0.718	-2571.39	164.84	229.582	33.706	0.498021	0.498006	0.00397242
0.719	-2571.17	167.12	232.434	33.9355	0.497991	0.497994	0.00401501
0.72	-2570.96	168.457	233.969	34.168	0.497963	0.497984	0.00405328
0.721	-2570.85	168.823	234.152	34.4019	0.497965	0.49796	0.0040746
0.722	-2570.67	169.455	234.702	34.6361	0.497937	0.497953	0.0041105
0.723	-2570.52	168.659	233.277	34.8708	0.497931	0.49793	0.0041395
0.724	-2570.32	172.731	238.578	35.1041	0.497917	0.497906	0.00417713
0.725	-2570.25	171.684	236.805	35.3426	0.497908	0.497902	0.00418991
0.726	-2570.01	172.389	237.451	35.5795	0.497886	0.497877	0.00423624
0.727	-2569.87	171.435	235.812	35.8169	0.497872	0.497864	0.00426352
0.728	-2569.74	174.499	239.697	36.0527	0.497854	0.497857	0.00428894
0.729	-2569.45	176.019	241.452	36.2924	0.497823	0.497832	0.00434511
0.73	-2569.31	174.765	239.404	36.5339	0.497815	0.497813	0.00437156
0.731	-2569.11	175.848	240.558	36.7733	0.497785	0.497805	0.00441015
0.732	-2568.98	179.847	245.693	37.0138	0.497793	0.497773	0.0044341
0.733	-2568.74	178.924	244.099	37.2595	0.497753	0.497767	0.00448008
0.734	-2568.6	180.457	245.854	37.5036	0.497748	0.497746	0.00450648
0.735	-2568.35	180.506	245.587	37.7495	0.497717	0.497726	0.00455725
0.736	-2568.24	182.874	248.47	37.9951	0.49771	0.497714	0.00457637
0.737	-2567.94	184.835	250.794	38.2435	0.497674	0.49769	0.00463649
0.738	-2567.87	184.062	249.406	38.4943	0.497673	0.497679	0.00464788
0.739	-2567.74	183.605	248.45	38.7437	0.49767	0.497657	0.00467331
0.74	-2567.45	185.761	251.028	38.9922	0.497621	0.49765	0.00472907
0.741	-2567.26	187.367	252.857	39.2432	0.497616	0.497618	0.00476587
0.742	-2567.16	188.663	254.263	39.4961	0.497608	0.497605	0.0047861
0.743	-2566.85	189.905	255.592	39.7503	0.497577	0.497578	0.00484571
0.744	-2566.68	189.91	255.256	40.0059	0.497558	0.497566	0.00487587
0.745	-2566.56	190.85	256.175	40.2612	0.497556	0.497546	0.00489818
0.746	-2566.4	192.984	258.692	40.5174	0.497532	0.497538	0.00493008
0.747	-2566.19	192.735	258.012	40.776	0.497512	0.497519	0.00496932
0.748	-2565.84	193.646	258.885	41.0341	0.49748	0.497483	0.00503677
0.749	-2565.82	194.432	259.589	41.2929	0.497486	0.497473	0.00504066
0.75	-2565.62	193.131	257.508	41.5525	0.49746	0.497461	0.00507961
0.751	-2565.34	195.017	259.676	41.81	0.497434	0.497433	0.00513309
0.752	-2565.13	195.135	259.488	42.0697	0.497408	0.49742	0.00517273
0.753	-2565.03	197.315	262.039	42.3292	0.497402	0.497404	0.00519443
0.754	-2564.74	201.544	267.3	42.5912	0.497381	0.497373	0.00524637
0.755	-2564.55	199.924	264.8	42.8585	0.497369	0.497347	0.00528387
0.756	-2564.39	201.435	266.448	43.1233	0.497347	0.497336	0.0053166
0.757	-2564.16	200.544	264.92	43.3898	0.497332	0.497309	0.00535865
0.758	-2563.99	203.865	268.951	43.6547	0.497301	0.497307	0.00539255
0.759	-2563.89	202.433	266.711	43.9237	0.497288	0.497301	0.00541169
0.76	-2563.57	207.77	273.382	44.1904	0.49727	0.497257	0.00547363
0.761	-2563.5	203.905	267.944	44.4637	0.497258	0.497255	0.00548655
0.762	-2563.12	209.387	274.787	44.7317	0.497219	0.497222	0.00555922
0.763	-2563	209.59	274.692	45.0065	0.497207	0.497213	0.00558002
0.764	-2562.73	208.141	272.436	45.2812	0.497181	0.497185	0.00563439
0.765	-2562.6	208.847	273.003	45.5536	0.497165	0.497176	0.00565921
0.766	-2562.37	208.456	272.136	45.8266	0.497141	0.497155	0.00570397
0.767	-2562.18	211.24	275.41	46.0987	0.497131	0.497132	0.00573649
0.768	-2561.89	211.798	275.779	46.3742	0.497106	0.4971	0.00579439
0.769	-2561.76	213.518	277.657	46.6499	0.49709	0.49709	0.00582004
0.77	-2561.5	214.908	279.101	46.9276	0.497066	0.497065	0.00586856
0.771	-2561.2	218.305	283.146	47.2067	0.49704	0.497035	0.00592559
0.772	-2561.02	218.324	282.803	47.4898	0.497023	0.497018	0.0059593
0.773	-2560.85	217.848	281.821	47.7726	0.496999	0.497007	0.00599354
0.774	-2560.69	219.465	283.547	48.0545	0.496988	0.49699	0.00602252
0.775	-2560.49	219.494	283.218	48.338	0.496975	0.496963	0.00606185
0.776	-2560.23	219.681	283.094	48.6212	0.496957	0.496932	0.00611102
0.777	-2559.9	222.672	286.579	48.9043	0.496908	0.496918	0.00617436
0.778	-2559.59	224.324	288.334	49.1909	0.496885	0.496882	0.00623364
0.779	-2559.5	224.922	288.732	49.4792	0.496872	0.496877	0.00625113
0.78	-2559.25	226.539	290.435	49.768	0.496845	0.496856	0.00629921
0.781	-2559.1	223.831	286.595	50.0584	0.496832	0.49684	0.00632727
0.782	-2558.79	226.523	289.671	50.345	0.4968	0.496814	0.00638627
0.783	-2558.58	228.876	292.307	50.6347	0.496786	0.496788	0.00642573
0.784	-2558.43	227.454	290.12	50.927	0.496781	0.496764	0.00645484
0.785	-2558.13	230.71	293.898	51.2171	0.496752	0.496735	0.00651316
0.786	-2557.84	230.683	293.489	51.511	0.496723	0.496709	0.00656819
0.787	-2557.69	229.953	292.19	51.8045	0.496707	0.496697	0.00659647
0.788	-2557.48	230.932	293.06	52.0967	0.496673	0.496689	0.00663781
0.789	-2557.29	231.241	293.082	52.3897	0.496671	0.496658	0.00667131
0.79	-2556.86	235.165	297.678	52.6828	0.496627	0.496617	0.00675574
0.791	-2556.74	238.979	302.123	52.9805	0.496614	0.496608	0.00677762
0.792	-2556.44	237.753	300.193	53.2826	0.496587	0.496576	0.00683718
0.793	-2556.25	238.853	301.202	53.5828	0.496565	0.496562	0.00687368
0.794	-2556.05	237.675	299.339	53.884	0.496547	0.496543	0.00691028
0.795	-2555.77	241.545	303.83	54.1834	0.496526	0.496509	0.00696558
0.796	-2555.55	240.042	301.56	54.4872	0.49649	0.496504	0.0070059
0.797	-2555.26	243.931	306.062	54.7887	0.496478	0.49646	0.00706174
0.798	-2555.17	241.486	302.615	55.0948	0.496462	0.496461	0.00707792
0.799	-2554.79	245.422	307.161	55.3974	0.496428	0.496423	0.00714909
0.8	-2554.51	246.773	308.466	55.7046	0.496404	0.496391	0.00720458
0.801	-2554.32	247.544	309.044	56.013	0.496374	0.496384	0.00724177
0.802	-2554.02	249.159	310.672	56.3221	0.496358	0.496346	0.00729617
0.803	-2553.89	250.306	311.714	56.6328	0.496337	0.496342	0.00732141
0.804	-2553.6	247.683	308.063	56.9445	0.496294	0.496328	0.00737794
0.805	-2553.38	254.07	315.615	57.2525	0.496283	0.496298	0.00741856
0.806	-2553.01	248.947	308.868	57.5682	0.496261	0.49625	0.00748913
0.807	-2552.75	249.903	309.669	57.877	0.496237	0.496223	0.00754058
0.808	-2552.56	253.657	313.932	58.1867	0.49622	0.496205	0.00757502
0.809	-2552.28	257.022	317.703	58.5006	0.496188	0.496181	0.00763071
0.81	-2552.16	257.076	317.377	58.8183	0.49617	0.49618	0.00765066
0.811	-2551.91	258.409	318.63	59.1357	0.496143	0.496158	0.00769975
0.812	-2551.49	260.877	321.277	59.4543	0.496116	0.496106	0.00777826
0.813	-2551.22	259.953	319.745	59.7756	0.496077	0.496092	0.00783107
0.814	-2551.18	263.108	323.229	60.0954	0.496084	0.496079	0.00783667
0.815	-2550.77	262.985	322.682	60.4186	0.496041	0.496043	0.00791609
0.816	-2550.41	265.62	325.514	60.7413	0.495996	0.496017	0.00798664
0.817	-2550.27	263.611	322.657	61.0668	0.495989	0.495998	0.00801224
0.818	-2550.06	266.168	325.389	61.3894	0.495978	0.49597	0.00805118
0.819	-2549.72	264.161	322.541	61.7148	0.495936	0.495948	0.00811576
0.82	-2549.4	268.049	326.889	62.0374	0.495905	0.495915	0.00817991
0.821	-2549.18	270.937	330.008	62.3643	0.495883	0.495897	0.00821973
0.822	-2548.95	267.332	325.221	62.6943	0.495874	0.495864	0.00826265
0.823	-2548.62	272.64	331.275	63.0195	0.495824	0.495852	0.00832319
0.824	-2548.34	271.663	329.688	63.3508	0.495803	0.495821	0.0083763
0.825	-2548.11	274.531	332.765	63.6804	0.495787	0.49579	0.00842296
0.826	-2547.78	272.939	330.434	64.0132	0.495758	0.495754	0.00848792
0.827	-2547.48	273.533	330.753	64.3436	0.495724	0.495733	0.00854315
0.828	-2547.1	278.83	336.752	64.6744	0.495697	0.495693	0.00860963
0.829	-2546.85	280.3	338.119	65.0112	0.495677	0.49566	0.00866244
0.83	-2546.7	277.797	334.695	65.3493	0.495656	0.495655	0.00868954
0.831	-2546.43	279.334	336.142	65.684	0.495612	0.495643	0.00874502
0.832	-2546.33	280.002	336.541	66.0201	0.495614	0.495626	0.00876019
0.833	-2545.77	281.798	338.293	66.3566	0.495577	0.495557	0.00886617
0.834	-2545.51	281.939	338.056	66.6949	0.495525	0.495559	0.00891576
0.835	-2545.35	280.688	336.153	67.033	0.495534	0.495524	0.00894173
0.836	-2545.04	283.549	339.173	67.3691	0.495486	0.495507	0.00900674
0.837	-2544.81	284.41	339.796	67.7083	0.495474	0.495476	0.00905032
0.838	-2544.43	287.85	343.497	68.0481	0.49543	0.495446	0.00912416
0.839	-2544.27	290.523	346.273	68.3916	0.495428	0.495423	0.00914894
0.84	-2543.85	289.277	344.377	68.7379	0.495382	0.495387	0.00923038
0.841	-2543.68	289.134	343.798	69.0823	0.49536	0.495374	0.00926654
0.842	-2543.4	291.057	345.673	69.4261	0.495345	0.495336	0.00931865
0.843	-2542.98	297.326	352.7	69.7717	0.495306	0.495294	0.00940035
0.844	-2542.97	293.472	347.716	70.1244	0.495301	0.495303	0.00939569
0.845	-2542.41	298.427	353.168	70.4722	0.495241	0.495252	0.00950772
0.846	-2542.04	294.944	348.634	70.8253	0.495219	0.495205	0.00957535
0.847	-2541.7	299.836	353.998	71.174	0.495184	0.495177	0.00963958
0.848	-2541.5	299.43	353.101	71.528	0.495157	0.495164	0.00967904
0.849	-2541.16	297.935	350.924	71.8811	0.495138	0.495123	0.00973963
0.85	-2540.79	300.746	353.819	72.232	0.495084	0.495105	0.00981062
0.851	-2540.61	300.702	353.351	72.5858	0.495084	0.495072	0.00984425
0.852	-2540.4	301.582	353.969	72.9391	0.495055	0.495061	0.00988409
0.853	-2540.02	304.941	357.492	73.2931	0.495016	0.495028	0.00995655
0.854	-2539.67	305.898	358.194	73.6506	0.49498	0.494999	0.0100209
0.855	-2539.37	308.603	360.939	74.0088	0.494962	0.494957	0.0100807
0.856	-2539.06	308.753	360.693	74.3697	0.494935	0.494925	0.0101405
0.857	-2538.75	311.132	363.048	74.7304	0.494916	0.494891	0.0101934
0.858	-2538.47	310.216	361.557	75.0935	0.494875	0.494876	0.010249
0.859	-2538.15	313.109	364.504	75.455	0.494841	0.494846	0.0103127
0.86	-2537.86	313.062	364.026	75.8195	0.494826	0.494806	0.010368
0.861	-2537.47	314.207	364.932	76.1836	0.494782	0.49478	0.010438
0.862	-2537.09	315.828	366.389	76.5485	0.494751	0.494738	0.010511
0.863	-2536.93	318.964	369.599	76.9149	0.49474	0.494715	0.0105448
0.864	-2536.54	316.374	366.174	77.2845	0.494699	0.49468	0.0106204
0.865	-2536.21	318.755	368.503	77.6507	0.494668	0.494652	0.0106801
0.866	-2535.97	319.746	369.221	78.0192	0.494642	0.494635	0.0107238
0.867	-2535.48	320.557	369.731	78.3884	0.494596	0.494587	0.0108172
0.868	-2535.27	321.987	370.952	78.7581	0.494567	0.494579	0.0108543
0.869	-2535.02	322.265	370.846	79.1291	0.494556	0.494543	0.0109016
0.87	-2534.6	324.801	373.335	79.4999	0.494508	0.49451	0.0109828
0.871	-2534.42	328.014	376.595	79.8733	0.494486	0.494496	0.0110176
0.872	-2534.09	325.233	372.974	80.2498	0.494461	0.494462	0.0110777
0.873	-2533.8	323.121	370.127	80.6228	0.494437	0.494431	0.011132
0.874	-2533.31	330.373	378.001	80.9929	0.494383	0.494392	0.0112249
0.875	-2532.99	328.668	375.62	81.3709	0.494347	0.494369	0.011284
0.876	-2532.77	330.606	377.404	81.7466	0.494339	0.494332	0.0113291
0.877	-2532.48	334.344	381.236	82.124	0.494303	0.494318	0.0113789
0.878	-2531.99	335.292	381.881	82.5052	0.494256	0.494267	0.0114771
0.879	-2531.74	337.754	384.249	82.8871	0.494239	0.49424	0.0115213
0.88	-2531.37	337.434	383.448	83.2713	0.494211	0.494198	0.0115917
0.881	-2531.01	337.096	382.629	83.6548	0.494167	0.494174	0.0116595
0.882	-2530.62	335.762	380.683	84.0374	0.494139	0.494132	0.0117287
0.883	-2530.31	342.366	387.731	84.4181	0.494117	0.494094	0.0117893
0.884	-2529.96	343.247	388.289	84.8058	0.494076	0.494066	0.0118588
0.885	-2529.6	339.7	383.841	85.1941	0.494038	0.494037	0.0119256
0.886	-2529.31	340.124	383.887	85.578	0.494013	0.494007	0.0119804
0.887	-2528.96	348.387	392.77	85.9618	0.493976	0.493979	0.0120454
0.888	-2528.6	346.098	389.75	86.3546	0.493932	0.493956	0.012112
0.889	-2528.35	347.079	390.415	86.7444	0.493919	0.493922	0.0121589
0.89	-2528.05	347.399	390.336	87.1348	0.493895	0.493886	0.0122186
0.891	-2527.74	352.684	395.83	87.5251	0.493861	0.493866	0.0122733
0.892	-2527.24	352.687	395.389	87.9209	0.493817	0.493817	0.012366
0.893	-2526.91	350.521	392.52	88.3163	0.493791	0.493779	0.0124292
0.894	-2526.77	353.015	394.872	88.7089	0.493772	0.493773	0.0124559
0.895	-2526.06	355.064	396.719	89.1037	0.493709	0.4937	0.0125908
0.896	-2525.81	353.671	394.722	89.5004	0.49369	0.493674	0.0126361
0.897	-2525.53	357.208	398.226	89.8952	0.493649	0.493658	0.0126927
0.898	-2525.03	361.667	402.748	90.2934	0.493612	0.493607	0.0127813
0.899	-2524.93	360.012	400.458	90.6961	0.493591	0.493604	0.0128046
0.9	-2524.26	360.179	400.199	91.0966	0.493538	0.493528	0.0129342
0.901	-2524.24	361.525	401.249	91.4968	0.493543	0.493525	0.0129321
0.902	-2523.78	359.162	398.183	91.898	0.49349	0.49349	0.0130198
0.903	-2523.25	366.006	405.322	92.2962	0.493449	0.493429	0.0131218
0.904	-2522.89	366.108	404.987	92.7016	0.493401	0.493413	0.0131858
0.905	-2522.53	366.17	404.608	93.1065	0.493375	0.493372	0.0132537
0.906	-2522.22	371.169	409.679	93.5111	0.493337	0.493347	0.0133163
0.907	-2521.94	367.85	405.568	93.9208	0.493311	0.493327	0.0133626
0.908	-2521.46	369.747	407.21	94.3264	0.493266	0.493278	0.0134558
0.909	-2521.09	373.55	410.946	94.7336	0.493217	0.493259	0.0135244
0.91	-2520.76	372.188	408.998	95.1446	0.493214	0.493201	0.0135851
0.911	-2520.26	375.606	412.3	95.5535	0.493148	0.493171	0.0136806
0.912	-2519.9	375.455	411.683	95.9658	0.493129	0.493125	0.0137466
0.913	-2519.83	369.013	404.176	96.3775	0.493117	0.493124	0.0137595
0.914	-2519.24	375.562	410.899	96.7817	0.49305	0.493076	0.0138737
0.915	-2518.84	383.65	419.29	97.1926	0.493023	0.493033	0.0139439
0.916	-2518.5	380.685	415.595	97.6119	0.493013	0.492986	0.0140019
0.917	-2518.05	382.734	417.376	98.0275	0.492953	0.492951	0.0140958
0.918	-2517.59	381.312	415.372	98.4449	0.492909	0.492911	0.0141799
0.919	-2517.32	380.678	414.231	98.8602	0.492897	0.492873	0.0142302
0.92	-2516.89	386.827	420.464	99.2745	0.492852	0.492838	0.01431
0.921	-2516.34	388.288	421.593	99.6949	0.492811	0.492774	0.0144149
0.922	-2516.14	388.313	421.163	100.117	0.492771	0.492785	0.0144448
0.923	-2515.69	390.11	422.655	100.538	0.492743	0.492722	0.014535
0.924	-2515.23	389.284	421.303	100.96	0.492686	0.492698	0.0146166
0.925	-2515.08	393.467	425.37	101.382	0.492673	0.492681	0.0146458
0.926	-2514.53	399.196	431.098	101.807	0.492619	0.492632	0.0147484
0.927	-2513.96	391.006	421.797	102.238	0.492566	0.492572	0.0148624
0.928	-2513.81	395.589	426.281	102.66	0.492577	0.492537	0.0148866
0.929	-2513.35	396.257	426.542	103.086	0.492513	0.492521	0.0149667
0.93	-2512.92	396.655	426.511	103.513	0.492473	0.492473	0.0150547
0.931	-2512.58	399.703	429.327	103.939	0.492447	0.492438	0.0151154
0.932	-2512.15	399.085	428.203	104.369	0.492391	0.492414	0.0151945
0.933	-2512	403.428	432.399	104.797	0.492402	0.492375	0.0152235
0.934	-2511.32	404.523	433.108	105.229	0.492337	0.49231	0.015353
0.935	-2511.15	402.201	430.161	105.662	0.492303	0.492313	0.015384
0.936	-2510.57	405.534	433.263	106.092	0.492264	0.49225	0.0154864
0.937	-2510.33	405.127	432.367	106.526	0.492216	0.492248	0.0155365
0.938	-2509.75	408.544	435.548	106.958	0.492183	0.492177	0.0156394
0.939	-2509.68	414.465	441.39	107.394	0.492158	0.492184	0.0156578
0.94	-2509.02	413.84	440.255	107.835	0.492116	0.492105	0.0157791
0.941	-2508.48	415.234	441.269	108.275	0.492061	0.492057	0.0158818
0.942	-2508	422.648	448.671	108.717	0.492014	0.492015	0.0159712
0.943	-2507.81	413.476	438.468	109.165	0.492008	0.491989	0.0160026
0.944	-2507.35	417.474	442.24	109.604	0.491957	0.491956	0.0160872
0.945	-2506.78	417.754	442.068	110.046	0.491911	0.491891	0.0161982
0.946	-2506.32	417.271	441.09	110.488	0.491852	0.491866	0.0162829
0.947	-2505.98	421.104	444.671	110.929	0.49182	0.491839	0.0163414
0.948	-2505.49	422.387	445.556	111.374	0.491785	0.491779	0.016436
0.949	-2505.26	417.54	439.979	111.819	0.491764	0.491759	0.0164771
0.95	-2504.78	424.709	447.062	112.259	0.491716	0.491722	0.0165621
0.951	-2504.38	427.74	449.779	112.706	0.491675	0.491682	0.0166436
0.952	-2503.76	430.308	452.004	113.156	0.49163	0.491616	0.0167537
0.953	-2503.54	429.435	450.614	113.608	0.491598	0.491608	0.0167941
0.954	-2502.92	433.141	454.026	114.059	0.491537	0.491549	0.0169136
0.955	-2502.62	428.994	449.208	114.513	0.491535	0.491497	0.0169683
0.956	-2501.92	427.338	447.007	114.962	0.491464	0.491439	0.0170966
0.957	-2501.71	435.461	455.027	115.409	0.491427	0.491436	0.0171374
0.958	-2501.2	435.433	454.522	115.864	0.491379	0.49139	0.0172309
0.959	-2500.69	441.044	459.899	116.319	0.491333	0.491335	0.0173325
0.96	-2500.5	440.644	459.005	116.778	0.491317	0.491319	0.0173636
0.961	-2500.11	439.484	457.319	117.237	0.491296	0.491273	0.017431
0.962	-2499.69	436.687	453.937	117.695	0.491238	0.491244	0.0175186
0.963	-2499.02	442.34	459.335	118.149	0.491195	0.491171	0.0176338
0.964	-2498.62	442.72	459.253	118.608	0.491154	0.491134	0.0177114
0.965	-2498.33	443.517	459.603	119.067	0.491115	0.49112	0.0177649
0.966	-2497.78	444.263	459.9	119.527	0.491065	0.491073	0.0178622
0.967	-2497.27	446.95	462.203	119.987	0.491019	0.491021	0.0179599
0.968	-2497.15	447.944	462.753	120.449	0.491025	0.490997	0.0179775
0.969	-2496.56	450.467	464.878	120.912	0.490955	0.490954	0.018091
0.97	-2496.15	449.121	463.011	121.377	0.490935	0.490894	0.0181708
0.971	-2495.52	454.229	467.795	121.84	0.49086	0.490853	0.0182872
0.972	-2495.27	449.413	462.359	122.307	0.490836	0.490835	0.0183295
0.973	-2494.66	451.944	464.485	122.77	0.490787	0.490767	0.0184467
0.974	-2494.36	455.777	467.944	123.234	0.490726	0.490779	0.0184941
0.975	-2493.56	458.636	470.396	123.702	0.490686	0.490662	0.0186527
0.976	-2493.13	458.802	470.084	124.173	0.490654	0.490627	0.0187193
0.977	-2492.79	459.834	470.659	124.643	0.490614	0.490599	0.0187871
0.978	-2492.27	467.505	478.022	125.113	0.490557	0.490561	0.0188826
0.979	-2491.65	465.324	475.306	125.591	0.490508	0.490494	0.0189986
0.98	-2491.34	464.837	474.324	126.067	0.490483	0.490466	0.0190515
0.981	-2491.23	468.258	477.327	126.541	0.490458	0.490466	0.019076
0.982	-2490.49	464.528	473.043	127.018	0.490401	0.490386	0.019213
0.983	-2490.04	470.59	478.729	127.491	0.490346	0.490359	0.0192954
0.984	-2489.62	470.117	477.761	127.97	0.490308	0.490314	0.0193774
0.985	-2489.18	469.791	476.945	128.448	0.490267	0.490277	0.0194557
0.986	-2488.51	477.514	484.294	128.925	0.490196	0.490224	0.0195792
0.987	-2488.22	470.895	477.097	129.409	0.490181	0.49019	0.0196293
0.988	-2487.78	478.498	484.31	129.886	0.490141	0.49015	0.0197095
0.989	-2487.38	472.696	477.954	130.371	0.490109	0.490106	0.0197851
0.99	-2486.83	482.567	487.442	130.848	0.490056	0.490061	0.019883
0.991	-2486.28	475.09	479.405	131.336	0.49	0.490011	0.0199886
0.992	-2485.55	479.495	483.362	131.815	0.48994	0.489935	0.0201248
0.993	-2485.37	484.498	487.914	132.299	0.489915	0.489935	0.0201502
0.994	-2484.77	483.767	486.687	132.787	0.48988	0.489855	0.0202644
0.995	-2484.01	488.346	490.8	133.273	0.489801	0.489799	0.0203991
0.996	-2483.75	486.528	488.482	133.764	0.489779	0.489766	0.0204547
0.997	-2483.28	488.463	489.933	134.253	0.489713	0.489746	0.0205416
0.998	-2482.82	490.422	491.405	134.742	0.489689	0.48969	0.0206207
0.999	-2482.54	491.581	492.073	135.234	0.489663	0.489662	0.0206749
1	-2481.84	493.584	493.584	135.726	0.489595	0.489602	0.0208029
1.001	-2481.61	494.856	494.361	136.22	0.489569	0.489584	0.0208473
1.002	-2480.89	492.453	491.47	136.714	0.489522	0.489506	0.0209718
1.003	-2480.22	496.707	495.221	137.205	0.489453	0.489449	0.0210975
1.004	-2480.07	495.459	493.486	137.701	0.489433	0.489444	0.0211231
1.005	-2479.21	496.926	494.454	138.194	0.489365	0.489341	0.0212938
1.006	-2478.86	492.358	489.421	138.689	0.489318	0.48933	0.0213515
1.007	-2478.4	501.948	498.459	139.178	0.489291	0.489274	0.0214347
1.008	-2478.06	503.079	499.086	139.676	0.489247	0.489266	0.0214873
1.009	-2477.36	505.011	500.506	140.176	0.489189	0.489193	0.0216185
1.01	-2476.88	507.595	502.569	140.676	0.489148	0.489143	0.0217098
1.011	-2476.25	508.2	502.671	141.179	0.489093	0.489089	0.021818
1.012	-2475.88	506.928	500.917	141.681	0.489046	0.489066	0.0218878
1.013	-2475.37	508.291	501.768	142.182	0.489019	0.489001	0.0219805
1.014	-2474.96	507.187	500.185	142.684	0.48898	0.488964	0.0220564
1.015	-2474.4	511.001	503.449	143.184	0.488919	0.488913	0.0221675
1.016	-2473.86	510.493	502.454	143.688	0.488881	0.488864	0.0222554
1.017	-2473.32	515.54	506.922	144.19	0.488826	0.488818	0.0223559
1.018	-2472.64	519.144	509.965	144.697	0.488757	0.488755	0.0224874
1.019	-2472.26	524.298	514.522	145.207	0.48871	0.488733	0.0225567
1.02	-2471.41	520.209	510.009	145.721	0.488635	0.488656	0.0227083
1.021	-2471.4	517.316	506.675	146.231	0.488644	0.488645	0.0227112
1.022	-2470.41	523.294	512.029	146.738	0.488559	0.488546	0.0228953
1.023	-2470	528.377	516.498	147.25	0.488526	0.48851	0.022964
1.024	-2469.65	525.952	513.625	147.767	0.488494	0.488476	0.0230302
1.025	-2468.88	532.786	519.791	148.28	0.488416	0.488415	0.0231691
1.026	-2468.57	531.462	517.994	148.8	0.48837	0.488407	0.0232228
1.027	-2468.19	532.015	518.028	149.318	0.488365	0.488343	0.0232922
1.028	-2467.4	531.358	516.886	149.836	0.488263	0.488286	0.0234504
1.029	-2467.21	534.802	519.729	150.353	0.488276	0.488251	0.0234724
1.03	-2466.33	537.407	521.754	150.873	0.48819	0.488175	0.0236343
1.031	-2465.82	535.805	519.694	151.394	0.488134	0.488144	0.0237228
1.032	-2465.4	536.352	519.721	151.914	0.488093	0.488102	0.0238048
1.033	-2464.75	540.849	523.572	152.434	0.488049	0.488031	0.0239201
1.034	-2464.2	542.667	524.823	152.957	0.487995	0.487982	0.0240238
1.035	-2463.66	546.502	528.021	153.482	0.48793	0.487949	0.0241211
1.036	-2463.05	540.052	521.286	154.01	0.487893	0.487882	0.024225
1.037	-2462.67	546.39	526.894	154.532	0.487863	0.487841	0.0242966
1.038	-2462.15	546.48	526.474	155.058	0.487828	0.487787	0.0243855
1.039	-2461.72	547.173	526.634	155.585	0.487755	0.487768	0.0244771
1.04	-2460.78	552.328	531.085	156.112	0.487676	0.48768	0.0246441
1.041	-2460.74	542.533	521.165	156.643	0.487671	0.48767	0.0246588
1.042	-2459.87	556.657	534.22	157.164	0.487594	0.487604	0.0248019
1.043	-2459.4	548.701	526.08	157.698	0.487553	0.487553	0.0248934
1.044	-2459.05	555.064	531.67	158.224	0.487535	0.48751	0.0249548
1.045	-2458.27	556.65	532.679	158.756	0.487435	0.487463	0.0251018
1.046	-2457.79	558.715	534.144	159.288	0.487407	0.487411	0.0251815
1.047	-2456.99	564.387	539.051	159.823	0.487347	0.487326	0.0253268
1.048	-2456.42	561.737	536.009	160.362	0.487299	0.487278	0.0254231
1.049	-2455.84	567.597	541.083	160.898	0.487214	0.48725	0.0255357
1.05	-2455.44	565.44	538.514	161.439	0.487192	0.487203	0.0256056
1.051	-2454.94	561.055	533.83	161.977	0.487141	0.487164	0.0256956
1.052	-2454.35	563.788	535.92	162.511	0.487089	0.487111	0.0258001
1.053	-2453.73	570.022	541.331	163.047	0.487038	0.487044	0.0259178
1.054	-2452.87	574.154	544.738	163.588	0.486985	0.486949	0.0260659
1.055	-2452.77	571.463	541.671	164.133	0.486975	0.486943	0.026082
1.056	-2451.93	574.864	544.378	164.675	0.486898	0.486861	0.0262413
1.057	-2451.34	577.528	546.384	165.219	0.486837	0.486815	0.026348
1.058	-2451.14	572.775	541.375	165.766	0.486805	0.486812	0.0263827
1.059	-2450.48	579.209	546.939	166.307	0.486761	0.486749	0.0264903
1.06	-2449.51	587.655	554.392	166.854	0.486672	0.486659	0.0266692
1.061	-2449.28	578.256	545.011	167.408	0.486628	0.486661	0.0267113
1.062	-2448.7	580.645	546.747	167.953	0.486596	0.48658	0.0268247
1.063	-2448.19	587.865	553.025	168.5	0.48656	0.48654	0.0268999
1.064	-2447.22	583.645	548.538	169.053	0.486443	0.486479	0.0270773
1.065	-2446.55	593.006	556.814	169.602	0.486403	0.486397	0.0272002
1.066	-2446.45	593.274	556.542	170.158	0.486385	0.486384	0.0272308
1.067	-2445.92	585.998	549.202	170.715	0.486363	0.486317	0.0273198
1.068	-2445.22	588.933	551.435	171.264	0.48628	0.486284	0.0274365
1.069	-2444.69	596.544	558.039	171.816	0.486248	0.486209	0.0275431
1.07	-2443.96	597.941	558.823	172.374	0.486155	0.486177	0.0276682
1.071	-2443.13	596.526	556.98	172.932	0.486102	0.486082	0.0278157
1.072	-2442.4	599.705	559.426	173.489	0.486023	0.486022	0.0279558
1.073	-2442.15	603.335	562.288	174.049	0.486	0.486006	0.0279935
1.074	-2441.56	598.672	557.423	174.611	0.485944	0.48595	0.0281062
1.075	-2440.66	602.129	560.12	175.169	0.48587	0.485868	0.0282619
1.076	-2440.04	602.768	560.194	175.729	0.485837	0.485784	0.0283787
1.077	-2439.61	606.415	563.06	176.289	0.485777	0.48577	0.0284525
1.078	-2439.08	603.247	559.598	176.852	0.485721	0.485735	0.0285441
1.079	-2438.62	610.098	565.429	177.411	0.485674	0.485704	0.0286219
1.08	-2437.55	616.48	570.815	177.977	0.485576	0.4856	0.0288238
1.081	-2437.05	618.181	571.86	178.548	0.485535	0.485554	0.0289104
1.082	-2436.38	614.073	567.535	179.12	0.485496	0.485481	0.0290227
1.083	-2436.23	617.921	570.564	179.687	0.485474	0.485478	0.0290481
1.084	-2435.47	613.459	565.921	180.258	0.485399	0.485405	0.0291962
1.085	-2434.49	621.295	572.622	180.824	0.485326	0.485315	0.0293591
1.086	-2434.11	621.73	572.495	181.396	0.485268	0.485303	0.0294288
1.087	-2433.39	618.869	569.337	181.969	0.485217	0.485217	0.0295661
1.088	-2432.43	622.119	571.8	182.538	0.485139	0.485133	0.0297286
1.089	-2432.13	620.828	570.09	183.11	0.485102	0.485109	0.0297893
1.09	-2431.71	629.854	577.848	183.68	0.485076	0.485067	0.0298565
1.091	-2431.13	629.644	577.126	184.258	0.485041	0.484996	0.0299633
1.092	-2430.31	628.307	575.372	184.835	0.484958	0.484944	0.030098
1.093	-2429.76	632.989	579.13	185.41	0.484913	0.484872	0.0302151
1.094	-2428.96	632.664	578.303	185.989	0.484831	0.484819	0.0303503
1.095	-2428.28	625.05	570.822	186.568	0.484776	0.484753	0.030471
1.096	-2427.96	640.59	584.48	187.139	0.484732	0.484739	0.0305294
1.097	-2427.29	634.794	578.664	187.723	0.484685	0.48466	0.0306549
1.098	-2426.54	637.821	580.894	188.302	0.484585	0.484628	0.0307864
1.099	-2425.94	638.759	581.219	188.883	0.484571	0.48455	0.0308784
1.1	-2425	640.384	582.168	189.464	0.484463	0.484492	0.0310452
1.101	-2424.32	643.647	584.603	190.046	0.484417	0.484402	0.0311814
1.102	-2423.84	640.408	581.133	190.631	0.484401	0.484346	0.0312532
