0.01	1	0.666667	-3888	0	0	0	0
0.02	1	0.666667	-3888	0	0	0	0
0.03	1	0.666667	-3888	0	0	0	0
0.04	1	0.666667	-3888	0	0	0	0
0.05	1	0.666667	-3888	0	0	0	0
0.06	1	0.666667	-3888	0	0	0	0
0.07	1	0.666667	-3888	0	0	0	0
0.08	1	0.666667	-3888	0	0	0	0
0.09	1	0.666667	-3888	0	0	0	0
0.1	1	0.666667	-3888	0	0	0	0
0.11	1	0.666667	-3888	0	0	0	0
0.12	1	0.666667	-3888	0	0	0	0
0.13	1	0.666667	-3888	0	0	0	0
0.14	1	0.666667	-3888	0	0	0	0
0.15	1	0.666667	-3888	0	0	0	0
0.16	1	0.666667	-3888	0	0	0	0
0.17	1	0.666667	-3888	0	0	0	0
0.18	1	0.666667	-3888	0	0	0	0
0.19	1	0.666667	-3888	0	0	0	0
0.2	1	0.666667	-3888	0	0	0	0
0.21	1	0.666667	-3888	0	0	0	0
0.22	1	0.666667	-3888	0	0	0	0
0.23	1	0.666667	-3888	0	0	0	0
0.24	1	0.666667	-3888	0	0	0	0
0.25	1	0.666667	-3888	0	0	0	0
0.26	1	0.666667	-3888	0	0	0	0
0.27	1	0.666667	-3888	0	0	0	0
0.28	1	0.666667	-3888	0	0	0	0
0.29	1	0.666667	-3888	0	0	0	0
0.3	1	0.666667	-3888	0	0	0	0
0.31	1	0.666667	-3888	0	0	0	0
0.32	1	0.666667	-3888	0	0	0	0
0.33	1	0.666667	-3888	0	0	0	0
0.34	1	0.666667	-3888	0	0	0	0
0.35	1	0.666667	-3888	0	0	0	0
0.36	1	0.666667	-3888	0	0	0	0
0.37	1	0.666667	-3888	7.8866e-06	4.82591e-14	2.13151e-05	0
0.38	1	0.666667	-3888	2.09467e-06	1.56662e-14	5.51228e-06	2.13151e-07
0.39	1	0.666667	-3888	4.73278e-06	3.0526e-14	1.21353e-05	2.68274e-07
0.4	0.999999	0.666667	-3887.99	2.02318e-05	1.33839e-13	5.05794e-05	3.89628e-07
0.41	0.999999	0.666667	-3887.99	2.56681e-05	1.74047e-13	6.26052e-05	8.95422e-07
0.42	0.999999	0.666667	-3887.99	2.17731e-05	1.5576e-13	5.18407e-05	1.52147e-06
0.43	0.999998	0.666667	-3887.98	6.01698e-05	4.27893e-13	0.00013993	2.03988e-06
0.44	0.999999	0.666667	-3887.99	3.46706e-05	2.56605e-13	7.87969e-05	3.43918e-06
0.45	0.999998	0.666667	-3887.99	4.43333e-05	3.29937e-13	9.85185e-05	4.22715e-06
0.46	0.999996	0.666667	-3887.97	8.91518e-05	6.82339e-13	0.000193808	5.21233e-06
0.47	0.999994	0.666667	-3887.96	0.000117583	9.1798e-13	0.000250176	7.15042e-06
0.48	0.999991	0.666667	-3887.93	0.000187067	1.49478e-12	0.000389724	9.65218e-06
0.49	0.99999	0.666667	-3887.92	0.000200278	1.63065e-12	0.000408731	1.35494e-05
0.5	0.999988	0.666667	-3887.91	0.000223238	1.86468e-12	0.000446475	1.76367e-05
0.51	0.999986	0.666667	-3887.89	0.000250935	2.14394e-12	0.00049203	2.21015e-05
0.52	0.999981	0.666667	-3887.85	0.000337781	2.91733e-12	0.000649578	2.70218e-05
0.53	0.999972	0.666667	-3887.78	0.000459562	4.06616e-12	0.000867098	3.35176e-05
0.54	0.999967	0.666667	-3887.74	0.000539574	4.8458e-12	0.00099921	4.21885e-05
0.55	0.999962	0.666667	-3887.71	0.000559836	5.1547e-12	0.00101788	5.21806e-05
0.56	0.999954	0.666667	-3887.64	0.000679502	6.34584e-12	0.0012134	6.23595e-05
0.57	0.999944	0.666667	-3887.57	0.000782768	7.40579e-12	0.00137328	7.44934e-05
0.58	0.999934	0.666667	-3887.49	0.000902091	8.73127e-12	0.00155533	8.82262e-05
0.59	0.999924	0.666667	-3887.41	0.000988303	9.72771e-12	0.00167509	0.000103779
0.6	0.999909	0.666667	-3887.29	0.00118356	1.18537e-11	0.00197261	0.00012053
0.61	0.999891	0.666667	-3887.15	0.00139599	1.42465e-11	0.00228851	0.000140256
0.62	0.999871	0.666667	-3887	0.00160862	1.66299e-11	0.00259455	0.000163142
0.63	0.999845	0.666667	-3886.8	0.00182521	1.92183e-11	0.00289715	0.000189087
0.64	0.999831	0.666666	-3886.69	0.0018948	2.0294e-11	0.00296062	0.000218059
0.65	0.999812	0.666666	-3886.55	0.00203575	2.2158e-11	0.00313192	0.000247665
0.66	0.999773	0.666666	-3886.25	0.00243212	2.68751e-11	0.00368504	0.000278984
0.67	0.999737	0.666666	-3885.97	0.0027394	3.07689e-11	0.00408866	0.000315834
0.68	0.999711	0.666666	-3885.76	0.00291947	3.32162e-11	0.00429333	0.000356721
0.69	0.999665	0.666666	-3885.41	0.00312095	3.59817e-11	0.00452311	0.000399654
0.7	0.999614	0.666666	-3885.01	0.00365775	4.28329e-11	0.00522536	0.000444885
0.71	0.999563	0.666666	-3884.62	0.0040085	4.76471e-11	0.00564577	0.000497139
0.72	0.999499	0.666666	-3884.13	0.00441162	5.32082e-11	0.00612725	0.000553597
0.73	0.999455	0.666666	-3883.79	0.00471594	5.772e-11	0.00646019	0.000614869
0.74	0.99939	0.666666	-3883.28	0.0054094	6.70897e-11	0.00730999	0.000679471
0.75	0.99934	0.666666	-3882.89	0.0054891	6.90526e-11	0.0073188	0.000752571
0.76	0.999229	0.666666	-3882.05	0.00609576	7.7798e-11	0.00802074	0.000825759
0.77	0.99917	0.666666	-3881.59	0.00651366	8.41453e-11	0.0084593	0.000905967
0.78	0.999061	0.666666	-3880.75	0.00722784	9.45664e-11	0.00926647	0.000990559
0.79	0.999001	0.666666	-3880.28	0.00739427	9.80979e-11	0.00935984	0.00108322
0.8	0.998901	0.666665	-3879.51	0.0081397	1.09647e-10	0.0101746	0.00117682
0.81	0.99876	0.666665	-3878.43	0.0085669	1.16714e-10	0.0105764	0.00127857
0.82	0.998641	0.666665	-3877.51	0.00942258	1.30095e-10	0.011491	0.00138433
0.83	0.998504	0.666665	-3876.46	0.0100007	1.39999e-10	0.012049	0.00149924
0.84	0.998434	0.666665	-3875.91	0.0103412	1.46201e-10	0.012311	0.00161973
0.85	0.998259	0.666665	-3874.56	0.0114948	1.65053e-10	0.0135233	0.00174284
0.86	0.998096	0.666665	-3873.3	0.0122754	1.78568e-10	0.0142737	0.00187807
0.87	0.997914	0.666664	-3871.9	0.012896	1.89528e-10	0.014823	0.00202081
0.88	0.997725	0.666664	-3870.46	0.0137337	2.04692e-10	0.0156065	0.00216904
0.89	0.997553	0.666664	-3869.13	0.0147064	2.2178e-10	0.0165241	0.00232511
0.9	0.997393	0.666664	-3867.9	0.015445	2.35157e-10	0.0171611	0.00249035
0.91	0.997197	0.666664	-3866.4	0.0157606	2.43429e-10	0.0173193	0.00266196
0.92	0.996973	0.666664	-3864.67	0.015938	2.49008e-10	0.0173239	0.00283515
0.93	0.996715	0.666663	-3862.7	0.0183014	2.89502e-10	0.0196789	0.00300839
0.94	0.996532	0.666663	-3861.28	0.018593	2.97407e-10	0.0197798	0.00320518
0.95	0.996251	0.666663	-3859.14	0.0197773	3.19908e-10	0.0208182	0.00340298
0.96	0.995938	0.666662	-3856.74	0.0210471	3.44852e-10	0.0219241	0.00361116
0.97	0.995736	0.666662	-3855.21	0.0210911	3.49718e-10	0.0217434	0.0038304
0.98	0.995426	0.666662	-3852.82	0.0220957	3.70725e-10	0.0225466	0.00404784
0.99	0.995105	0.666661	-3850.37	0.0234218	3.96877e-10	0.0236583	0.0042733
1	0.994766	0.666661	-3847.77	0.0249047	4.26451e-10	0.0249047	0.00450988
1.01	0.994408	0.66666	-3845.06	0.0261583	4.54196e-10	0.0258993	0.00475893
1.02	0.994158	0.66666	-3843.15	0.0273183	4.79326e-10	0.0267827	0.00501792
1.03	0.99372	0.66666	-3839.79	0.0273703	4.85712e-10	0.0265731	0.00528575
1.04	0.993314	0.666659	-3836.71	0.0290224	5.21436e-10	0.0279061	0.00555148
1.05	0.992943	0.666659	-3833.89	0.030922	5.62099e-10	0.0294495	0.00583054
1.06	0.992559	0.666658	-3830.95	0.0313171	5.74697e-10	0.0295444	0.00612504
1.07	0.992098	0.666658	-3827.48	0.0331088	6.15354e-10	0.0309428	0.00642048
1.08	0.991655	0.666658	-3824.12	0.0327694	6.16464e-10	0.030342	0.00672991
1.09	0.991246	0.666657	-3821	0.0359217	6.82462e-10	0.0329557	0.00703333
1.1	0.990795	0.666656	-3817.56	0.0357234	6.85824e-10	0.0324758	0.00736289
1.11	0.990276	0.666655	-3813.66	0.0386447	7.50542e-10	0.0348151	0.00768765
1.12	0.989811	0.666655	-3810.1	0.0384989	7.53854e-10	0.034374	0.0080358
1.13	0.989299	0.666655	-3806.28	0.0396203	7.87809e-10	0.0350622	0.00837954
1.14	0.988675	0.666654	-3801.57	0.0403856	8.11274e-10	0.035426	0.00873016
1.15	0.988181	0.666653	-3797.82	0.0425358	8.64656e-10	0.0369876	0.00908442
1.16	0.987597	0.666652	-3793.4	0.0437958	8.97851e-10	0.037755	0.0094543
1.17	0.986919	0.666651	-3788.33	0.0469919	9.75194e-10	0.040164	0.00983185
1.18	0.986373	0.666651	-3784.22	0.0462695	9.6858e-10	0.0392114	0.0102335
1.19	0.985791	0.66665	-3779.86	0.0483064	1.02517e-09	0.0405936	0.0106256
1.2	0.984904	0.666649	-3773.21	0.0508797	1.09218e-09	0.0423997	0.0110315
1.21	0.984324	0.666648	-3768.85	0.0521991	1.13116e-09	0.0431398	0.0114555
1.22	0.983687	0.666647	-3764.05	0.0527448	1.15139e-09	0.0432334	0.0118869
1.23	0.982868	0.666646	-3757.99	0.0541351	1.20045e-09	0.0440123	0.0123193
1.24	0.982005	0.666645	-3751.52	0.056738	1.26925e-09	0.0457565	0.0127594
1.25	0.981267	0.666644	-3746.03	0.0573115	1.29587e-09	0.0458492	0.013217
1.26	0.980619	0.666643	-3741.21	0.0583993	1.33631e-09	0.0463487	0.0136754
1.27	0.979705	0.666641	-3734.37	0.0620983	1.43507e-09	0.0488963	0.0141389
1.28	0.978834	0.66664	-3727.99	0.0638991	1.49708e-09	0.0499212	0.0146279
1.29	0.977894	0.66664	-3721.01	0.0633497	1.49865e-09	0.0491083	0.0151271
1.3	0.977171	0.666637	-3715.69	0.0685175	1.63788e-09	0.0527058	0.0156182
1.31	0.976134	0.666637	-3708.02	0.0670601	1.62445e-09	0.0511909	0.0161452
1.32	0.97519	0.666635	-3701.03	0.0708948	1.72761e-09	0.0537082	0.0166572
1.33	0.974181	0.666632	-3693.67	0.0743413	1.84206e-09	0.0558957	0.0171942
1.34	0.973133	0.666632	-3685.9	0.0743724	1.86145e-09	0.0555018	0.0177532
1.35	0.97225	0.666631	-3679.46	0.0740231	1.8693e-09	0.0548319	0.0183082
1.36	0.971288	0.66663	-3672.44	0.0749478	1.91199e-09	0.0551087	0.0188565
1.37	0.970124	0.666626	-3663.92	0.080477	2.08544e-09	0.0587423	0.0194076
1.38	0.968988	0.666625	-3655.62	0.0814081	2.12562e-09	0.0589914	0.019995
1.39	0.967946	0.666623	-3648.03	0.0836837	2.20611e-09	0.0602041	0.020585
1.4	0.966699	0.666621	-3639.02	0.0851062	2.28522e-09	0.0607901	0.021187
1.41	0.96551	0.666618	-3630.37	0.0893786	2.41558e-09	0.0633891	0.0217949
1.42	0.964489	0.666618	-3622.95	0.0883193	2.40999e-09	0.0621967	0.0224288
1.43	0.962862	0.666614	-3611.25	0.092503	2.56203e-09	0.0646874	0.0230508
1.44	0.961888	0.666612	-3604.13	0.0945587	2.64895e-09	0.0656658	0.0236976
1.45	0.960474	0.66661	-3594.08	0.0945967	2.68985e-09	0.0652391	0.0243543
1.46	0.959247	0.666606	-3585.24	0.100023	2.87462e-09	0.068509	0.0250067
1.47	0.957846	0.666606	-3575.13	0.0980181	2.83269e-09	0.066679	0.0256918
1.48	0.956415	0.666602	-3565.09	0.101229	2.98589e-09	0.0683981	0.0263586
1.49	0.954845	0.6666	-3553.91	0.103961	3.08475e-09	0.0697726	0.0270425
1.5	0.953589	0.666598	-3544.92	0.103978	3.11582e-09	0.0693188	0.0277403
1.51	0.952031	0.666595	-3533.95	0.105688	3.20932e-09	0.0699921	0.0284335
1.52	0.950547	0.666591	-3523.35	0.110015	3.38487e-09	0.072378	0.0291334
1.53	0.948896	0.666589	-3511.78	0.110437	3.43959e-09	0.0721814	0.0298572
1.54	0.947118	0.666587	-3499.22	0.110824	3.48887e-09	0.0719639	0.030579
1.55	0.945742	0.666581	-3489.72	0.116668	3.73041e-09	0.0752699	0.0312986
1.56	0.944357	0.666579	-3480.03	0.116802	3.77371e-09	0.0748732	0.0320513
1.57	0.942593	0.666574	-3467.62	0.120674	3.93499e-09	0.0768623	0.0328
1.58	0.94087	0.666573	-3455.66	0.119853	3.95021e-09	0.0758565	0.0335687
1.59	0.938985	0.666567	-3442.61	0.124483	4.16485e-09	0.078291	0.0343272
1.6	0.937197	0.666559	-3430.17	0.130788	4.43339e-09	0.0817427	0.0351101
1.61	0.935272	0.666561	-3416.84	0.126187	4.32403e-09	0.0783768	0.0359276
1.62	0.933219	0.666558	-3402.72	0.127086	4.39751e-09	0.0784484	0.0367113
1.63	0.9315	0.666548	-3390.93	0.134895	4.74615e-09	0.0827579	0.0374958
1.64	0.929495	0.666547	-3377.37	0.133254	4.75303e-09	0.0812524	0.0383234
1.65	0.927824	0.666543	-3365.95	0.134697	4.84989e-09	0.0816348	0.0391359
1.66	0.925699	0.666537	-3351.43	0.137408	5.02353e-09	0.0827757	0.0399523
1.67	0.923278	0.666534	-3335.02	0.137807	5.1014e-09	0.082519	0.04078
1.68	0.921423	0.666519	-3322.51	0.150124	5.61095e-09	0.0893596	0.0416052
1.69	0.919223	0.666514	-3308.05	0.149785	5.72499e-09	0.08863	0.0424988
1.7	0.917072	0.666507	-3293.58	0.154439	5.94944e-09	0.0908463	0.0433851
1.71	0.914831	0.666498	-3278.43	0.157391	6.21138e-09	0.0920413	0.0442936
1.72	0.912609	0.666503	-3263.84	0.150001	5.97182e-09	0.0872099	0.045214
1.73	0.909815	0.66649	-3245.51	0.156419	6.35765e-09	0.0904157	0.0460861
1.74	0.908015	0.666486	-3233.46	0.157893	6.44367e-09	0.0907432	0.0469902
1.75	0.905448	0.666482	-3216.69	0.157484	6.51459e-09	0.0899907	0.0478977
1.76	0.902932	0.666469	-3200.34	0.163017	6.88023e-09	0.0926233	0.0487976
1.77	0.900647	0.666459	-3184.99	0.167394	7.14048e-09	0.0945729	0.0497238
1.78	0.897706	0.666455	-3166.18	0.16494	7.21618e-09	0.092663	0.0506695
1.79	0.894814	0.666443	-3147.73	0.169906	7.50712e-09	0.0949194	0.0515962
1.8	0.891948	0.666433	-3129.22	0.172889	7.76823e-09	0.0960492	0.0525454
1.81	0.889303	0.666429	-3112.38	0.17243	7.8022e-09	0.0952652	0.0535059
1.82	0.886692	0.666413	-3095.86	0.178446	8.2359e-09	0.0980474	0.0544585
1.83	0.88467	0.666412	-3083.08	0.176431	8.20408e-09	0.0964106	0.055439
1.84	0.88087	0.666386	-3059.41	0.184893	8.88582e-09	0.100485	0.0564031
1.85	0.877974	0.666386	-3040.94	0.181005	8.78563e-09	0.0978403	0.0574079
1.86	0.875266	0.666384	-3024.42	0.177751	8.75178e-09	0.0955649	0.0583863
1.87	0.87217	0.666349	-3004.61	0.195371	9.70577e-09	0.104476	0.059342
1.88	0.868496	0.66634	-2982.36	0.194139	9.85272e-09	0.103266	0.0603868
1.89	0.865906	0.666316	-2966.55	0.201105	1.0469e-08	0.106405	0.0614194
1.9	0.862221	0.666319	-2944.47	0.192883	1.02454e-08	0.101518	0.0624835
1.91	0.859084	0.666284	-2925.02	0.206748	1.11295e-08	0.108245	0.0634986
1.92	0.855994	0.666275	-2906.48	0.204081	1.12534e-08	0.106292	0.0645811
1.93	0.851546	0.66624	-2880.16	0.215705	1.20676e-08	0.111764	0.065644
1.94	0.848469	0.666244	-2861.65	0.207294	1.18197e-08	0.106853	0.0667616
1.95	0.844735	0.666207	-2839.71	0.215676	1.26871e-08	0.110603	0.0678302
1.96	0.841026	0.666187	-2817.74	0.220554	1.30374e-08	0.112528	0.0689362
1.97	0.837285	0.666155	-2796.37	0.227567	1.37138e-08	0.115516	0.0700615
1.98	0.833744	0.666137	-2776.43	0.224613	1.40311e-08	0.113441	0.0712166
1.99	0.829318	0.666103	-2750.55	0.230993	1.47044e-08	0.116077	0.0723511
2	0.825702	0.666071	-2729.94	0.237493	1.53268e-08	0.118747	0.0735118
2.01	0.821525	0.666052	-2706.11	0.236025	1.55393e-08	0.117425	0.0746993
2.02	0.817255	0.665989	-2683	0.244004	1.69216e-08	0.120794	0.0758735
2.03	0.812513	0.665957	-2655.88	0.250715	1.74536e-08	0.123505	0.0770815
2.04	0.807497	0.6659	-2629.19	0.257668	1.85454e-08	0.126308	0.0783165
2.05	0.804245	0.665925	-2610.26	0.243326	1.76751e-08	0.118696	0.0795796
2.06	0.799291	0.665859	-2583.54	0.25092	1.8907e-08	0.121806	0.0807666
2.07	0.7939	0.665768	-2556.31	0.261235	2.07245e-08	0.126201	0.0819846
2.08	0.789069	0.665737	-2531	0.255395	2.10487e-08	0.122786	0.0832466
2.09	0.783084	0.665692	-2499.28	0.264291	2.15903e-08	0.126455	0.0844745
2.1	0.778126	0.665562	-2475.02	0.275115	2.42023e-08	0.131007	0.085739
2.11	0.773916	0.665553	-2451.05	0.271718	2.39774e-08	0.128776	0.0870491
2.12	0.767821	0.66541	-2422.98	0.273528	2.68689e-08	0.129023	0.0883369
2.13	0.761878	0.665349	-2394.9	0.274251	2.73278e-08	0.128756	0.0896271
2.14	0.75708	0.665407	-2367.06	0.270056	2.55576e-08	0.126194	0.0909147
2.15	0.750645	0.665067	-2339.73	0.296875	3.20167e-08	0.138081	0.0921766
2.16	0.743739	0.665027	-2305.62	0.298864	3.20083e-08	0.138363	0.0935574
2.17	0.737363	0.664888	-2276.62	0.293079	3.41112e-08	0.135059	0.0949411
2.18	0.728395	0.664606	-2235.7	0.320677	3.8308e-08	0.1471	0.0962916
2.19	0.72494	0.664593	-2219.15	0.312051	3.81174e-08	0.142489	0.0977626
2.2	0.718254	0.664619	-2186.72	0.297424	3.65415e-08	0.135193	0.0991875
2.21	0.707372	0.663944	-2145.39	0.326525	4.75478e-08	0.147749	0.100539
2.22	0.701186	0.663755	-2117.13	0.340592	4.98423e-08	0.15342	0.102017
2.23	0.691901	0.662966	-2083.38	0.336727	6.40538e-08	0.150999	0.103551
2.24	0.68429	0.663111	-2046.47	0.358303	5.76551e-08	0.159957	0.105061
2.25	0.671454	0.66183	-2007.78	0.376323	7.64144e-08	0.167254	0.106661
2.26	0.667848	0.662771	-1975.74	0.360437	5.93521e-08	0.159486	0.108333
2.27	0.653053	0.661099	-1934.46	0.372284	8.39688e-08	0.164002	0.109928
2.28	0.631292	0.653252	-1888.77	0.432097	2.59776e-07	0.189516	0.111568
2.29	0.631251	0.655689	-1872.94	0.423077	1.83507e-07	0.18475	0.113463
2.3	0.623436	0.658937	-1826.97	0.397829	1.06744e-07	0.172969	0.115311
2.31	0.606189	0.656304	-1784.16	0.40387	1.37193e-07	0.174836	0.11704
2.32	0.589053	0.650312	-1741.1	0.470435	2.44955e-07	0.202774	0.118789
2.33	0.573946	0.649989	-1695.04	0.453239	2.07084e-07	0.194523	0.120817
2.34	0.516939	0.618924	-1610.9	0.551515	6.4721e-07	0.23569	0.122762
2.35	0.471865	0.587191	-1558.7	0.581006	1.16623e-06	0.247236	0.125119
2.36	0.48691	0.611471	-1534.52	0.539286	6.40738e-07	0.228511	0.127591
2.37	0.481326	0.61497	-1497.62	0.509203	6.49396e-07	0.214854	0.129876
2.38	0.423414	0.569803	-1433.12	0.523312	1.03194e-06	0.219879	0.132025
2.39	0.410242	0.571769	-1391.16	0.491269	9.40249e-07	0.205552	0.134223
2.4	0.394715	0.562123	-1353.16	0.511841	8.12421e-07	0.213267	0.136279
2.41	0.353967	0.525541	-1289.81	0.526126	9.56305e-07	0.21831	0.138412
2.42	0.318373	0.479282	-1251.16	0.485688	9.52082e-07	0.200698	0.140595
2.43	0.264216	0.411455	-1187.79	0.366677	8.17285e-07	0.150896	0.142602
2.44	0.25149	0.38232	-1164.45	0.359048	8.51183e-07	0.147151	0.144111
2.45	0.25487	0.383897	-1147.51	0.387662	8.39981e-07	0.158229	0.145582
2.46	0.215057	0.339578	-1085.53	0.324061	7.08425e-07	0.131732	0.147165
2.47	0.21558	0.350986	-1063.55	0.296648	6.44161e-07	0.1201	0.148482
2.48	0.174596	0.202373	-1029.95	0.269836	5.88616e-07	0.108805	0.149683
2.49	0.166663	0.220464	-1002.32	0.262399	5.04356e-07	0.105381	0.150771
2.5	0.156822	0.188509	-975.519	0.234628	4.4855e-07	0.093851	0.151825
2.51	0.145398	0.175689	-959.262	0.212195	3.98193e-07	0.0845397	0.152763
2.52	0.151337	0.176058	-940.496	0.230185	4.47459e-07	0.0913431	0.153609
2.53	0.133295	0.174079	-918.824	0.195181	3.32566e-07	0.0771466	0.154522
2.54	0.127933	0.0762078	-896.479	0.193302	3.54952e-07	0.0761033	0.155294
2.55	0.11855	0.1287	-877.127	0.159142	2.81967e-07	0.0624087	0.156055
2.56	0.112445	0.0834956	-867.624	0.162788	2.72855e-07	0.0635889	0.156679
2.57	0.110385	0.110221	-843.904	0.153073	2.50556e-07	0.0595615	0.157315
2.58	0.103087	0.103667	-831.226	0.146407	2.15993e-07	0.0567469	0.15791
2.59	0.0982313	0.00465204	-814.92	0.152406	2.1361e-07	0.0588441	0.158478
2.6	0.100028	0.144874	-804.124	0.135132	1.95289e-07	0.051974	0.159066
2.61	0.0941571	-0.041439	-796.271	0.136413	1.93961e-07	0.0522656	0.159586
2.62	0.0867002	-0.00456399	-783.316	0.125655	1.66649e-07	0.0479599	0.160108
2.63	0.0858718	0.0353526	-761.325	0.115036	1.63561e-07	0.0437399	0.160588
2.64	0.0864058	0.00437076	-756.409	0.110758	1.65215e-07	0.0419537	0.161025
2.65	0.0850998	0.0430636	-744.201	0.103628	1.49363e-07	0.0391048	0.161445
2.66	0.0819913	0.0550709	-733.189	0.106183	1.38594e-07	0.0399185	0.161836
2.67	0.0790172	-0.00517829	-727.254	0.10244	1.32494e-07	0.038367	0.162235
2.68	0.0752488	0.0211422	-712.481	0.0938329	1.17248e-07	0.0350123	0.162619
2.69	0.0725829	-0.0189229	-704.186	0.0915614	1.12482e-07	0.0340377	0.162969
2.7	0.0710883	0.0274102	-698.29	0.0870508	1.07046e-07	0.032241	0.163309
2.71	0.0687917	-0.0278516	-685.471	0.0821841	1.02633e-07	0.0303262	0.163632
2.72	0.0649982	0.0333539	-676.688	0.0821762	8.70106e-08	0.0302119	0.163935
2.73	0.0676502	-0.0270611	-670.435	0.0784218	9.44694e-08	0.0287259	0.164237
2.74	0.0665353	0.0467388	-662.829	0.076153	8.94052e-08	0.0277931	0.164524
2.75	0.067388	0.0371845	-655.996	0.0747359	9.27576e-08	0.0271767	0.164802
2.76	0.0644615	0.00645612	-648.287	0.0709327	8.66903e-08	0.0257002	0.165074
2.77	0.0622748	0.0144009	-644.746	0.0694619	8.05404e-08	0.0250765	0.165331
2.78	0.0622602	-0.000571121	-634.606	0.0668862	7.85979e-08	0.0240598	0.165582
2.79	0.0603498	0.00855126	-627.195	0.0651333	7.47005e-08	0.0233453	0.165822
2.8	0.0599181	0.00868019	-620.771	0.0642051	7.21687e-08	0.0229304	0.166056
2.81	0.0616541	-0.026301	-614.441	0.0635834	7.9918e-08	0.0226275	0.166285
2.82	0.0581631	0.00701247	-608.701	0.0615765	6.77263e-08	0.0218356	0.166512
2.83	0.0569427	0.0158704	-603.237	0.0612059	6.5966e-08	0.0216275	0.16673
2.84	0.0548981	0.00977394	-592.605	0.0577783	6.0595e-08	0.0203445	0.166946
2.85	0.0563405	-0.0467891	-589.655	0.0568705	6.75292e-08	0.0199545	0.16715
2.86	0.0530084	0.0100012	-583.932	0.0534645	5.53109e-08	0.0186939	0.167349
2.87	0.0520823	0.0599384	-578.906	0.0529818	5.2122e-08	0.0184606	0.167536
2.88	0.0542684	-0.0104154	-574.264	0.05382	5.90536e-08	0.0186875	0.167721
2.89	0.0535844	-0.00815657	-570.83	0.0511021	5.7734e-08	0.0176824	0.167908
2.9	0.0521356	0.0732331	-564.447	0.0496201	4.89701e-08	0.0171104	0.168084
2.91	0.0515059	-0.0458386	-561.077	0.0480293	5.34299e-08	0.0165049	0.168255
2.92	0.0508883	0.0649423	-554.95	0.046274	4.75263e-08	0.0158472	0.168421
2.93	0.0496041	0.00756018	-548.086	0.0480627	4.70684e-08	0.0164036	0.168579
2.94	0.0492648	0.00218422	-545.74	0.0457765	4.66223e-08	0.0155702	0.168743
2.95	0.0491325	0.0202844	-539.781	0.0429846	4.70069e-08	0.0145711	0.168899
2.96	0.0494456	0.0830498	-536.186	0.0427823	4.40035e-08	0.0144535	0.169044
2.97	0.0489606	0.0545845	-533.719	0.04294	4.38356e-08	0.0144579	0.169189
2.98	0.0462684	0.0248746	-527.512	0.0394093	4.04105e-08	0.0132246	0.169334
2.99	0.0479207	-0.0233604	-523.921	0.0397313	4.44987e-08	0.0132881	0.169466
3	0.0447238	0.0302237	-519.784	0.0387969	3.77372e-08	0.0129323	0.169599
3.01	0.0453765	0.0167413	-515.002	0.0390729	3.82878e-08	0.012981	0.169728
3.02	0.0459611	0.0662191	-511.704	0.0378827	3.82886e-08	0.0125439	0.169858
3.03	0.0440414	0.00703068	-508.758	0.0372937	3.60837e-08	0.0123081	0.169983
3.04	0.0448566	-0.000514765	-505.443	0.0358293	3.74558e-08	0.0117859	0.170106
3.05	0.0451782	0.0517218	-501.674	0.035157	3.66563e-08	0.0115269	0.170224
3.06	0.0433336	-0.0680829	-498.744	0.0353001	3.67347e-08	0.011536	0.170339
3.07	0.044378	-0.0237056	-492.96	0.0340556	3.73125e-08	0.011093	0.170455
3.08	0.0418715	0.0276149	-489.247	0.0337209	3.12665e-08	0.0109483	0.170566
3.09	0.043953	-0.0194049	-487.853	0.0332599	3.58942e-08	0.0107637	0.170675
3.1	0.042456	0.0411268	-483.885	0.0319381	3.19337e-08	0.0103026	0.170783
3.11	0.0427635	0.00127406	-480.565	0.031535	3.38214e-08	0.0101399	0.170886
3.12	0.0428745	-0.00987503	-476.452	0.0321083	3.48915e-08	0.0102911	0.170987
3.13	0.0418355	-0.0357251	-473.653	0.031503	3.22496e-08	0.0100649	0.17109
3.14	0.0402221	-0.00190027	-468.924	0.0295665	2.98611e-08	0.00941608	0.171191
3.15	0.0407474	-0.00551495	-468.227	0.0297538	3.10615e-08	0.00944566	0.171285
3.16	0.0408066	-0.0156625	-464.522	0.029178	3.07906e-08	0.00923356	0.171379
3.17	0.0395427	0.000330629	-461.885	0.0289931	2.84575e-08	0.00914609	0.171472
3.18	0.040465	0.0466885	-459.655	0.0286334	2.78491e-08	0.00900421	0.171563
3.19	0.0390716	0.00323794	-456.139	0.0282573	2.76198e-08	0.00885808	0.171653
3.2	0.039454	0.0100658	-453.03	0.0272381	2.78548e-08	0.0085119	0.171742
3.21	0.0389387	0.026573	-449.819	0.0267941	2.62952e-08	0.00834708	0.171827
3.22	0.0376739	0.00551426	-446.59	0.0262104	2.50793e-08	0.00813988	0.171911
3.23	0.0383514	0.0345103	-443.976	0.0269378	2.47837e-08	0.00833987	0.171992
3.24	0.0379615	0.0204576	-441.87	0.024892	2.51429e-08	0.00768273	0.172075
3.25	0.0381534	0.0270896	-441.247	0.0255776	2.51638e-08	0.00787005	0.172152
3.26	0.0378896	0.01359	-437.222	0.0245894	2.51914e-08	0.00754277	0.172231
3.27	0.0370958	0.0309745	-434.677	0.0250721	2.35903e-08	0.0076673	0.172306
3.28	0.0383999	0.0494273	-432.475	0.0242356	2.46251e-08	0.0073889	0.172383
3.29	0.0371128	0.000303526	-428.986	0.0233763	2.39988e-08	0.00710527	0.172457
3.3	0.0369796	0.0270284	-428.248	0.0240621	2.30256e-08	0.00729155	0.172528
3.31	0.0367038	0.0108583	-426.391	0.0236819	2.31052e-08	0.00715466	0.172601
3.32	0.0361927	0.0155474	-422.728	0.0226554	2.23986e-08	0.00682393	0.172672
3.33	0.0359015	-0.0396804	-420.549	0.0232831	2.27635e-08	0.00699192	0.172741
3.34	0.0380022	0.0169245	-420.144	0.0223926	2.44191e-08	0.00670436	0.17281
3.35	0.0357872	-0.0221166	-416.313	0.021871	2.21386e-08	0.00652865	0.172878
3.36	0.0360297	0.0168009	-414.267	0.0221061	2.17991e-08	0.00657921	0.172943
3.37	0.035673	0.00264827	-413.357	0.0221399	2.16748e-08	0.0065697	0.173009
3.38	0.0359057	-0.00940112	-410.884	0.0211047	2.16403e-08	0.00624401	0.173074
3.39	0.0353413	-0.00329318	-408.397	0.0208524	2.10309e-08	0.00615115	0.173137
3.4	0.0354667	0.00925475	-406.162	0.0209331	2.09481e-08	0.0061568	0.173198
3.41	0.0349265	-0.0349256	-403.489	0.0200503	2.10222e-08	0.00587986	0.17326
3.42	0.0345616	-0.017335	-402.601	0.0201153	2.01582e-08	0.00588167	0.173319
3.43	0.0349392	-0.0112891	-399.429	0.0197729	2.04885e-08	0.00576469	0.173377
3.44	0.0334903	-0.00726856	-397.296	0.0201269	1.86984e-08	0.00585085	0.173435
3.45	0.0350096	0.0429248	-397.149	0.0184884	1.95888e-08	0.00535896	0.173494
3.46	0.0349438	-0.0148084	-394.312	0.018625	2.00976e-08	0.00538295	0.173547
3.47	0.0345156	-0.0222101	-392.217	0.018609	2.01432e-08	0.00536282	0.173601
3.48	0.0341373	0.00390358	-392.49	0.017823	1.91242e-08	0.00512157	0.173655
3.49	0.0338509	0.00278529	-389.721	0.0179703	1.86942e-08	0.00514909	0.173706
3.5	0.0334441	-0.0144334	-386.597	0.0178472	1.83486e-08	0.0050992	0.173757
3.51	0.0337064	0.013792	-385.385	0.0182824	1.8328e-08	0.00520866	0.173808
3.52	0.0332604	-0.00713621	-384.379	0.0178883	1.79955e-08	0.00508191	0.17386
3.53	0.0331936	0.00794984	-380.981	0.0174092	1.79288e-08	0.00493177	0.173911
3.54	0.0323579	-0.0301783	-380.388	0.0176655	1.72874e-08	0.00499027	0.173961
3.55	0.0329552	0.0324305	-376.945	0.0171929	1.69928e-08	0.00484307	0.17401
3.56	0.0325647	0.000929457	-375.709	0.0169316	1.67894e-08	0.00475607	0.174059
3.57	0.0331722	-0.0125577	-375.793	0.0165098	1.77212e-08	0.00462459	0.174106
3.58	0.0323158	0.00322838	-372.895	0.0165085	1.68203e-08	0.0046113	0.174153
3.59	0.0331063	0.0193745	-371.72	0.0163664	1.69396e-08	0.0045589	0.174199
3.6	0.0314498	-0.00161205	-368.518	0.0161599	1.54385e-08	0.00448886	0.174244
3.61	0.0313556	-0.0243038	-366.639	0.0158302	1.58508e-08	0.00438509	0.174289
3.62	0.0315434	0.0178159	-366.04	0.0157292	1.54538e-08	0.00434508	0.174333
3.63	0.031191	0.00454781	-363.52	0.0152086	1.52037e-08	0.00418969	0.174377
3.64	0.03167	-0.0382608	-364.228	0.0154004	1.6154e-08	0.00423087	0.174419
3.65	0.032009	-0.0014431	-361.717	0.0149836	1.60785e-08	0.00410508	0.174461
3.66	0.0308487	-0.00985528	-360.185	0.0155344	1.49564e-08	0.00424438	0.174502
3.67	0.0312137	-0.0291998	-358.075	0.0149683	1.54835e-08	0.00407856	0.174544
3.68	0.0307005	-0.00205183	-357.447	0.0147841	1.4971e-08	0.00401741	0.174585
3.69	0.0306652	-0.0260526	-355.348	0.0145501	1.46401e-08	0.00394312	0.174625
3.7	0.031008	0.0194303	-353.84	0.0144002	1.48331e-08	0.00389195	0.174665
3.71	0.0310171	0.00807833	-353.038	0.0145141	1.46701e-08	0.00391214	0.174704
3.72	0.0304926	-0.0189574	-351.304	0.0140335	1.42778e-08	0.00377243	0.174743
3.73	0.0301431	0.00496801	-350.612	0.0137918	1.38035e-08	0.00369754	0.17478
3.74	0.0313903	0.0270019	-349.112	0.0139406	1.47769e-08	0.00372745	0.174817
3.75	0.0307633	-0.042208	-347.325	0.0137142	1.48267e-08	0.00365712	0.174855
3.76	0.030178	-0.00798964	-345.107	0.0136499	1.39156e-08	0.00363029	0.174891
3.77	0.0299208	0.00527647	-344.001	0.013547	1.3377e-08	0.00359336	0.174928
3.78	0.0296964	-0.00728365	-342.959	0.0133839	1.34422e-08	0.00354071	0.174964
3.79	0.0305455	0.00490135	-342.102	0.0135822	1.41391e-08	0.0035837	0.174999
3.8	0.0300803	0.0272896	-339.964	0.0129448	1.32799e-08	0.00340652	0.175035
3.81	0.0297465	-0.00184658	-338.381	0.0127672	1.30736e-08	0.00335098	0.175069
3.82	0.0301084	0.0183509	-338.169	0.0131376	1.33775e-08	0.00343917	0.175102
3.83	0.0301326	0.0267328	-336.67	0.0124628	1.31936e-08	0.00325399	0.175137
3.84	0.0303516	0.0120846	-334.824	0.012814	1.36767e-08	0.00333698	0.175169
3.85	0.0301043	0.00263109	-335.137	0.0121707	1.33973e-08	0.00316123	0.175203
3.86	0.0299394	0.0248184	-333.014	0.0123892	1.29032e-08	0.00320965	0.175234
3.87	0.0291718	0.00343054	-330.886	0.0120845	1.24856e-08	0.00312261	0.175266
3.88	0.0288407	-0.00539778	-329.795	0.0120379	1.21473e-08	0.00310255	0.175298
3.89	0.0289936	0.00979497	-329.062	0.0117868	1.24009e-08	0.00303002	0.175329
3.9	0.0292948	0.0411281	-326.901	0.0118845	1.22527e-08	0.00304732	0.175359
3.91	0.028914	-0.00401361	-327.18	0.0118398	1.21662e-08	0.00302809	0.175389
3.92	0.0290652	0.00164489	-325.601	0.0115656	1.22344e-08	0.0029504	0.17542
3.93	0.0290868	-0.0146149	-323.614	0.0113486	1.25166e-08	0.00288769	0.175449
3.94	0.0286742	0.00576954	-322.45	0.0116221	1.1841e-08	0.00294978	0.175478
3.95	0.0297406	0.0306699	-322.261	0.0115846	1.24996e-08	0.00293281	0.175508
3.96	0.0291022	-0.01649	-320.618	0.0113069	1.22854e-08	0.00285527	0.175537
3.97	0.0288867	0.04522	-319.301	0.0110393	1.15715e-08	0.00278068	0.175565
3.98	0.0285178	0.0304015	-319.165	0.0109477	1.14743e-08	0.00275067	0.175593
3.99	0.0285768	0.0138255	-317.347	0.0111251	1.17134e-08	0.00278825	0.175621
4	0.0283967	0.0219432	-315.764	0.0108502	1.14797e-08	0.00271254	0.175649
4.01	0.0282465	-0.0151046	-315.627	0.0108894	1.15133e-08	0.00271555	0.175676
4.02	0.0279311	0.00260084	-314.463	0.0107333	1.10649e-08	0.00266997	0.175703
4.03	0.0284156	-0.00556012	-312.698	0.0106021	1.14913e-08	0.00263079	0.17573
4.04	0.0285121	-0.0218825	-312.437	0.0105712	1.17111e-08	0.00261663	0.175756
4.05	0.0278519	0.00687594	-311.233	0.0105767	1.08117e-08	0.00261152	0.175782
4.06	0.0283539	0.0223178	-309.019	0.0106194	1.1176e-08	0.00261561	0.175808
4.07	0.0281891	-0.021718	-308.726	0.0103279	1.1195e-08	0.00253756	0.175834
4.08	0.0275464	0.00733563	-307.104	0.010473	1.07195e-08	0.00256692	0.17586
4.09	0.0279916	-0.0192876	-306.246	0.0100819	1.10097e-08	0.002465	0.175885
4.1	0.0272888	-0.00859079	-306.059	0.0101934	1.03265e-08	0.0024862	0.17591
4.11	0.0278803	-0.0145282	-304.221	0.00998085	1.09051e-08	0.00242843	0.175935
4.12	0.0273509	0.0287866	-302.787	0.00976588	1.02915e-08	0.00237036	0.175959
4.13	0.0271785	0.0382461	-303.177	0.00978379	9.87728e-09	0.00236896	0.175983
4.14	0.0276347	0.00479026	-301.065	0.00949643	1.05404e-08	0.00229382	0.176007
4.15	0.0273375	0.00915439	-301.333	0.00961564	1.0402e-08	0.00231702	0.17603
4.16	0.0272671	0.0304011	-299.746	0.00943543	9.85609e-09	0.00226813	0.176053
4.17	0.0272484	0.0140174	-299.031	0.00940288	1.01601e-08	0.00225489	0.176075
4.18	0.0275038	0.00357123	-298.175	0.00936442	1.02882e-08	0.00224029	0.176098
4.19	0.0268148	-0.00865357	-297.76	0.00945488	9.99091e-09	0.00225654	0.17612
4.2	0.0276554	0.0382007	-296.354	0.00954654	1.01597e-08	0.00227299	0.176143
4.21	0.0268383	0.00665059	-294.979	0.00907317	9.67075e-09	0.00215515	0.176166
4.22	0.0265116	-0.0302929	-294.194	0.00905599	9.56848e-09	0.00214597	0.176187
4.23	0.0272838	0.0122181	-293.115	0.00922139	9.85648e-09	0.00218	0.176209
4.24	0.0268571	0.0135498	-291.62	0.00880642	9.77438e-09	0.00207699	0.17623
4.25	0.0266869	9.575e-05	-291.657	0.00889219	9.59622e-09	0.00209228	0.176251
4.26	0.0269765	-0.0244847	-290.12	0.00890055	9.99311e-09	0.00208933	0.176272
4.27	0.0269024	0.0149238	-289.169	0.00877045	9.7163e-09	0.00205397	0.176293
4.28	0.02648	0.0228443	-289.423	0.00857537	9.21473e-09	0.00200359	0.176314
4.29	0.0268539	-0.0107504	-288.095	0.00870853	9.79113e-09	0.00202996	0.176334
4.3	0.0258435	-0.0178544	-287.209	0.00862258	9.03414e-09	0.00200525	0.176354
4.31	0.0264793	-0.000850436	-286.856	0.00827569	9.30821e-09	0.00192011	0.176374
4.32	0.0260779	-0.0232482	-285.305	0.0084684	9.09007e-09	0.00196028	0.176393
4.33	0.0264275	0.0102368	-284.158	0.0084645	9.20387e-09	0.00195485	0.176413
4.34	0.0261961	-0.0166182	-282.964	0.00835656	9.11617e-09	0.00192548	0.176432
4.35	0.0262785	-0.0093401	-283.51	0.00834209	9.16282e-09	0.00191772	0.176452
4.36	0.026616	0.00340404	-281.997	0.00860879	9.36775e-09	0.00197449	0.176471
4.37	0.0258813	0.00912854	-280.163	0.00820735	8.66924e-09	0.00187811	0.17649
4.38	0.0259654	-0.00394317	-280.188	0.00803953	8.85542e-09	0.00183551	0.176509
4.39	0.0260777	0.0187352	-279.561	0.00805389	8.80774e-09	0.0018346	0.176528
4.4	0.0259894	-0.0159822	-278.179	0.00782691	8.8234e-09	0.00177884	0.176546
4.41	0.0259658	0.0267495	-277.102	0.00788676	8.64901e-09	0.00178838	0.176564
4.42	0.0256089	0.000206204	-277.216	0.00770991	8.27303e-09	0.00174432	0.176582
4.43	0.0255714	0.0179096	-275.622	0.00756662	8.31229e-09	0.00170804	0.176599
4.44	0.0257245	0.00844559	-275.641	0.00777032	8.48538e-09	0.00175007	0.176616
4.45	0.0261964	-0.00064492	-275.279	0.0077572	8.71481e-09	0.00174319	0.176634
4.46	0.0259598	0.00458835	-273.81	0.00773038	8.61862e-09	0.00173327	0.176651
4.47	0.025276	-0.0266632	-272.869	0.00771381	8.37169e-09	0.00172568	0.176668
4.48	0.0256437	0.00821696	-271.983	0.00727202	8.39945e-09	0.00162322	0.176686
4.49	0.0254036	0.0125563	-271.26	0.00752931	8.20183e-09	0.00167691	0.176702
4.5	0.0254473	0.0314764	-270.557	0.00734247	7.91405e-09	0.00163166	0.176719
4.51	0.0254287	-0.0246653	-270.219	0.00747418	8.33592e-09	0.00165725	0.176735
4.52	0.0253257	0.00688393	-269.901	0.00738077	8.08446e-09	0.00163291	0.176752
4.53	0.0251017	-4.92506e-05	-268.685	0.00724732	8.07507e-09	0.00159985	0.176768
4.54	0.0254535	0.0316266	-268.338	0.00733026	7.92388e-09	0.00161459	0.176784
4.55	0.0252874	-0.00202233	-267.118	0.00729449	7.9703e-09	0.00160318	0.1768
4.56	0.0251978	0.0125155	-266.695	0.00721523	7.84247e-09	0.00158229	0.176816
4.57	0.0252336	0.0198157	-265.486	0.00717374	7.94717e-09	0.00156975	0.176832
4.58	0.0254806	0.00641192	-265.636	0.00702856	8.01315e-09	0.00153462	0.176848
4.59	0.0251793	-0.0196774	-265.066	0.00693944	7.92088e-09	0.00151186	0.176863
4.6	0.0247164	0.00451284	-263.273	0.00718103	7.51192e-09	0.00156109	0.176878
4.61	0.0248318	-0.0174473	-261.817	0.00682631	7.71602e-09	0.00148076	0.176894
4.62	0.024839	0.00203914	-261.924	0.00705111	7.57812e-09	0.00152621	0.176908
4.63	0.0254751	0.006366	-261.8	0.00699821	7.98046e-09	0.00151149	0.176924
4.64	0.0249056	-0.00314	-261.091	0.0067119	7.47354e-09	0.00144653	0.176939
4.65	0.0247134	0.00178969	-260.38	0.0067048	7.48155e-09	0.00144189	0.176953
4.66	0.0251144	0.00999703	-259.863	0.00675046	7.61305e-09	0.0014486	0.176968
4.67	0.0244981	-0.00565614	-259.635	0.00683591	7.4922e-09	0.00146379	0.176982
4.68	0.0248354	-0.0175185	-258.291	0.00665085	7.58464e-09	0.00142112	0.176997
4.69	0.0243822	0.0160222	-256.523	0.00648359	7.2291e-09	0.00138243	0.177011
4.7	0.0244636	0.00303376	-256.741	0.00652252	7.2148e-09	0.00138777	0.177025
4.71	0.0250514	0.00752676	-255.837	0.00643395	7.6008e-09	0.00136602	0.177039
4.72	0.0252143	0.0177581	-255.382	0.00619964	7.48369e-09	0.00131348	0.177052
4.73	0.0247581	0.00412436	-254.287	0.00654566	7.50344e-09	0.00138386	0.177066
4.74	0.0250948	0.00712304	-254.769	0.00625157	7.58228e-09	0.0013189	0.177079
4.75	0.0249386	0.0294675	-254.249	0.0062653	7.27608e-09	0.00131901	0.177093
4.76	0.0243019	-0.0154896	-253.431	0.00630246	7.17435e-09	0.00132405	0.177106
4.77	0.0240874	-0.0106618	-252.465	0.00623091	6.92266e-09	0.00130627	0.177119
4.78	0.0245779	0.0240472	-251.56	0.00636006	7.04895e-09	0.00133056	0.177132
4.79	0.0247075	0.0159193	-251.378	0.00633136	7.14132e-09	0.00132179	0.177145
4.8	0.0243362	0.0108637	-251.086	0.00623515	7.03316e-09	0.00129899	0.177159
4.81	0.0244547	0.000133395	-249.874	0.00605077	7.14297e-09	0.00125796	0.177172
4.82	0.0243465	0.0146773	-248.919	0.00616659	6.95257e-09	0.00127938	0.177184
4.83	0.0241808	0.00539607	-248.464	0.00597217	6.88176e-09	0.00123648	0.177197
4.84	0.0241547	0.00477334	-248.613	0.00615756	6.95673e-09	0.00127222	0.177209
4.85	0.0244498	-0.0091534	-247.36	0.00585391	7.22322e-09	0.00120699	0.177222
4.86	0.0242017	0.0269498	-247.085	0.00587767	6.68968e-09	0.0012094	0.177234
4.87	0.0237286	0.000191638	-246.663	0.00592042	6.61567e-09	0.00121569	0.177246
4.88	0.0245981	0.0344463	-245.558	0.00593776	6.86361e-09	0.00121675	0.177258
4.89	0.0244397	-0.00885536	-245.803	0.00582458	7.01734e-09	0.00119112	0.177271
4.9	0.0242259	-0.0147961	-244.506	0.00585623	6.94836e-09	0.00119515	0.177282
4.91	0.0242436	0.0254615	-243.962	0.00570887	6.71691e-09	0.0011627	0.177294
4.92	0.0235834	0.00268049	-243.075	0.00579301	6.41482e-09	0.00117744	0.177306
4.93	0.0239519	-0.013575	-242.3	0.00573883	6.87628e-09	0.00116406	0.177318
4.94	0.0236613	-0.0241601	-241.561	0.00575424	6.64798e-09	0.00116483	0.177329
4.95	0.0245275	0.0356504	-241.137	0.0057205	6.74485e-09	0.00115566	0.177341
4.96	0.023916	0.010435	-239.992	0.00561014	6.34671e-09	0.00113108	0.177353
4.97	0.0241285	0.027261	-240.397	0.00561916	6.64182e-09	0.00113062	0.177364
4.98	0.0238899	0.0133319	-239.807	0.00557305	6.60561e-09	0.00111909	0.177375
4.99	0.02354	-0.0169639	-239.226	0.00559727	6.36632e-09	0.0011217	0.177386
5	0.0235295	-0.00355739	-238.444	0.00549548	6.38428e-09	0.0010991	0.177398
5.01	0.0239674	0.0161273	-238.626	0.00554271	6.37949e-09	0.00110633	0.177409
5.02	0.023761	-0.0360765	-237.619	0.00546473	6.59449e-09	0.00108859	0.17742
5.03	0.0238487	-0.00763379	-237.315	0.00532931	6.50013e-09	0.00105951	0.177431
5.04	0.0237223	-0.00805235	-236.371	0.00550553	6.324e-09	0.00109237	0.177441
5.05	0.0236862	-0.018311	-236.319	0.00530545	6.50575e-09	0.00105058	0.177452
5.06	0.0233472	-0.0325436	-236.002	0.00536974	6.36222e-09	0.00106121	0.177463
5.07	0.02369	-0.0100507	-234.943	0.00537968	6.30822e-09	0.00106108	0.177473
5.08	0.0236861	0.00549804	-234.537	0.00528711	6.28858e-09	0.00104077	0.177484
5.09	0.0234007	0.016488	-233.32	0.00522504	6.16276e-09	0.00102653	0.177494
5.1	0.0231801	-0.000389941	-233.447	0.00516587	6.02063e-09	0.00101292	0.177505
5.11	0.0237139	0.026767	-233.708	0.00531655	6.14712e-09	0.00104042	0.177515
5.12	0.0231001	-0.0145364	-231.974	0.0052173	6.02956e-09	0.001019	0.177525
5.13	0.0232126	0.0211678	-231.134	0.00518344	5.85914e-09	0.00101042	0.177535
5.14	0.023573	-0.00458142	-230.8	0.00518179	6.2565e-09	0.00100813	0.177545
5.15	0.0233735	-0.0106459	-231.109	0.00511781	6.14759e-09	0.000993749	0.177555
5.16	0.0234309	-0.00088054	-230.218	0.00517796	6.05823e-09	0.00100348	0.177565
5.17	0.0232265	-0.00894117	-229.886	0.00517524	5.90921e-09	0.00100101	0.177575
5.18	0.0231971	-0.0085244	-228.848	0.0049807	6.01135e-09	0.000961526	0.177585
5.19	0.0231371	0.00636032	-228.521	0.0049458	5.92237e-09	0.000952949	0.177595
5.2	0.0231078	0.0119646	-228.119	0.00502567	5.77419e-09	0.000966476	0.177605
5.21	0.0229338	-0.026116	-227.222	0.00483628	5.81338e-09	0.000928269	0.177614
5.22	0.0235833	-0.0104737	-227.087	0.00489685	6.11459e-09	0.000938093	0.177624
5.23	0.0230053	-0.0188133	-226.923	0.00490959	5.81502e-09	0.000938735	0.177633
5.24	0.0231836	0.00673508	-225.639	0.00477645	5.85359e-09	0.000911536	0.177642
5.25	0.0228284	-0.00455416	-225.494	0.00479788	5.71202e-09	0.000913882	0.177651
5.26	0.0232731	0.00647132	-225.188	0.00486355	5.75569e-09	0.00092463	0.177661
5.27	0.0230509	-0.0128246	-225.025	0.00484479	5.78587e-09	0.000919315	0.17767
5.28	0.0227191	-0.0150985	-224.412	0.00472959	5.73842e-09	0.000895756	0.177679
5.29	0.0231941	0.0329805	-223.895	0.00466924	5.68812e-09	0.000882654	0.177688
5.3	0.0228563	-0.0207994	-223.464	0.00470436	5.63957e-09	0.000887614	0.177697
5.31	0.023063	0.0179829	-222.958	0.00473615	5.59424e-09	0.000891931	0.177706
5.32	0.0229785	0.009201	-221.476	0.00451134	5.69753e-09	0.000847996	0.177715
5.33	0.0227618	0.0248066	-222.104	0.00465428	5.49345e-09	0.000873224	0.177723
5.34	0.0226648	-0.00247659	-221.264	0.00459305	5.54377e-09	0.000860122	0.177732
5.35	0.0229267	-0.0151736	-221.273	0.00449144	5.67938e-09	0.000839521	0.17774
5.36	0.022988	0.0145558	-221.504	0.00451751	5.69724e-09	0.000842819	0.177749
5.37	0.0227668	-0.0153721	-219.721	0.00453384	5.54936e-09	0.00084429	0.177757
5.38	0.0225255	0.016122	-219.488	0.00450772	5.36471e-09	0.000837867	0.177766
5.39	0.0230917	0.0449191	-219.099	0.00451632	5.43879e-09	0.000837907	0.177774
5.4	0.0229823	0.00896521	-219.391	0.00444178	5.45488e-09	0.000822552	0.177782
5.41	0.0226833	0.0226083	-218.508	0.00445335	5.37803e-09	0.00082317	0.177791
5.42	0.0227016	0.0154188	-217.192	0.00446998	5.36666e-09	0.00082472	0.177799
5.43	0.0223252	0.00403533	-217.168	0.00433224	5.31783e-09	0.000797835	0.177807
5.44	0.0225636	-0.0221353	-217.505	0.00445139	5.46279e-09	0.000818271	0.177815
5.45	0.0229228	-0.0182419	-216.42	0.00436596	5.56143e-09	0.000801094	0.177823
5.46	0.022638	-0.00897475	-215.889	0.00441129	5.45636e-09	0.000807929	0.177831
5.47	0.0227661	0.00970305	-214.277	0.00424761	5.39409e-09	0.000776528	0.177839
5.48	0.0225576	-0.026083	-214.821	0.00430641	5.34746e-09	0.000785841	0.177847
5.49	0.0228643	-0.00670056	-214.251	0.00426814	5.51548e-09	0.000777438	0.177855
5.5	0.0225442	0.0240224	-214.232	0.00426215	5.11425e-09	0.000774936	0.177863
5.51	0.0230215	-0.0175475	-214.092	0.00434897	5.52541e-09	0.000789287	0.17787
5.52	0.0224792	0.0115472	-213.3	0.00417514	5.22806e-09	0.000756366	0.177878
5.53	0.0226644	0.000670178	-213.039	0.00425758	5.29783e-09	0.000769905	0.177886
5.54	0.0224022	-0.0221245	-212.808	0.00420247	5.28399e-09	0.000758569	0.177894
5.55	0.0226422	0.000175766	-211.527	0.00416468	5.29062e-09	0.000750393	0.177901
5.56	0.0222133	-0.00207539	-212.532	0.00417013	5.19236e-09	0.000750024	0.177909
5.57	0.0219853	0.00876345	-212.012	0.0041908	5.05062e-09	0.000752387	0.177916
5.58	0.022352	0.00464077	-211.065	0.00417242	5.02672e-09	0.000747746	0.177924
5.59	0.0222775	0.00293729	-210.489	0.00421956	5.10892e-09	0.00075484	0.177931
5.6	0.0226252	0.0076215	-210.961	0.00408531	5.17124e-09	0.000729521	0.177939
5.61	0.0221275	-0.00316136	-209.77	0.00403617	5.02747e-09	0.00071946	0.177946
5.62	0.0225743	0.019226	-208.903	0.00397802	5.06927e-09	0.000707833	0.177953
5.63	0.0222861	0.00396713	-208.648	0.00410068	5.04031e-09	0.000728362	0.17796
5.64	0.0225548	-0.0203	-208.492	0.00399097	5.18127e-09	0.000707618	0.177968
5.65	0.0223441	-0.0146665	-207.197	0.00395517	5.21016e-09	0.000700031	0.177975
5.66	0.0224478	-0.00147728	-207.368	0.00401412	5.03632e-09	0.000709209	0.177982
5.67	0.021984	-0.00746933	-206.884	0.0038706	4.93943e-09	0.000682645	0.177989
5.68	0.0223895	0.0121356	-206.153	0.00385618	4.99045e-09	0.000678904	0.177996
5.69	0.0222005	0.0109444	-206.308	0.00379614	4.86593e-09	0.00066716	0.178002
5.7	0.0221627	0.00564759	-205.761	0.00396173	4.94433e-09	0.00069504	0.178009
5.71	0.0220478	0.0258264	-205.183	0.00394096	4.77975e-09	0.000690186	0.178016
5.72	0.0221828	0.0105648	-205.263	0.0038489	4.87842e-09	0.000672885	0.178023
5.73	0.021918	-0.0094088	-204.193	0.0038866	4.83359e-09	0.00067829	0.17803
5.74	0.0221618	0.0226535	-204.522	0.00381188	4.78546e-09	0.00066409	0.178036
5.75	0.0218718	0.00709674	-203.908	0.00381881	4.7952e-09	0.000664142	0.178043
5.76	0.0219222	0.0120588	-203.536	0.00381641	4.72107e-09	0.000662572	0.17805
5.77	0.0220607	0.0213989	-203.667	0.00385261	4.7494e-09	0.000667697	0.178056
5.78	0.0215434	-0.0225698	-202.832	0.00381143	4.63526e-09	0.000659416	0.178063
5.79	0.0219856	-0.0308439	-202.309	0.00370494	4.83007e-09	0.000639886	0.17807
5.8	0.0222844	0.0118801	-202.164	0.00373283	4.83867e-09	0.000643591	0.178076
5.81	0.0219833	0.00138723	-201.351	0.0036693	4.75113e-09	0.000631549	0.178082
5.82	0.0220701	-0.00115113	-201.677	0.00367834	4.75704e-09	0.000632017	0.178089
5.83	0.0221379	-0.0104822	-201.118	0.00374755	4.91871e-09	0.000642805	0.178095
5.84	0.021914	0.0202805	-200.759	0.00368782	4.63645e-09	0.000631476	0.178102
5.85	0.0219175	0.00615016	-200.512	0.00363936	4.63161e-09	0.000622113	0.178108
5.86	0.0218667	-0.00980387	-199.985	0.00360123	4.72206e-09	0.000614545	0.178114
5.87	0.0214287	-0.0119468	-198.673	0.00366287	4.56827e-09	0.000623998	0.17812
5.88	0.0218872	0.017656	-199.097	0.00363017	4.56181e-09	0.000617376	0.178126
5.89	0.0218558	-0.0185533	-199.285	0.00353155	4.71695e-09	0.000599584	0.178133
5.9	0.0219904	0.0329379	-198.771	0.00355235	4.59071e-09	0.000602093	0.178139
5.91	0.022108	-0.0079206	-198.072	0.00352735	4.79439e-09	0.000596845	0.178145
5.92	0.0220369	0.000215228	-197.857	0.00347916	4.6166e-09	0.000587697	0.178151
5.93	0.021966	-0.0241621	-197.997	0.00359105	4.6557e-09	0.000605573	0.178156
5.94	0.0215873	-0.0171863	-197.159	0.00347951	4.49562e-09	0.000585777	0.178163
5.95	0.0218819	0.00462815	-196.775	0.00348962	4.60279e-09	0.00058649	0.178168
5.96	0.0215523	-0.0155007	-196.077	0.00349974	4.48081e-09	0.000587204	0.178174
5.97	0.0215305	-0.0111381	-196.043	0.00351646	4.49725e-09	0.000589021	0.17818
5.98	0.0217908	0.00171287	-195.814	0.00346829	4.5059e-09	0.000579982	0.178186
5.99	0.0212697	-0.00778214	-194.014	0.00335649	4.39187e-09	0.000560348	0.178192
6	0.0216917	-0.00300594	-194.685	0.00336425	4.49852e-09	0.000560708	0.178197
6.01	0.0214225	-0.00117811	-194.486	0.00328093	4.3559e-09	0.000545912	0.178203
6.02	0.0216914	-0.0201577	-193.582	0.00343867	4.43751e-09	0.000571208	0.178209
6.03	0.0213596	-0.00846997	-193.91	0.00341294	4.38443e-09	0.000565994	0.178214
6.04	0.0220331	0.0241859	-193.64	0.00346115	4.48084e-09	0.000573038	0.17822
6.05	0.0219785	0.0208421	-192.711	0.00333657	4.51409e-09	0.000551499	0.178226
6.06	0.0217995	-0.00741422	-193.77	0.00336471	4.46986e-09	0.000555232	0.178231
6.07	0.0215889	-0.0275216	-191.931	0.00331368	4.44966e-09	0.000545911	0.178237
6.08	0.0217549	-0.003465	-193.527	0.00342934	4.47906e-09	0.000564035	0.178242
6.09	0.0212785	-0.0370181	-191.692	0.00323652	4.37002e-09	0.000531449	0.178248
6.1	0.0216302	0.00807243	-192.563	0.00330358	4.37508e-09	0.00054157	0.178253
6.11	0.0215883	-0.0389622	-191.55	0.00326449	4.48074e-09	0.000534286	0.178259
6.12	0.021385	-0.0255587	-191.281	0.00323354	4.34577e-09	0.000528356	0.178264
6.13	0.0218104	-0.00712271	-189.772	0.00320411	4.52493e-09	0.000522693	0.178269
6.14	0.0212704	-0.041834	-190.567	0.00321429	4.32627e-09	0.0005235	0.178274
6.15	0.0216101	0.00262055	-190.019	0.00320316	4.31123e-09	0.000520839	0.17828
6.16	0.0215262	0.0267969	-189.618	0.00325545	4.1444e-09	0.000528482	0.178285
6.17	0.0214635	-0.00429496	-189.308	0.00318142	4.29371e-09	0.000515627	0.17829
6.18	0.0216563	-0.0130676	-188.942	0.00319609	4.30155e-09	0.000517167	0.178295
6.19	0.0210927	0.00270134	-188.553	0.00318475	4.16967e-09	0.0005145	0.1783
6.2	0.0210945	-0.0219321	-188.608	0.00321466	4.27903e-09	0.000518493	0.178306
6.21	0.0210559	-0.0306654	-188.295	0.00320044	4.2426e-09	0.000515368	0.178311
6.22	0.0214949	0.0330642	-187.772	0.00313559	4.13845e-09	0.000504113	0.178316
6.23	0.0212931	0.0297025	-187.317	0.00304007	4.08683e-09	0.000487973	0.178321
6.24	0.0213454	0.0100014	-186.692	0.00311606	4.14333e-09	0.000499369	0.178326
6.25	0.0214008	0.00977547	-186.318	0.0030347	4.14454e-09	0.000485552	0.178331
6.26	0.0212955	0.0110979	-186.755	0.00309737	4.11564e-09	0.000494787	0.178336
6.27	0.0211849	-0.0179385	-186.156	0.00309318	4.21566e-09	0.00049333	0.178341
6.28	0.0210936	0.00912747	-185.744	0.00298822	3.99281e-09	0.000475832	0.178346
6.29	0.0213088	-0.012828	-185.08	0.00299809	4.14794e-09	0.000476645	0.17835
6.3	0.021314	0.0169615	-185.263	0.00308064	4.03712e-09	0.000488991	0.178355
6.31	0.0213869	-0.016223	-184.984	0.00305394	4.14954e-09	0.000483985	0.17836
6.32	0.0212826	0.00223021	-184.609	0.00300011	4.1098e-09	0.0004747	0.178365
6.33	0.02091	0.00424284	-183.838	0.00294919	3.90104e-09	0.000465906	0.17837
6.34	0.02074	-0.0151855	-183.578	0.00296556	3.91004e-09	0.000467754	0.178374
6.35	0.0214283	-0.0213267	-183.568	0.0029867	4.19603e-09	0.000470347	0.178379
6.36	0.0210671	-0.0137785	-183.914	0.00294203	3.98772e-09	0.000462584	0.178384
6.37	0.0210077	-0.0151145	-183.098	0.00299177	4.09482e-09	0.000469666	0.178388
6.38	0.0208731	0.00581698	-182.581	0.00292517	3.86016e-09	0.000458491	0.178393
6.39	0.0209359	-0.0112156	-182.654	0.00298855	3.9249e-09	0.000467692	0.178398
6.4	0.0211425	-0.0114963	-182.606	0.00291312	4.05205e-09	0.000455174	0.178402
6.41	0.0211655	-0.0117264	-181.931	0.00287315	3.98662e-09	0.00044823	0.178407
6.42	0.0211897	0.0140488	-181.756	0.00289341	3.94477e-09	0.000450688	0.178411
6.43	0.0212286	0.0393678	-182.031	0.00287147	3.87418e-09	0.000446574	0.178416
6.44	0.0211045	-0.0204958	-180.95	0.00286693	3.9438e-09	0.000445175	0.17842
6.45	0.0209809	-0.0331847	-180.695	0.00290532	3.94371e-09	0.000450438	0.178425
6.46	0.0213571	0.00676587	-181.18	0.00295561	3.98782e-09	0.000457525	0.178429
6.47	0.0209622	-0.0115021	-180.612	0.00295843	3.89094e-09	0.000457253	0.178434
6.48	0.0206633	-0.016228	-178.863	0.00283352	3.86977e-09	0.000437272	0.178438
6.49	0.0209231	0.00398868	-179.3	0.00280931	3.87537e-09	0.000432868	0.178443
6.5	0.0211478	0.00902398	-179.584	0.00281899	3.84404e-09	0.000433691	0.178447
6.51	0.0206223	-0.0352497	-179.316	0.00280927	3.78573e-09	0.000431531	0.178451
6.52	0.021081	0.00890495	-178.256	0.00269231	3.81039e-09	0.00041293	0.178456
6.53	0.0209508	0.00630038	-178.471	0.00276042	3.77625e-09	0.000422729	0.17846
6.54	0.0209821	0.00668095	-178.908	0.00279734	3.79571e-09	0.000427727	0.178464
6.55	0.0211615	0.00508792	-177.856	0.00283562	3.88624e-09	0.00043292	0.178468
6.56	0.0209223	0.00227668	-177.066	0.0027276	3.75438e-09	0.000415793	0.178473
6.57	0.0210275	0.0149012	-177.045	0.00271803	3.81868e-09	0.000413704	0.178477
6.58	0.0209164	-0.0126145	-176.25	0.00267054	3.81791e-09	0.000405858	0.178481
6.59	0.0208916	-0.0113147	-177.083	0.00272131	3.79279e-09	0.000412945	0.178485
6.6	0.021041	0.00803486	-176.577	0.00265429	3.84039e-09	0.000402165	0.178489
6.61	0.0208503	0.0155262	-175.917	0.00265978	3.71197e-09	0.000402387	0.178493
6.62	0.0211326	0.00971297	-176.05	0.0027183	3.81871e-09	0.000410619	0.178497
6.63	0.0209784	0.00458824	-176.043	0.00267071	3.80175e-09	0.000402822	0.178501
6.64	0.0206606	0.000556551	-174.878	0.00267419	3.69041e-09	0.00040274	0.178505
6.65	0.0209941	-0.00383257	-174.891	0.00264955	3.74949e-09	0.000398429	0.178509
6.66	0.0205164	0.0202814	-174.406	0.00269169	3.55783e-09	0.000404157	0.178513
6.67	0.0207872	0.00268624	-174.885	0.00267189	3.72744e-09	0.000400584	0.178517
6.68	0.0209831	0.00418737	-173.963	0.00267363	3.73808e-09	0.000400245	0.178521
6.69	0.0209961	0.0232502	-173.965	0.00259238	3.69291e-09	0.000387501	0.178525
6.7	0.0208402	-0.00775493	-173.947	0.00265045	3.71391e-09	0.00039559	0.178529
6.71	0.0207065	-0.00318587	-173.221	0.00261569	3.5763e-09	0.00038982	0.178533
6.72	0.0205478	-0.00204825	-173.361	0.00266094	3.67158e-09	0.000395973	0.178537
6.73	0.0205808	0.00252715	-172.769	0.00260904	3.62983e-09	0.000387674	0.178541
6.74	0.020837	-0.0158472	-173.109	0.00260461	3.77563e-09	0.000386441	0.178545
6.75	0.020727	0.012731	-172.903	0.00261573	3.5977e-09	0.000387516	0.178549
6.76	0.0206417	-0.00971155	-172.362	0.00251687	3.60862e-09	0.000372319	0.178553
6.77	0.0209595	-0.01009	-171.046	0.00262313	3.72546e-09	0.000387463	0.178556
6.78	0.0204877	0.00682037	-171.848	0.00257702	3.62163e-09	0.000380091	0.17856
6.79	0.0203545	-0.0301089	-170.688	0.00251447	3.58672e-09	0.00037032	0.178564
6.8	0.0206486	0.0032834	-171.098	0.00255023	3.54074e-09	0.000375034	0.178568
6.81	0.0206124	-0.0202688	-171.17	0.00259238	3.59905e-09	0.000380672	0.178571
6.82	0.0206517	0.0192671	-170.694	0.00252562	3.49519e-09	0.000370326	0.178575
6.83	0.0204539	-0.0275637	-169.907	0.00243693	3.59635e-09	0.000356798	0.178579
6.84	0.020662	0.0216611	-170.374	0.00252772	3.53307e-09	0.000369549	0.178583
6.85	0.0206187	0.0164932	-169.804	0.00252711	3.54954e-09	0.000368921	0.178586
6.86	0.0206135	0.0225032	-169.895	0.00253588	3.52335e-09	0.000369662	0.17859
6.87	0.0208329	-0.00475487	-168.755	0.00244477	3.57473e-09	0.000355861	0.178594
6.88	0.0204625	-0.0123276	-168.86	0.00243081	3.50092e-09	0.000353315	0.178597
6.89	0.0206995	0.0027122	-168.483	0.00245068	3.52548e-09	0.000355686	0.178601
6.9	0.0205198	0.0115935	-168.906	0.00243116	3.43979e-09	0.000352342	0.178604
6.91	0.0204214	-0.00470614	-168.659	0.00246413	3.46988e-09	0.000356603	0.178608
6.92	0.0208191	0.00285386	-167.76	0.00242085	3.54813e-09	0.000349834	0.178611
6.93	0.0205739	0.0226789	-167.892	0.00245378	3.3877e-09	0.000354081	0.178615
6.94	0.0205046	0.0240081	-167.642	0.00248172	3.40579e-09	0.000357596	0.178618
6.95	0.0204225	0.00581444	-167.95	0.00242563	3.44506e-09	0.000349012	0.178622
6.96	0.0206799	0.0192419	-167.388	0.00239103	3.41885e-09	0.000343539	0.178625
6.97	0.0203697	0.00177539	-167.159	0.00245834	3.36577e-09	0.000352703	0.178629
6.98	0.0202685	0.00481242	-166.425	0.00234095	3.42238e-09	0.000335379	0.178632
6.99	0.0204826	-0.0228232	-166.408	0.00241658	3.48212e-09	0.000345719	0.178636
7	0.0204848	-0.00230492	-166.517	0.00235765	3.46944e-09	0.000336807	0.178639
7.01	0.0203528	-0.00485729	-165.607	0.00238508	3.43186e-09	0.000340239	0.178643
7.02	0.0203923	-0.016886	-166.21	0.00233147	3.37587e-09	0.000332118	0.178646
7.03	0.0204809	-0.00484828	-165.851	0.00228844	3.37005e-09	0.000325524	0.178649
7.04	0.0204532	-0.000758228	-165.596	0.00230548	3.41917e-09	0.000327483	0.178653
7.05	0.0202442	-0.0238098	-164.727	0.00240352	3.33558e-09	0.000340924	0.178656
7.06	0.0202522	0.00518882	-165.102	0.00226091	3.31302e-09	0.000320242	0.178659
7.07	0.020285	-0.00278009	-164.554	0.00234208	3.3165e-09	0.00033127	0.178662
7.08	0.020215	0.0277419	-164.862	0.00224911	3.25792e-09	0.000317671	0.178666
7.09	0.0202329	-0.0196334	-163.889	0.00231461	3.44034e-09	0.000326461	0.178669
7.1	0.0201989	0.00190104	-163.545	0.00228069	3.28849e-09	0.000321223	0.178672
7.11	0.0202392	-0.0087998	-163.982	0.00227835	3.31179e-09	0.000320443	0.178675
7.12	0.0202583	-0.0204072	-163.251	0.00229189	3.33756e-09	0.000321895	0.178679
7.13	0.0202696	-0.014912	-163.416	0.00229954	3.39201e-09	0.000322516	0.178682
7.14	0.0201807	-0.00255612	-163.3	0.00228991	3.27401e-09	0.000320715	0.178685
7.15	0.020336	-0.0190801	-162.86	0.0022791	3.35103e-09	0.000318755	0.178688
7.16	0.0205	0.00921508	-162.469	0.0022805	3.3375e-09	0.000318505	0.178692
7.17	0.0202959	-0.00296315	-162.215	0.00223407	3.29292e-09	0.000311586	0.178695
7.18	0.020374	-0.000511703	-161.914	0.00227716	3.26293e-09	0.000317154	0.178698
7.19	0.0204336	0.0102348	-162.498	0.00221206	3.32491e-09	0.000307658	0.178701
7.2	0.0205499	0.0120524	-161.836	0.00215787	3.33471e-09	0.000299704	0.178704
7.21	0.0199565	0.0132373	-161.107	0.00221669	3.1033e-09	0.000307446	0.178707
7.22	0.0204999	0.0032318	-161.207	0.00215835	3.33356e-09	0.000298941	0.17871
7.23	0.0199401	0.0023396	-160.977	0.0022175	3.18204e-09	0.000306708	0.178713
7.24	0.020211	0.0198034	-160.165	0.00219561	3.17278e-09	0.00030326	0.178716
7.25	0.0201345	0.0153306	-160.154	0.00216377	3.16241e-09	0.000298451	0.178719
7.26	0.0202745	0.0307529	-160.134	0.00217599	3.07795e-09	0.000299724	0.178722
7.27	0.0203352	-0.00359406	-160.276	0.00217649	3.20897e-09	0.00029938	0.178725
7.28	0.0202019	-0.00843903	-160.483	0.00212693	3.23746e-09	0.000292161	0.178728
7.29	0.0202504	-0.00992484	-159.872	0.00215457	3.28782e-09	0.000295551	0.178731
7.3	0.020414	0.0150427	-160.247	0.00215644	3.26267e-09	0.000295402	0.178734
7.31	0.0200794	-0.00412148	-158.981	0.00212152	3.14141e-09	0.000290222	0.178737
7.32	0.0203522	-0.0152997	-159.151	0.00210874	3.24989e-09	0.000288079	0.17874
7.33	0.0200454	0.0030815	-158.531	0.00212514	3.16816e-09	0.000289924	0.178743
7.34	0.0202617	-0.00614332	-158.673	0.00203812	3.18806e-09	0.000277673	0.178746
7.35	0.0199237	0.00704933	-158.719	0.00206288	3.05483e-09	0.000280664	0.178748
7.36	0.0203701	0.0324095	-158.048	0.0021415	3.14347e-09	0.000290964	0.178751
7.37	0.0202938	-0.00269596	-158.161	0.00213413	3.2025e-09	0.00028957	0.178754
7.38	0.0200194	0.00454162	-157.908	0.00203076	3.10932e-09	0.00027517	0.178757
7.39	0.0198503	0.00125694	-157.726	0.00211548	3.07763e-09	0.000286262	0.17876
7.4	0.0201343	-0.0340955	-157.416	0.00208539	3.13341e-09	0.00028181	0.178763
7.41	0.019655	-0.00691521	-157.182	0.00203	3.03171e-09	0.000273954	0.178766
7.42	0.0199738	-0.047372	-156.581	0.00205291	3.13161e-09	0.000276672	0.178768
7.43	0.0199765	-0.00794823	-156.556	0.00203745	3.11e-09	0.00027422	0.178771
7.44	0.0201455	-0.0109991	-157.319	0.00208951	3.20468e-09	0.000280848	0.178774
7.45	0.0199765	0.0246578	-155.589	0.00195615	3.04167e-09	0.000262571	0.178777
7.46	0.0201667	0.0264729	-155.881	0.00200011	3.0152e-09	0.000268111	0.178779
7.47	0.0196491	-0.0367434	-155.923	0.00203038	2.98007e-09	0.000271805	0.178782
7.48	0.0201671	-0.00732509	-156.121	0.0020243	3.15557e-09	0.000270628	0.178785
7.49	0.0202451	0.0114402	-155.384	0.00198067	3.052e-09	0.000264441	0.178787
7.5	0.0199528	-0.027567	-154.899	0.0020482	3.06713e-09	0.000273094	0.17879
7.51	0.0200158	0.0140329	-154.416	0.00200037	3.06386e-09	0.000266361	0.178793
7.52	0.0197644	-0.00148161	-154.697	0.00198751	2.98033e-09	0.000264296	0.178795
7.53	0.0200515	-0.00441039	-154.676	0.00199504	3.08273e-09	0.000264945	0.178798
7.54	0.0198902	-0.0324137	-154.65	0.00199189	3.07799e-09	0.000264177	0.178801
7.55	0.0201901	0.0187355	-154.106	0.00202156	3.01007e-09	0.000267756	0.178803
7.56	0.0197465	-0.00089859	-154.439	0.00195439	2.94904e-09	0.000258518	0.178806
7.57	0.0196333	0.0107701	-153.795	0.00198571	2.91127e-09	0.000262314	0.178809
7.58	0.0201019	-0.0308775	-153.511	0.00194684	3.07431e-09	0.000256839	0.178811
7.59	0.0200524	0.00956528	-153.326	0.00199285	2.97264e-09	0.000262563	0.178814
7.6	0.0197742	-0.00909411	-153.424	0.00192107	2.93946e-09	0.000252772	0.178816
7.61	0.0197049	-0.00180103	-152.354	0.00190985	2.88145e-09	0.000250966	0.178819
7.62	0.0202399	-0.00887456	-152.968	0.00191905	3.09749e-09	0.000251844	0.178821
7.63	0.0200698	-0.00584095	-152.428	0.001951	3.0564e-09	0.000255701	0.178824
7.64	0.0198764	-0.00424816	-152.03	0.00190597	2.92283e-09	0.000249472	0.178826
7.65	0.0198743	-0.00979996	-153.006	0.00191645	2.94365e-09	0.000250517	0.178829
7.66	0.0198918	-0.0141947	-152.257	0.00188914	2.95406e-09	0.000246623	0.178831
7.67	0.0200489	-0.00495519	-151.952	0.00189191	2.96411e-09	0.000246663	0.178834
7.68	0.0197783	-0.0047238	-151.996	0.00192802	2.90666e-09	0.000251045	0.178836
7.69	0.0197154	0.0152172	-151.22	0.00189414	2.86871e-09	0.000246312	0.178839
7.7	0.0197441	-0.0110228	-151.254	0.00189358	2.84548e-09	0.00024592	0.178841
7.71	0.0197289	-0.0321415	-150.398	0.00185021	2.92194e-09	0.000239975	0.178844
7.72	0.0198647	0.0165052	-151.341	0.00187284	2.86025e-09	0.000242596	0.178846
7.73	0.0196478	-0.0134068	-150.554	0.00186838	2.87127e-09	0.000241705	0.178849
7.74	0.0196559	0.0140195	-150.466	0.00184536	2.84206e-09	0.000238419	0.178851
7.75	0.0198024	-0.0108789	-150.688	0.00190116	2.9496e-09	0.000245312	0.178853
7.76	0.020012	0.0182251	-150.222	0.00186962	2.92436e-09	0.000240931	0.178856
7.77	0.0198194	-0.0314655	-150.066	0.00186637	2.93949e-09	0.000240202	0.178858
7.78	0.0202338	0.018992	-149.286	0.00181949	3.00832e-09	0.000233868	0.178861
7.79	0.0197566	0.0219876	-149.986	0.00186424	2.82766e-09	0.000239312	0.178863
7.8	0.0198331	0.0417702	-149.538	0.00181617	2.79035e-09	0.000232843	0.178865
7.81	0.0198144	0.0374383	-149.573	0.00184611	2.78589e-09	0.000236378	0.178868
7.82	0.0194013	0.00298146	-149.161	0.00188578	2.74475e-09	0.000241148	0.17887
7.83	0.0198382	-0.0189857	-148.625	0.00182416	2.89845e-09	0.000232971	0.178873
7.84	0.0196319	0.0274469	-149.062	0.00180912	2.76729e-09	0.000230756	0.178875
7.85	0.0199753	0.0298259	-148.524	0.00180332	2.82459e-09	0.000229723	0.178877
7.86	0.0194148	0.00325971	-148.316	0.00180459	2.70981e-09	0.000229591	0.17888
7.87	0.0195183	0.000915118	-148.459	0.00178513	2.75284e-09	0.000226827	0.178882
7.88	0.0195598	-0.0168458	-148.575	0.00182544	2.85175e-09	0.000231655	0.178884
7.89	0.0196359	0.012594	-147.574	0.00174103	2.783e-09	0.000220663	0.178886
7.9	0.0198356	0.00484751	-147.745	0.00182584	2.78282e-09	0.000231119	0.178889
7.91	0.0195168	-0.0268027	-147.081	0.0017808	2.78889e-09	0.000225133	0.178891
7.92	0.0197348	0.00291812	-147.698	0.0017926	2.81303e-09	0.000226339	0.178893
7.93	0.0194032	-0.00460914	-147.268	0.00175159	2.69441e-09	0.000220882	0.178895
7.94	0.0195129	0.00251279	-147.16	0.00177684	2.72511e-09	0.000223783	0.178898
7.95	0.0194643	-0.012744	-146.647	0.00178992	2.73656e-09	0.000225147	0.1789
7.96	0.0199059	0.0128694	-147.086	0.00176098	2.79335e-09	0.000221229	0.178902
7.97	0.0196558	-0.0023796	-146.251	0.00178751	2.76535e-09	0.00022428	0.178904
7.98	0.0196452	0.0227051	-146.665	0.00174021	2.76038e-09	0.000218071	0.178907
7.99	0.0197015	0.015336	-145.961	0.00170838	2.75559e-09	0.000213815	0.178909
8	0.01969	0.0041773	-146.481	0.00171109	2.80939e-09	0.000213887	0.178911
8.01	0.0201488	-0.0209964	-145.773	0.00175765	2.85477e-09	0.000219432	0.178913
8.02	0.0194135	-0.0304803	-145.512	0.00168365	2.74963e-09	0.000209931	0.178915
8.03	0.0200542	0.0293682	-144.762	0.0016905	2.78581e-09	0.000210523	0.178917
8.04	0.0196022	0.012085	-144.941	0.00171646	2.68156e-09	0.00021349	0.178919
8.05	0.0196461	0.0358732	-144.722	0.00171043	2.69891e-09	0.000212475	0.178922
8.06	0.0197535	0.011476	-145.06	0.00170551	2.73452e-09	0.000211601	0.178924
8.07	0.019711	-0.00926417	-144.425	0.00170175	2.75632e-09	0.000210874	0.178926
8.08	0.0194941	0.00167424	-144.176	0.0017213	2.64317e-09	0.000213032	0.178928
8.09	0.0197324	-0.00525487	-144.18	0.00168805	2.76266e-09	0.000208659	0.17893
8.1	0.0196523	0.00168519	-144.659	0.00167363	2.70568e-09	0.000206621	0.178932
8.11	0.0193008	-0.0167346	-144.17	0.00161575	2.67776e-09	0.000199229	0.178934
8.12	0.0195471	0.0201941	-144.014	0.00167081	2.61979e-09	0.000205765	0.178936
8.13	0.0196335	0.0111637	-144.231	0.00169191	2.69393e-09	0.000208108	0.178938
8.14	0.0196985	0.022265	-143.806	0.00166334	2.6218e-09	0.000204342	0.17894
8.15	0.019636	-0.0162896	-143.41	0.00165152	2.73827e-09	0.00020264	0.178942
8.16	0.0197067	0.00138454	-144.123	0.00169398	2.68169e-09	0.000207595	0.178944
8.17	0.0195706	0.0135389	-143.396	0.00165302	2.6801e-09	0.000202328	0.178946
8.18	0.019566	-0.0159515	-143.66	0.00161691	2.7072e-09	0.000197667	0.178948
8.19	0.0196467	0.0199662	-142.785	0.0016164	2.66922e-09	0.000197363	0.17895
8.2	0.019512	-0.0069601	-142.774	0.00163856	2.71449e-09	0.000199824	0.178952
8.21	0.0194512	-0.0117067	-142.042	0.00165382	2.68405e-09	0.00020144	0.178954
8.22	0.0195401	0.00542527	-142.131	0.00163057	2.6784e-09	0.000198367	0.178956
8.23	0.0193157	-0.00390944	-141.255	0.00163906	2.60314e-09	0.000199157	0.178958
8.24	0.0192799	-0.0169487	-142.282	0.00163729	2.655e-09	0.0001987	0.17896
8.25	0.0197938	0.0131816	-141.825	0.00160165	2.69596e-09	0.000194139	0.178962
8.26	0.0195214	-0.0181401	-141.322	0.00162238	2.64256e-09	0.000196414	0.178964
8.27	0.0194397	-0.0197157	-141.836	0.00160931	2.60563e-09	0.000194596	0.178966
8.28	0.0193016	-0.00420257	-141.253	0.00162561	2.5798e-09	0.00019633	0.178968
8.29	0.0194716	-0.00298861	-141.282	0.00162189	2.58701e-09	0.000195645	0.17897
8.3	0.0193208	0.0168613	-141.031	0.00159379	2.54653e-09	0.000192023	0.178972
8.31	0.0193768	-0.00514706	-141.312	0.00160848	2.65757e-09	0.00019356	0.178974
8.32	0.019241	-0.0166341	-140.239	0.00154217	2.55684e-09	0.000185357	0.178976
8.33	0.0194319	0.00833155	-140.465	0.00157955	2.5557e-09	0.000189622	0.178978
8.34	0.0192715	-0.0243648	-139.943	0.00156207	2.60604e-09	0.000187298	0.17898
8.35	0.0193475	0.00991574	-139.792	0.00156621	2.5228e-09	0.00018757	0.178982
8.36	0.0193843	-0.034965	-140.141	0.00157977	2.61813e-09	0.000188968	0.178984
8.37	0.0192363	-0.0306963	-140.426	0.00156668	2.53476e-09	0.000187178	0.178985
8.38	0.0195183	0.0264049	-140.059	0.0015318	2.54987e-09	0.000182792	0.178987
8.39	0.019651	0.00191769	-139.006	0.00158746	2.62029e-09	0.000189209	0.178989
8.4	0.0195345	-0.00439304	-139.472	0.00155504	2.60807e-09	0.000185123	0.178991
8.41	0.0192414	0.010861	-138.971	0.00150734	2.50851e-09	0.000179231	0.178993
8.42	0.0192762	-0.0151282	-138.921	0.00155154	2.52449e-09	0.000184268	0.178995
8.43	0.0193375	-0.0140368	-138.959	0.00153649	2.55235e-09	0.000182265	0.178997
8.44	0.019078	-0.0141087	-138.354	0.00155618	2.46204e-09	0.000184381	0.178998
8.45	0.0192283	0.0124105	-138.503	0.00152186	2.47063e-09	0.000180102	0.179
8.46	0.0192909	-0.0109942	-138.714	0.00153317	2.51796e-09	0.000181226	0.179002
8.47	0.0191776	-0.0376212	-138.602	0.00149957	2.53389e-09	0.000177045	0.179004
8.48	0.0194172	-0.0111541	-138.624	0.00154801	2.51491e-09	0.000182549	0.179006
8.49	0.0194846	0.0106414	-137.395	0.00154451	2.49232e-09	0.000181921	0.179007
8.5	0.019214	0.00901596	-137.439	0.00149794	2.46799e-09	0.000176229	0.179009
8.51	0.0194456	-0.0209587	-137.665	0.00152794	2.56121e-09	0.000179546	0.179011
8.52	0.0192843	0.0146585	-137.729	0.00154552	2.44985e-09	0.000181399	0.179013
8.53	0.0192841	-0.00607451	-137.176	0.00150185	2.51792e-09	0.000176066	0.179015
8.54	0.0194211	0.00961867	-137.014	0.00147679	2.474e-09	0.000172926	0.179016
8.55	0.0194715	-0.00951836	-137.1	0.00150951	2.56379e-09	0.000176551	0.179018
8.56	0.0192586	-0.00610902	-136.925	0.00148485	2.45174e-09	0.000173464	0.17902
8.57	0.0192488	-0.00840654	-136.986	0.0014958	2.46173e-09	0.000174539	0.179022
8.58	0.019637	0.020508	-136.605	0.00146963	2.46475e-09	0.000171285	0.179023
8.59	0.0192062	-0.00423015	-136.907	0.00148599	2.45567e-09	0.000172991	0.179025
8.6	0.0191154	-0.00574915	-136.337	0.00145952	2.45994e-09	0.000169712	0.179027
8.61	0.0190524	-0.00809313	-136.512	0.00146124	2.48197e-09	0.000169714	0.179028
8.62	0.0193434	0.0102843	-136.318	0.00145009	2.45646e-09	0.000168224	0.17903
8.63	0.018891	0.0155727	-136.131	0.00151632	2.33908e-09	0.000175703	0.179032
8.64	0.0192684	-0.00645938	-135.505	0.001457	2.44387e-09	0.000168634	0.179034
8.65	0.0191938	0.0178715	-135.501	0.00147567	2.43638e-09	0.000170598	0.179035
8.66	0.0193704	-0.0036128	-135.39	0.00145495	2.4547e-09	0.000168009	0.179037
8.67	0.0189967	0.013103	-134.95	0.00146348	2.34961e-09	0.000168798	0.179039
8.68	0.0188671	-0.0281959	-135.158	0.00146397	2.39516e-09	0.00016866	0.17904
8.69	0.0188437	-0.00857621	-134.823	0.00144182	2.3428e-09	0.000165917	0.179042
8.7	0.0191988	-0.0234656	-134.887	0.00142196	2.42338e-09	0.000163444	0.179044
8.71	0.019012	0.0126198	-134.266	0.00144088	2.37977e-09	0.000165428	0.179045
8.72	0.0193495	0.00295087	-134.105	0.00142738	2.49666e-09	0.00016369	0.179047
8.73	0.0191844	0.00703128	-134.706	0.00144552	2.4097e-09	0.000165581	0.179049
8.74	0.0192934	0.0210763	-134.181	0.00141968	2.43148e-09	0.000162435	0.17905
8.75	0.0189396	-0.00355406	-134.027	0.00142461	2.37725e-09	0.000162812	0.179052
8.76	0.0188953	0.014684	-134.17	0.00143074	2.34464e-09	0.000163327	0.179054
8.77	0.0190106	-0.0243429	-134.699	0.00142377	2.35494e-09	0.000162345	0.179055
8.78	0.018949	-0.00551463	-133.355	0.00145136	2.38731e-09	0.000165303	0.179057
8.79	0.0194031	0.0218208	-133.531	0.00138267	2.40188e-09	0.000157301	0.179058
8.8	0.0189566	-0.000308524	-133.648	0.00136845	2.38215e-09	0.000155506	0.17906
8.81	0.0192138	0.0243469	-133.345	0.00140689	2.35378e-09	0.000159693	0.179062
8.82	0.0190774	-0.00726447	-133.456	0.00138848	2.39202e-09	0.000157424	0.179063
8.83	0.0191309	-0.0238508	-133.268	0.00137286	2.391e-09	0.000155476	0.179065
8.84	0.0191059	0.0265171	-132.485	0.00139666	2.3379e-09	0.000157994	0.179066
8.85	0.018961	0.0211187	-132.675	0.00138199	2.33104e-09	0.000156157	0.179068
8.86	0.0192465	0.0244342	-132.646	0.00138636	2.35749e-09	0.000156474	0.179069
8.87	0.0192606	0.0222744	-133.375	0.00137818	2.32977e-09	0.000155376	0.179071
8.88	0.0191878	0.0159841	-132.188	0.0013774	2.32774e-09	0.000155113	0.179073
8.89	0.0195283	0.016381	-131.974	0.00137601	2.4381e-09	0.000154782	0.179074
8.9	0.0189064	-0.00226819	-131.936	0.00134129	2.28682e-09	0.000150707	0.179076
8.91	0.0190465	-0.00494099	-131.4	0.00136171	2.30813e-09	0.000152829	0.179077
8.92	0.0188179	-0.0178202	-131.618	0.0013687	2.31364e-09	0.000153442	0.179079
8.93	0.0194593	0.0264517	-131.48	0.0013372	2.39135e-09	0.000149743	0.17908
8.94	0.0189727	-0.0351803	-132.132	0.00139498	2.36547e-09	0.000156039	0.179082
8.95	0.0194761	0.0177279	-131.195	0.00134508	2.37671e-09	0.000150288	0.179083
8.96	0.0192033	-0.0177634	-131.243	0.00137235	2.37581e-09	0.000153164	0.179085
8.97	0.0190326	0.00617897	-130.797	0.00133695	2.29126e-09	0.000149047	0.179086
8.98	0.01918	0.0217457	-131.043	0.00133789	2.31029e-09	0.000148986	0.179088
8.99	0.0190867	-0.0107711	-130.777	0.00132372	2.33691e-09	0.000147243	0.179089
9	0.0189645	-0.00557098	-131.094	0.00137283	2.3229e-09	0.000152537	0.179091
9.01	0.0188931	-0.00257836	-130.051	0.00134698	2.24487e-09	0.000149499	0.179092
9.02	0.0193611	0.0355514	-130.726	0.00132687	2.29384e-09	0.000147103	0.179094
9.03	0.0187066	-0.0399603	-130.947	0.00131843	2.27694e-09	0.000146006	0.179095
9.04	0.0190996	-0.0100006	-129.39	0.00131035	2.27194e-09	0.00014495	0.179097
9.05	0.0188448	0.0203304	-129.596	0.00130769	2.21575e-09	0.000144496	0.179098
9.06	0.0191014	-0.0277588	-130.304	0.0013502	2.31563e-09	0.000149028	0.1791
9.07	0.0191472	0.0147195	-129.802	0.00129262	2.28385e-09	0.000142516	0.179101
9.08	0.0192403	0.00792774	-129.772	0.00132245	2.31929e-09	0.000145644	0.179103
9.09	0.0190871	0.0281129	-129.311	0.00128577	2.25255e-09	0.000141449	0.179104
9.1	0.0189302	0.00167094	-129.47	0.00130585	2.24347e-09	0.0001435	0.179105
9.11	0.0188587	0.0083297	-128.859	0.00127962	2.20292e-09	0.000140463	0.179107
9.12	0.0188734	-0.00217389	-129.789	0.00131872	2.21477e-09	0.000144596	0.179108
9.13	0.0190195	-0.00920207	-129.065	0.0012857	2.27061e-09	0.000140822	0.17911
9.14	0.0190356	-0.0117467	-129.059	0.0012862	2.2668e-09	0.000140722	0.179111
9.15	0.0190275	-0.00724367	-128.597	0.00127091	2.26805e-09	0.000138897	0.179113
9.16	0.0190097	0.00846719	-128.316	0.00130793	2.22873e-09	0.000142787	0.179114
9.17	0.0189033	0.0011627	-128.325	0.00125161	2.23459e-09	0.00013649	0.179115
9.18	0.0190376	0.00982723	-128.618	0.00125077	2.20216e-09	0.000136249	0.179117
9.19	0.0189158	-0.00348888	-128.438	0.00129869	2.23231e-09	0.000141316	0.179118
9.2	0.0191137	0.00691205	-128.287	0.00127088	2.26991e-09	0.000138139	0.179119
9.21	0.019177	-0.0069384	-128.019	0.00130172	2.29678e-09	0.000141337	0.179121
9.22	0.0189731	0.0170116	-128.306	0.00127946	2.21191e-09	0.00013877	0.179122
9.23	0.0190454	0.00242742	-127.447	0.00126896	2.20877e-09	0.000137482	0.179124
9.24	0.0188202	-0.00365644	-127.387	0.00123045	2.21123e-09	0.000133165	0.179125
9.25	0.0191545	-0.00521411	-127.425	0.0012923	2.28649e-09	0.000139708	0.179126
9.26	0.0188667	0.00890133	-127.085	0.00125642	2.1888e-09	0.000135682	0.179128
9.27	0.0190686	0.0158939	-127.454	0.00123995	2.21766e-09	0.000133759	0.179129
9.28	0.0191113	0.0197786	-126.559	0.00125731	2.2235e-09	0.000135486	0.17913
9.29	0.0188539	-0.00114608	-127.15	0.00123007	2.15573e-09	0.000132408	0.179132
9.3	0.0189468	-0.00711626	-126.103	0.00124361	2.21552e-09	0.000133721	0.179133
9.31	0.0189251	-0.000768699	-127.229	0.00124293	2.17245e-09	0.000133504	0.179134
9.32	0.0190991	0.0073726	-127.004	0.00122368	2.25267e-09	0.000131296	0.179136
9.33	0.0188654	0.00451201	-126.365	0.00123258	2.17263e-09	0.000132109	0.179137
9.34	0.0189255	-0.00184577	-126.568	0.00123173	2.19222e-09	0.000131877	0.179138
9.35	0.0190549	0.0231957	-126.088	0.00121454	2.18129e-09	0.000129897	0.17914
9.36	0.0187698	-0.00580856	-125.681	0.00122142	2.11176e-09	0.000130494	0.179141
9.37	0.0189707	0.00687607	-125.619	0.00123087	2.16194e-09	0.000131363	0.179142
9.38	0.0188165	0.0186884	-125.421	0.00121817	2.12435e-09	0.000129869	0.179144
9.39	0.018912	-0.0182595	-125.637	0.00124036	2.21668e-09	0.000132093	0.179145
9.4	0.018953	-0.0263484	-125.353	0.0011884	2.22633e-09	0.000126426	0.179146
9.41	0.0191177	0.0116014	-125.386	0.00120005	2.17773e-09	0.00012753	0.179148
9.42	0.0189319	-0.0189568	-125.163	0.00120344	2.20133e-09	0.000127754	0.179149
9.43	0.0191441	0.028506	-124.917	0.00119505	2.1807e-09	0.000126728	0.17915
9.44	0.0186555	0.000124658	-124.624	0.00121813	2.12139e-09	0.00012904	0.179151
9.45	0.0188675	-0.0157582	-124.347	0.00116996	2.15611e-09	0.000123805	0.179153
9.46	0.018685	-0.0136532	-124.298	0.00120878	2.12721e-09	0.000127778	0.179154
9.47	0.0187381	-0.000590763	-124.542	0.00120016	2.07715e-09	0.000126733	0.179155
9.48	0.0187632	-0.0351757	-124.578	0.00118749	2.16301e-09	0.000125262	0.179156
9.49	0.0189433	0.0121614	-124.465	0.00117805	2.14095e-09	0.000124136	0.179158
9.5	0.0188744	-0.000656803	-124.656	0.0012186	2.1471e-09	0.000128273	0.179159
9.51	0.0188755	0.0317696	-124.337	0.0012079	2.06306e-09	0.000127014	0.17916
9.52	0.018688	-0.00159164	-124.315	0.00116866	2.13065e-09	0.000122759	0.179161
9.53	0.0186527	-0.0224322	-123.311	0.00117895	2.08992e-09	0.000123709	0.179163
9.54	0.0188147	0.018438	-123.609	0.001168	2.08712e-09	0.000122432	0.179164
9.55	0.0186266	-0.0426707	-124.621	0.00116058	2.13576e-09	0.000121527	0.179165
9.56	0.0188404	0.0210205	-123.542	0.00117003	2.0803e-09	0.000122388	0.179166
9.57	0.0188292	-0.0203316	-123.048	0.0011703	2.14138e-09	0.000122288	0.179168
9.58	0.0187694	0.00232687	-123.035	0.00115312	2.07639e-09	0.000120367	0.179169
9.59	0.0187566	0.00744531	-123.227	0.00117703	2.06599e-09	0.000122735	0.17917
9.6	0.0189015	0.0257808	-122.927	0.00116565	2.08938e-09	0.000121422	0.179171
9.61	0.0187275	0.00311607	-122.925	0.00114939	2.07806e-09	0.000119604	0.179172
9.62	0.0186826	0.00527035	-122.754	0.00115753	2.03682e-09	0.000120325	0.179174
9.63	0.0186865	0.00169375	-123.04	0.00116609	2.05016e-09	0.000121089	0.179175
9.64	0.01896	0.00338022	-121.79	0.00115492	2.11374e-09	0.000119805	0.179176
9.65	0.0187005	0.0159142	-122.339	0.00114909	2.04606e-09	0.000119077	0.179177
9.66	0.018805	0.0337006	-122.601	0.0011467	2.06854e-09	0.000118706	0.179178
9.67	0.0184353	0.00790719	-121.963	0.00113286	2.00516e-09	0.000117152	0.17918
9.68	0.0190345	0.0469498	-122.273	0.00114619	2.0258e-09	0.000118408	0.179181
9.69	0.0189166	0.0110194	-122.07	0.0011427	2.1125e-09	0.000117926	0.179182
9.7	0.0187669	-0.00615768	-122.284	0.001143	2.06993e-09	0.000117835	0.179183
9.71	0.0189723	0.00115713	-121.872	0.00111605	2.09486e-09	0.000114938	0.179184
9.72	0.0187316	-0.00450307	-121.931	0.00112271	2.09295e-09	0.000115505	0.179186
9.73	0.0186613	-0.0085941	-121.741	0.00112442	2.03477e-09	0.000115562	0.179187
9.74	0.0186201	0.015894	-121.683	0.00113607	1.98191e-09	0.00011664	0.179188
9.75	0.0185985	-0.011028	-121.158	0.00109552	2.00414e-09	0.000112361	0.179189
9.76	0.0188901	0.0203394	-121.442	0.00111806	2.04892e-09	0.000114556	0.17919
9.77	0.0187495	0.0142697	-121.165	0.0011126	2.01915e-09	0.000113879	0.179191
9.78	0.0188103	0.0364527	-120.878	0.00115922	2.03099e-09	0.00011853	0.179192
9.79	0.0188857	-0.0292501	-121.028	0.00114191	2.14868e-09	0.00011664	0.179194
9.8	0.0187969	0.0191188	-120.713	0.00110064	2.02016e-09	0.000112311	0.179195
9.81	0.0186648	0.0172181	-120.631	0.00111648	2.05805e-09	0.000113811	0.179196
9.82	0.0187687	0.0205898	-120.058	0.00110682	2.04327e-09	0.000112711	0.179197
9.83	0.0191552	0.0167557	-120.332	0.00106596	2.09279e-09	0.000108439	0.179198
9.84	0.0185542	-0.0175573	-120.876	0.00109109	2.00487e-09	0.000110883	0.179199
9.85	0.0189312	0.000368392	-120.7	0.00110762	2.07921e-09	0.000112449	0.1792
9.86	0.0186679	0.0218545	-120.555	0.00108172	1.95577e-09	0.000109708	0.179201
9.87	0.0186477	-0.0090409	-120.426	0.00109438	2.02091e-09	0.000110879	0.179203
9.88	0.0186333	0.0263947	-120.182	0.00108422	1.95095e-09	0.000109739	0.179204
9.89	0.0187735	0.0259874	-120.631	0.00107548	1.98538e-09	0.000108744	0.179205
9.9	0.0187772	-0.0392646	-119.812	0.00108477	2.07166e-09	0.000109573	0.179206
9.91	0.0185458	0.0252509	-119.832	0.00109979	1.96921e-09	0.000110978	0.179207
9.92	0.0186603	0.0119953	-119.124	0.00107081	1.97535e-09	0.000107945	0.179208
9.93	0.0188424	0.0275158	-119.46	0.00105151	1.97537e-09	0.000105892	0.179209
9.94	0.0185628	-0.00392855	-119.183	0.00106186	2.00718e-09	0.000106827	0.17921
9.95	0.0182262	-0.0283099	-118.929	0.001034	1.97396e-09	0.000103919	0.179211
9.96	0.0189674	0.0491037	-118.558	0.00107863	1.96627e-09	0.000108296	0.179212
9.97	0.0184387	0.00114985	-118.993	0.00106699	1.98819e-09	0.00010702	0.179213
9.98	0.0187799	-0.017691	-119.111	0.00109294	2.02556e-09	0.000109513	0.179214
9.99	0.0187421	0.0326077	-118.808	0.00105953	1.97376e-09	0.000106059	0.179216
10	0.018465	0.0269297	-118.651	0.00105167	1.90414e-09	0.000105167	0.179217
