0.01	1	0.666667	-15552	0	0	0	0
0.02	1	0.666667	-15552	0	0	0	0
0.03	1	0.666667	-15552	0	0	0	0
0.04	1	0.666667	-15552	0	0	0	0
0.05	1	0.666667	-15552	0	0	0	0
0.06	1	0.666667	-15552	0	0	0	0
0.07	1	0.666667	-15552	0	0	0	0
0.08	1	0.666667	-15552	0	0	0	0
0.09	1	0.666667	-15552	0	0	0	0
0.1	1	0.666667	-15552	0	0	0	0
0.11	1	0.666667	-15552	0	0	0	0
0.12	1	0.666667	-15552	0	0	0	0
0.13	1	0.666667	-15552	0	0	0	0
0.14	1	0.666667	-15552	0	0	0	0
0.15	1	0.666667	-15552	0	0	0	0
0.16	1	0.666667	-15552	0	0	0	0
0.17	1	0.666667	-15552	0	0	0	0
0.18	1	0.666667	-15552	0	0	0	0
0.19	1	0.666667	-15552	0	0	0	0
0.2	1	0.666667	-15552	0	0	0	0
0.21	1	0.666667	-15552	0	0	0	0
0.22	1	0.666667	-15552	0	0	0	0
0.23	1	0.666667	-15552	0	0	0	0
0.24	1	0.666667	-15552	0	0	0	0
0.25	1	0.666667	-15552	0	0	0	0
0.26	1	0.666667	-15552	0	0	0	0
0.27	1	0.666667	-15552	0	0	0	0
0.28	1	0.666667	-15552	0	0	0	0
0.29	1	0.666667	-15552	0	0	0	0
0.3	1	0.666667	-15552	0	0	0	0
0.31	1	0.666667	-15552	3.7457e-06	1.20019e-15	1.20829e-05	0
0.32	1	0.666667	-15552	3.51525e-06	1.16268e-15	1.09851e-05	1.20829e-07
0.33	1	0.666667	-15552	3.30543e-06	1.12745e-15	1.00165e-05	2.3068e-07
0.34	1	0.666667	-15552	2.80025e-05	9.84092e-15	8.23602e-05	3.30845e-07
0.35	1	0.666667	-15552	5.87639e-06	2.12592e-15	1.67897e-05	1.15445e-06
0.36	1	0.666667	-15552	2.77748e-06	1.03349e-15	7.71522e-06	1.32234e-06
0.37	1	0.666667	-15552	2.88944e-05	1.10503e-14	7.8093e-05	1.3995e-06
0.38	1	0.666667	-15552	2.49058e-05	9.78255e-15	6.55416e-05	2.18043e-06
0.39	0.999999	0.666667	-15552	7.78488e-05	3.13817e-14	0.000199612	2.83584e-06
0.4	1	0.666667	-15552	4.04271e-05	1.67147e-14	0.000101068	4.83196e-06
0.41	0.999999	0.666667	-15552	9.80596e-05	4.15564e-14	0.00023917	5.84264e-06
0.42	0.999999	0.666667	-15552	0.00015131	6.59747e-14	0.000360262	8.23434e-06
0.43	0.999998	0.666667	-15551.9	0.00016378	7.293e-14	0.000380884	1.1837e-05
0.44	0.999998	0.666667	-15551.9	0.000198967	9.04889e-14	0.000452198	1.56458e-05
0.45	0.999997	0.666667	-15551.9	0.000289213	1.35041e-13	0.000642696	2.01678e-05
0.46	0.999996	0.666667	-15551.9	0.000327188	1.55567e-13	0.000711277	2.65947e-05
0.47	0.999993	0.666667	-15551.8	0.000549629	2.6762e-13	0.00116942	3.37075e-05
0.48	0.999993	0.666667	-15551.8	0.000539544	2.68642e-13	0.00112405	4.54017e-05
0.49	0.999991	0.666667	-15551.7	0.00070315	3.56704e-13	0.001435	5.66423e-05
0.5	0.999987	0.666667	-15551.6	0.000973586	5.05037e-13	0.00194717	7.09923e-05
0.51	0.999985	0.666667	-15551.5	0.00107385	5.67801e-13	0.00210558	9.0464e-05
0.52	0.999982	0.666667	-15551.4	0.00128581	6.92235e-13	0.00247271	0.00011152
0.53	0.999976	0.666667	-15551.3	0.00154958	8.51271e-13	0.00292374	0.000136247
0.54	0.99997	0.666667	-15551.1	0.00192637	1.08088e-12	0.00356735	0.000165484
0.55	0.999964	0.666667	-15550.9	0.00224131	1.28024e-12	0.0040751	0.000201158
0.56	0.999961	0.666667	-15550.8	0.00230694	1.34006e-12	0.00411954	0.000241909
0.57	0.999945	0.666667	-15550.3	0.00313275	1.85574e-12	0.00549606	0.000283104
0.58	0.999934	0.666667	-15549.9	0.00360627	2.17245e-12	0.00621771	0.000338065
0.59	0.999924	0.666667	-15549.6	0.00403944	2.47279e-12	0.0068465	0.000400242
0.6	0.999909	0.666667	-15549.2	0.00448531	2.79699e-12	0.00747552	0.000468707
0.61	0.999892	0.666667	-15548.7	0.00547816	3.47527e-12	0.00898058	0.000543462
0.62	0.999876	0.666667	-15548.2	0.00606695	3.90802e-12	0.00978541	0.000633268
0.63	0.999859	0.666667	-15547.6	0.00640705	4.19981e-12	0.0101699	0.000731122
0.64	0.999827	0.666667	-15546.6	0.00778763	5.18274e-12	0.0121682	0.000832821
0.65	0.999799	0.666667	-15545.8	0.00892258	6.023e-12	0.0137271	0.000954503
0.66	0.999774	0.666667	-15545	0.00977525	6.71375e-12	0.014811	0.00109177
0.67	0.99974	0.666667	-15543.9	0.0107334	7.49058e-12	0.0160199	0.00123988
0.68	0.999705	0.666667	-15542.9	0.0121466	8.59866e-12	0.0178627	0.00140008
0.69	0.999658	0.666667	-15541.4	0.0134111	9.63716e-12	0.0194364	0.00157871
0.7	0.999618	0.666667	-15540.1	0.0146278	1.06561e-11	0.0208969	0.00177307
0.71	0.999572	0.666667	-15538.7	0.0159049	1.17664e-11	0.0224012	0.00198204
0.72	0.999515	0.666667	-15537	0.0176949	1.32855e-11	0.0245763	0.00220606
0.73	0.99946	0.666667	-15535.3	0.0187577	1.42773e-11	0.0256955	0.00245182
0.74	0.99939	0.666667	-15533.1	0.0205524	1.58697e-11	0.0277736	0.00270877
0.75	0.99932	0.666666	-15530.9	0.0226788	1.77354e-11	0.0302384	0.00298651
0.76	0.999242	0.666666	-15528.5	0.0238512	1.89299e-11	0.0313832	0.00328889
0.77	0.999164	0.666666	-15526.1	0.0264615	2.12958e-11	0.0343655	0.00360272
0.78	0.999067	0.666666	-15523.1	0.0286516	2.33749e-11	0.0367328	0.00394638
0.79	0.99898	0.666666	-15520.4	0.0311271	2.56917e-11	0.0394013	0.00431371
0.8	0.998866	0.666666	-15516.9	0.0337732	2.82725e-11	0.0422165	0.00470772
0.81	0.998757	0.666666	-15513.5	0.0353248	2.9977e-11	0.0436109	0.00512989
0.82	0.998645	0.666666	-15510	0.0380697	3.26995e-11	0.0464265	0.005566
0.83	0.998521	0.666666	-15506.2	0.0407509	3.54819e-11	0.0490975	0.00603026
0.84	0.998387	0.666666	-15502.1	0.0423206	3.73285e-11	0.0503816	0.00652124
0.85	0.998227	0.666666	-15497.1	0.0465273	4.1486e-11	0.0547381	0.00702505
0.86	0.998071	0.666666	-15492.3	0.0496387	4.49321e-11	0.0577194	0.00757243
0.87	0.997928	0.666666	-15487.9	0.0531295	4.86687e-11	0.0610684	0.00814963
0.88	0.997741	0.666666	-15482.1	0.0545986	5.05972e-11	0.0620439	0.00876031
0.89	0.997574	0.666666	-15477	0.058469	5.4789e-11	0.0656955	0.00938075
0.9	0.99736	0.666666	-15470.4	0.058998	5.59381e-11	0.0655533	0.0100377
0.91	0.997153	0.666666	-15464	0.0651043	6.2581e-11	0.0715432	0.0106932
0.92	0.996964	0.666666	-15458.2	0.0674244	6.55439e-11	0.0732874	0.0114087
0.93	0.996745	0.666666	-15451.5	0.071966	7.06726e-11	0.0773828	0.0121415
0.94	0.99647	0.666666	-15443	0.0759033	7.54838e-11	0.0807482	0.0129154
0.95	0.996255	0.666666	-15436.4	0.0777607	7.81925e-11	0.0818534	0.0137229
0.96	0.995973	0.666666	-15427.8	0.0833841	8.50303e-11	0.0868585	0.0145414
0.97	0.995667	0.666665	-15418.4	0.0874015	9.00562e-11	0.0901046	0.01541
0.98	0.995402	0.666665	-15410.2	0.0927883	9.68009e-11	0.094682	0.016311
0.99	0.995122	0.666665	-15401.6	0.0983994	1.03695e-10	0.0993933	0.0172578
1	0.994788	0.666665	-15391.4	0.0992532	1.06068e-10	0.0992532	0.0182518
1.01	0.994452	0.666665	-15381.1	0.108057	1.16464e-10	0.106987	0.0192443
1.02	0.994099	0.666665	-15370.3	0.105286	1.14829e-10	0.103222	0.0203142
1.03	0.99373	0.666665	-15359	0.11067	1.22208e-10	0.107447	0.0213464
1.04	0.993357	0.666665	-15347.7	0.117526	1.31229e-10	0.113006	0.0224209
1.05	0.99294	0.666665	-15334.9	0.126059	1.42285e-10	0.120056	0.0235509
1.06	0.992531	0.666665	-15322.4	0.12674	1.44946e-10	0.119566	0.0247515
1.07	0.992148	0.666665	-15310.7	0.12928	1.49249e-10	0.120822	0.0259471
1.08	0.991667	0.666664	-15296.1	0.139617	1.62921e-10	0.129275	0.0271554
1.09	0.991263	0.666664	-15283.8	0.143726	1.69506e-10	0.131859	0.0284481
1.1	0.990729	0.666664	-15267.6	0.150987	1.80173e-10	0.137261	0.0297667
1.11	0.990235	0.666664	-15252.6	0.149509	1.80486e-10	0.134693	0.0311393
1.12	0.98973	0.666664	-15237.3	0.155999	1.90392e-10	0.139284	0.0324862
1.13	0.989265	0.666664	-15223.2	0.165498	2.04247e-10	0.146458	0.0338791
1.14	0.988721	0.666663	-15206.7	0.168995	2.11251e-10	0.148242	0.0353437
1.15	0.988059	0.666663	-15186.7	0.174796	2.20452e-10	0.151997	0.0368261
1.16	0.987545	0.666663	-15171.2	0.177261	2.25976e-10	0.152811	0.038346
1.17	0.986859	0.666663	-15150.5	0.178716	2.30365e-10	0.152749	0.0398741
1.18	0.986271	0.666663	-15132.7	0.194612	2.53929e-10	0.164925	0.0414016
1.19	0.985655	0.666662	-15114.2	0.195998	2.58421e-10	0.164704	0.0430509
1.2	0.984945	0.666662	-15092.9	0.201718	2.6926e-10	0.168099	0.0446979
1.21	0.984272	0.666662	-15072.6	0.207965	2.80693e-10	0.171872	0.0463789
1.22	0.983531	0.666662	-15050.4	0.213131	2.90312e-10	0.174697	0.0480976
1.23	0.982863	0.666661	-15030.5	0.222714	3.07055e-10	0.181068	0.0498446
1.24	0.982046	0.666661	-15006	0.226314	3.14738e-10	0.182511	0.0516553
1.25	0.981302	0.666661	-14983.7	0.237959	3.35228e-10	0.190367	0.0534804
1.26	0.980555	0.666661	-14961.4	0.237936	3.37661e-10	0.188838	0.0553841
1.27	0.979694	0.66666	-14935.9	0.256014	3.68633e-10	0.201586	0.0572724
1.28	0.978791	0.66666	-14908.9	0.256361	3.73311e-10	0.200282	0.0592883
1.29	0.978039	0.66666	-14886.5	0.265447	3.9014e-10	0.205773	0.0612911
1.3	0.977134	0.66666	-14859.8	0.260365	3.86007e-10	0.200281	0.0633489
1.31	0.976179	0.666659	-14831.5	0.271168	4.07591e-10	0.206998	0.0653517
1.32	0.975157	0.666659	-14801.4	0.272542	4.14153e-10	0.206471	0.0674216
1.33	0.974268	0.666659	-14775.1	0.282407	4.33554e-10	0.212336	0.0694864
1.34	0.973209	0.666658	-14743.9	0.296264	4.6002e-10	0.221092	0.0716097
1.35	0.972289	0.666658	-14716.8	0.292255	4.59356e-10	0.216485	0.0738206
1.36	0.971211	0.666657	-14685.1	0.313076	4.98827e-10	0.230203	0.0759855
1.37	0.970196	0.666657	-14655.3	0.323327	5.20015e-10	0.236005	0.0782875
1.38	0.969071	0.666657	-14622.5	0.307949	5.00597e-10	0.223152	0.0806476
1.39	0.967968	0.666656	-14590.3	0.333882	5.48506e-10	0.240203	0.0828791
1.4	0.966778	0.666656	-14555.6	0.326836	5.43434e-10	0.233454	0.0852811
1.41	0.96571	0.666655	-14524.5	0.350609	5.87771e-10	0.248659	0.0876157
1.42	0.964381	0.666654	-14485.9	0.353043	5.98811e-10	0.248622	0.0901022
1.43	0.963144	0.666654	-14450.2	0.356766	6.1419e-10	0.249487	0.0925885
1.44	0.961908	0.666654	-14414.5	0.364443	6.31284e-10	0.253086	0.0950833
1.45	0.960677	0.666653	-14378.7	0.364905	6.41202e-10	0.251659	0.0976142
1.46	0.959183	0.666652	-14335.9	0.382597	6.82864e-10	0.262053	0.100131
1.47	0.957977	0.666651	-14301.2	0.397755	7.14658e-10	0.270582	0.102751
1.48	0.95657	0.666651	-14260.9	0.403971	7.32835e-10	0.272953	0.105457
1.49	0.955137	0.666651	-14219.8	0.397789	7.30441e-10	0.266972	0.108187
1.5	0.953732	0.666649	-14179.9	0.422371	7.85646e-10	0.28158	0.110856
1.51	0.952204	0.666648	-14136.4	0.445994	8.42582e-10	0.29536	0.113672
1.52	0.950603	0.666649	-14090.9	0.425174	8.08859e-10	0.27972	0.116626
1.53	0.949053	0.666647	-14047	0.451816	8.73093e-10	0.295305	0.119423
1.54	0.947504	0.666647	-14003.2	0.44826	8.7469e-10	0.291078	0.122376
1.55	0.945773	0.666646	-13954.3	0.451302	8.89632e-10	0.291163	0.125287
1.56	0.944375	0.666645	-13915.2	0.463487	9.21459e-10	0.297107	0.128198
1.57	0.94253	0.666644	-13863.6	0.483848	9.76035e-10	0.308183	0.131169
1.58	0.940877	0.666643	-13817.4	0.483029	9.92939e-10	0.305714	0.134251
1.59	0.939113	0.666642	-13768.3	0.50313	1.04459e-09	0.316434	0.137308
1.6	0.937224	0.666641	-13716.2	0.493935	1.041e-09	0.30871	0.140473
1.61	0.935368	0.66664	-13664.4	0.508784	1.08142e-09	0.316015	0.14356
1.62	0.933859	0.666639	-13623	0.515243	1.10791e-09	0.318051	0.14672
1.63	0.931788	0.666638	-13565.7	0.521188	1.14254e-09	0.319747	0.149901
1.64	0.929687	0.666638	-13508.3	0.520667	1.14667e-09	0.31748	0.153098
1.65	0.927721	0.666634	-13454.2	0.561811	1.26125e-09	0.340491	0.156273
1.66	0.925903	0.666634	-13404.9	0.560554	1.26803e-09	0.337683	0.159678
1.67	0.923706	0.666634	-13345	0.542438	1.24184e-09	0.324813	0.163055
1.68	0.921566	0.666631	-13287.3	0.573224	1.33531e-09	0.341205	0.166303
1.69	0.91935	0.666629	-13227.6	0.59727	1.40595e-09	0.353414	0.169715
1.7	0.917275	0.666628	-13171.6	0.598383	1.43252e-09	0.35199	0.173249
1.71	0.915215	0.666627	-13116.4	0.608591	1.47051e-09	0.355901	0.176769
1.72	0.912754	0.666625	-13050.8	0.614075	1.49999e-09	0.35702	0.180328
1.73	0.910382	0.666623	-12987.5	0.624285	1.55619e-09	0.360858	0.183898
1.74	0.908094	0.666622	-12927.3	0.62596	1.58795e-09	0.359747	0.187507
1.75	0.905903	0.66662	-12869.2	0.639431	1.6307e-09	0.365389	0.191104
1.76	0.903121	0.666616	-12796.5	0.681368	1.77369e-09	0.387141	0.194758
1.77	0.900734	0.666616	-12733.8	0.666731	1.75524e-09	0.376684	0.198629
1.78	0.898387	0.666614	-12672.4	0.675527	1.79442e-09	0.379509	0.202396
1.79	0.895525	0.666609	-12598.6	0.709951	1.92324e-09	0.396621	0.206191
1.8	0.89314	0.666612	-12536.9	0.658087	1.81879e-09	0.365604	0.210158
1.81	0.889985	0.666605	-12456	0.717804	2.01034e-09	0.396577	0.213814
1.82	0.887238	0.6666	-12385.4	0.752216	2.14964e-09	0.413305	0.217779
1.83	0.884269	0.666602	-12309.5	0.717122	2.07852e-09	0.39187	0.221912
1.84	0.881734	0.666598	-12245.3	0.743043	2.17923e-09	0.403828	0.225831
1.85	0.878574	0.666595	-12166.3	0.750813	2.25233e-09	0.405845	0.229869
1.86	0.875785	0.666592	-12095.9	0.760532	2.30715e-09	0.408888	0.233928
1.87	0.872383	0.66659	-12010.8	0.7578	2.33638e-09	0.405241	0.238017
1.88	0.869782	0.666589	-11946.2	0.743928	2.3353e-09	0.395706	0.242069
1.89	0.866373	0.666579	-11862.5	0.818089	2.61445e-09	0.432851	0.246026
1.9	0.863162	0.666578	-11783.7	0.801046	2.60053e-09	0.421603	0.250355
1.91	0.859941	0.666576	-11705.2	0.799199	2.63461e-09	0.418429	0.254571
1.92	0.856279	0.666571	-11615.8	0.817485	2.74752e-09	0.425773	0.258755
1.93	0.853002	0.666564	-11536.5	0.852361	2.91197e-09	0.441638	0.263013
1.94	0.849232	0.666558	-11447.4	0.867116	3.04629e-09	0.446967	0.267429
1.95	0.845686	0.666552	-11362.7	0.885042	3.17048e-09	0.453868	0.271899
1.96	0.84227	0.66655	-11281.1	0.877053	3.1696e-09	0.447476	0.276437
1.97	0.838537	0.666538	-11194.5	0.923548	3.44377e-09	0.468806	0.280912
1.98	0.834346	0.66654	-11096.6	0.882991	3.33607e-09	0.445955	0.2856
1.99	0.830871	0.666533	-11016.1	0.900179	3.46692e-09	0.452351	0.29006
2	0.82683	0.666531	-10923.4	0.881383	3.49354e-09	0.440692	0.294583
2.01	0.822286	0.666516	-10820.1	0.941167	3.80184e-09	0.468242	0.29899
2.02	0.818365	0.666507	-10731.2	0.960215	3.96634e-09	0.475354	0.303673
2.03	0.813927	0.666499	-10630.3	0.974512	4.10805e-09	0.480055	0.308426
2.04	0.810018	0.666497	-10543	0.945385	4.1065e-09	0.463424	0.313227
2.05	0.805116	0.666481	-10435.4	1.00577	4.40623e-09	0.490619	0.317861
2.06	0.800845	0.666471	-10344	0.998844	4.57475e-09	0.484876	0.322767
2.07	0.796173	0.666455	-10241.7	1.03472	4.88101e-09	0.499863	0.327616
2.08	0.79148	0.666443	-10140.1	1.05912	5.06299e-09	0.509191	0.332615
2.09	0.786483	0.666436	-10034.1	1.04712	5.12921e-09	0.501012	0.337706
2.1	0.780522	0.666413	-9913.77	1.05722	5.54259e-09	0.503437	0.342717
2.11	0.775678	0.666382	-9815.85	1.07305	6.13146e-09	0.508553	0.347751
2.12	0.770655	0.666381	-9707.71	1.09458	6.01605e-09	0.516311	0.352836
2.13	0.765506	0.666362	-9600.26	1.14576	6.30417e-09	0.537917	0.358
2.14	0.759407	0.666323	-9480.9	1.20287	6.95982e-09	0.56209	0.363379
2.15	0.754129	0.666322	-9376.22	1.14699	6.85178e-09	0.533482	0.369
2.16	0.748172	0.66629	-9261.48	1.16666	7.35806e-09	0.540119	0.374335
2.17	0.741096	0.66627	-9129.11	1.16497	7.57012e-09	0.536854	0.379736
2.18	0.734722	0.666227	-9006.5	1.20904	8.21627e-09	0.554606	0.385104
2.19	0.729348	0.666191	-8900.38	1.24185	8.71046e-09	0.567057	0.39065
2.2	0.72289	0.666176	-8781.84	1.24201	8.79215e-09	0.56455	0.396321
2.21	0.714131	0.666035	-8637.19	1.32829	1.1006e-08	0.601038	0.401966
2.22	0.708475	0.666054	-8524.93	1.29928	1.04366e-08	0.585261	0.407977
2.23	0.699666	0.665814	-8387.89	1.41105	1.43297e-08	0.632759	0.413829
2.24	0.690873	0.66586	-8230.44	1.38656	1.30202e-08	0.618999	0.420157
2.25	0.684296	0.665837	-8123.68	1.35473	1.30312e-08	0.602102	0.426347
2.26	0.674483	0.665472	-7977.51	1.42771	1.86174e-08	0.631731	0.432368
2.27	0.666579	0.66562	-7840.88	1.36189	1.55552e-08	0.599954	0.438685
2.28	0.655285	0.665409	-7671.79	1.44136	1.80508e-08	0.632177	0.444685
2.29	0.645894	0.665301	-7532.67	1.45347	1.88689e-08	0.634702	0.451007
2.3	0.6294	0.664157	-7338.77	1.68275	3.4497e-08	0.731632	0.457354
2.31	0.613869	0.662851	-7192.93	1.71107	5.00826e-08	0.740724	0.46467
2.32	0.613102	0.664466	-7084.52	1.56108	2.74016e-08	0.67288	0.472077
2.33	0.587124	0.661553	-6851.49	1.80481	6.1435e-08	0.774598	0.478806
2.34	0.574821	0.662171	-6683.27	1.73725	4.94177e-08	0.742414	0.486552
2.35	0.56675	0.662831	-6559.27	1.65503	4.00041e-08	0.704267	0.493976
2.36	0.542009	0.658284	-6337.08	1.88641	8.55823e-08	0.799327	0.501019
2.37	0.480808	0.631425	-6076.11	2.67528	3.51562e-07	1.12881	0.509012
2.38	0.419872	0.584116	-5839.42	2.57791	9.71699e-07	1.08315	0.5203
2.39	0.301333	0.432637	-5507.64	2.67545	1.17472e-06	1.11943	0.531132
2.4	0.369674	0.577418	-5427.2	2.49313	6.63266e-07	1.0388	0.542326
2.41	0.38261	0.610696	-5280.47	2.2418	3.17557e-07	0.930208	0.552714
2.42	0.237902	0.440343	-4875.35	1.87126	6.10065e-07	0.773248	0.562016
2.43	0.193015	0.3016	-4753.08	1.77251	5.57233e-07	0.729426	0.569749
2.44	0.210776	0.405775	-4646.39	1.71134	5.53819e-07	0.70137	0.577043
2.45	0.16906	0.286926	-4465.13	1.67022	4.88751e-07	0.681724	0.584057
2.46	0.112299	0.186611	-4264.91	1.28849	2.52618e-07	0.523777	0.590874
2.47	0.13087	0.141202	-4211.5	1.29793	3.727e-07	0.525479	0.596112
2.48	0.0979594	0.123495	-4050.42	1.04288	2.09121e-07	0.420518	0.601366
2.49	0.107287	0.202534	-3954.62	1.00257	2.15671e-07	0.40264	0.605572
2.5	0.0895166	0.0220499	-3848.94	0.943161	1.85442e-07	0.377265	0.609598
2.51	0.0803897	0.116068	-3770.92	0.935904	1.2428e-07	0.37287	0.613371
2.52	0.0685397	-0.0258558	-3656.29	0.839523	1.08934e-07	0.333144	0.617099
2.53	0.0713009	0.00849267	-3571.71	0.787774	1.22583e-07	0.311373	0.620431
2.54	0.0717752	0.0128772	-3505.66	0.739517	1.18187e-07	0.291148	0.623544
2.55	0.063741	0.0235173	-3433.81	0.686996	9.11604e-08	0.26941	0.626456
2.56	0.0595006	0.0388901	-3368.36	0.650471	7.78319e-08	0.25409	0.62915
2.57	0.0581383	0.0916552	-3294.05	0.637156	7.27963e-08	0.247921	0.631691
2.58	0.0521429	-0.0504774	-3228.89	0.60737	6.56045e-08	0.235415	0.63417
2.59	0.054829	0.0435827	-3181.57	0.540727	6.74639e-08	0.208775	0.636524
2.6	0.0498696	0.0212509	-3131.59	0.511472	5.17405e-08	0.19672	0.638612
2.61	0.0448457	-0.0719005	-3087.19	0.514695	4.84226e-08	0.197201	0.640579
2.62	0.0463442	0.00558896	-3026.82	0.46555	4.69256e-08	0.177691	0.642551
2.63	0.0430604	-0.0362376	-2986.97	0.46466	4.18611e-08	0.176677	0.644328
2.64	0.0436975	0.0960653	-2929.68	0.449007	3.75943e-08	0.170078	0.646095
2.65	0.0415719	0.0290805	-2894.17	0.423113	3.70069e-08	0.159665	0.647796
2.66	0.0396875	0.0248694	-2844.82	0.404436	3.40388e-08	0.152043	0.649392
2.67	0.040009	-0.0433753	-2803.09	0.391031	3.47083e-08	0.146454	0.650913
2.68	0.0406221	0.0429696	-2770.78	0.379362	3.35898e-08	0.141553	0.652377
2.69	0.0368048	-0.00662763	-2734.14	0.354224	2.82689e-08	0.131682	0.653793
2.7	0.0385907	0.0564907	-2691.3	0.368302	3.11833e-08	0.136408	0.65511
2.71	0.0364399	-0.0222162	-2660.06	0.338628	2.83817e-08	0.124955	0.656474
2.72	0.0352151	-0.042297	-2627.15	0.316481	2.78679e-08	0.116353	0.657723
2.73	0.0338922	0.0626072	-2590.25	0.322226	2.33059e-08	0.118031	0.658887
2.74	0.0344963	0.0645676	-2568.67	0.303375	2.40785e-08	0.110721	0.660067
2.75	0.0333916	0.0442979	-2539.14	0.290033	2.16323e-08	0.105467	0.661174
2.76	0.0329674	0.00882854	-2507.15	0.289548	2.23469e-08	0.104909	0.662229
2.77	0.0321919	0.0159685	-2474.76	0.27119	2.08664e-08	0.0979026	0.663278
2.78	0.0324289	0.0592393	-2451.73	0.271842	2.04359e-08	0.097785	0.664257
2.79	0.0320202	0.0385573	-2426.63	0.264941	2.05159e-08	0.0949608	0.665235
2.8	0.0300428	0.0511709	-2394.23	0.25577	1.76973e-08	0.0913463	0.666185
2.81	0.0302381	-0.0492345	-2375.14	0.255325	1.88558e-08	0.0908631	0.667098
2.82	0.031355	0.0499534	-2348.35	0.236808	1.93746e-08	0.0839745	0.668007
2.83	0.0282031	0.0549552	-2322.98	0.23139	1.56768e-08	0.0817632	0.668846
2.84	0.0274995	0.0252514	-2306.49	0.227388	1.49726e-08	0.0800663	0.669664
2.85	0.0283681	0.0336414	-2281.4	0.223437	1.57e-08	0.0783991	0.670465
2.86	0.0285478	0.0448279	-2264.02	0.220025	1.57544e-08	0.0769317	0.671249
2.87	0.0272862	-0.0437178	-2234.36	0.206047	1.51563e-08	0.0717934	0.672018
2.88	0.0264582	-0.0167314	-2217.63	0.208532	1.38879e-08	0.0724068	0.672736
2.89	0.0258783	0.0199865	-2194.31	0.201266	1.30244e-08	0.0696421	0.67346
2.9	0.0265004	0.0619131	-2181.1	0.190943	1.29377e-08	0.0658425	0.674156
2.91	0.0255417	-0.0375952	-2159.94	0.187228	1.32653e-08	0.0643394	0.674815
2.92	0.0257089	-0.036533	-2137.78	0.189147	1.29779e-08	0.0647765	0.675458
2.93	0.0256399	0.014917	-2124.33	0.185833	1.30373e-08	0.0634244	0.676106
2.94	0.0250507	0.0607881	-2106.03	0.172771	1.1649e-08	0.0587657	0.67674
2.95	0.0239561	-0.0543913	-2088.63	0.175391	1.18621e-08	0.0594545	0.677328
2.96	0.0242681	-0.00383539	-2073.16	0.16994	1.1376e-08	0.0574123	0.677923
2.97	0.0238334	0.0202022	-2053.97	0.16412	1.10677e-08	0.0552593	0.678497
2.98	0.023556	0.0581333	-2034.09	0.157067	1.01419e-08	0.0527072	0.679049
2.99	0.0233545	-0.00708498	-2017.08	0.156234	1.04457e-08	0.0522521	0.679576
3	0.0234502	0.031028	-2007.69	0.158183	1.03724e-08	0.0527277	0.680099
3.01	0.0242267	0.0425619	-1990.84	0.146209	1.07144e-08	0.0485744	0.680626
3.02	0.0237472	-0.0309575	-1975.66	0.146745	1.06766e-08	0.0485911	0.681112
3.03	0.0226696	0.000610436	-1959.4	0.142522	9.66715e-09	0.0470368	0.681598
3.04	0.0224451	-0.02127	-1941.94	0.142945	9.73272e-09	0.0470214	0.682068
3.05	0.0217225	0.0261389	-1932.63	0.143762	8.56034e-09	0.0471351	0.682538
3.06	0.0225118	0.0256915	-1917.53	0.134095	9.28756e-09	0.0438218	0.68301
3.07	0.0210501	0.0152928	-1903.7	0.135119	8.28105e-09	0.0440128	0.683448
3.08	0.0218779	0.047	-1889.67	0.127684	8.53513e-09	0.0414559	0.683888
3.09	0.0216532	-0.0417778	-1876.46	0.130659	8.9966e-09	0.0422846	0.684303
3.1	0.0214893	0.0201316	-1863.25	0.127602	8.49783e-09	0.0411619	0.684725
3.11	0.0214647	-0.0127026	-1851.42	0.126287	8.55987e-09	0.0406067	0.685137
3.12	0.0216606	0.0102603	-1838.65	0.122397	8.64256e-09	0.0392297	0.685543
3.13	0.0205038	0.0191053	-1831.72	0.12015	7.60009e-09	0.0383865	0.685935
3.14	0.0205031	-0.00121216	-1814.83	0.118045	7.70689e-09	0.0375938	0.686319
3.15	0.0207488	0.024444	-1800.53	0.113714	7.70294e-09	0.0360997	0.686695
3.16	0.0200457	0.0133851	-1790.44	0.111113	7.25853e-09	0.0351622	0.687056
3.17	0.0200425	0.0364184	-1780.86	0.112176	7.1995e-09	0.0353866	0.687408
3.18	0.0200623	0.0178355	-1771.52	0.111738	6.96287e-09	0.0351378	0.687762
3.19	0.0199582	0.0329619	-1761.4	0.10667	7.00348e-09	0.0334387	0.688113
3.2	0.0201311	0.042687	-1749.88	0.110424	7.11827e-09	0.0345075	0.688447
3.21	0.0197145	-0.00184141	-1736.44	0.100459	6.77846e-09	0.0312956	0.688793
3.22	0.0196951	-0.00543301	-1727.99	0.103564	6.82778e-09	0.0321627	0.689105
3.23	0.0193699	0.0361016	-1721.14	0.101315	6.54981e-09	0.0313668	0.689427
3.24	0.0196115	-0.000225567	-1705.65	0.101438	6.87711e-09	0.031308	0.689741
3.25	0.018967	-0.0369665	-1696.18	0.0968897	6.42702e-09	0.0298122	0.690054
3.26	0.0191596	-0.0378716	-1687.82	0.0979671	6.5922e-09	0.0300513	0.690352
3.27	0.0189225	0.0144319	-1675.04	0.0932085	6.32963e-09	0.0285041	0.690653
3.28	0.0187198	-0.0077212	-1667.15	0.0932638	6.19949e-09	0.0284341	0.690938
3.29	0.0189031	0.00272981	-1657.01	0.0937046	6.19835e-09	0.0284816	0.691222
3.3	0.0183096	-0.0532479	-1648.25	0.0882397	6.03378e-09	0.0267393	0.691507
3.31	0.0185615	-0.0393464	-1640.29	0.0893924	6.15305e-09	0.0270068	0.691774
3.32	0.0181378	0.0124083	-1628.71	0.0910647	5.72495e-09	0.0274291	0.692044
3.33	0.0184707	0.0185863	-1621.31	0.0858111	5.79938e-09	0.0257691	0.692318
3.34	0.0182044	0.000764436	-1613	0.0907791	5.60765e-09	0.0271794	0.692576
3.35	0.0181603	-0.00331512	-1607.05	0.0851552	5.65744e-09	0.0254195	0.692848
3.36	0.0178321	-0.0152649	-1593.83	0.084732	5.53191e-09	0.0252179	0.693102
3.37	0.0181457	0.0274323	-1585.68	0.0832894	5.60642e-09	0.024715	0.693354
3.38	0.0175231	-0.0280144	-1578.91	0.0838665	5.12794e-09	0.0248126	0.693601
3.39	0.0175012	-0.0251683	-1570.34	0.0801448	5.25428e-09	0.0236415	0.69385
3.4	0.0173291	-0.0111128	-1563.43	0.081827	5.0645e-09	0.0240668	0.694086
3.41	0.0177219	0.0556295	-1554.78	0.0808006	5.04167e-09	0.0236952	0.694327
3.42	0.0174236	0.00594284	-1546.71	0.0787032	5.07769e-09	0.0230126	0.694564
3.43	0.0169841	-0.0102161	-1537.69	0.07725	4.79375e-09	0.0225219	0.694794
3.44	0.0170113	0.0391285	-1531.54	0.0771962	4.62511e-09	0.0224408	0.695019
3.45	0.0170282	0.011465	-1521.52	0.0742062	4.74608e-09	0.021509	0.695243
3.46	0.0170186	0.0277707	-1515.91	0.0721121	4.7221e-09	0.0208417	0.695458
3.47	0.0170486	0.0365483	-1512.17	0.0737466	4.73316e-09	0.0212526	0.695667
3.48	0.0170561	0.0123685	-1498.85	0.0718811	4.62496e-09	0.0206555	0.695879
3.49	0.0165935	-0.0173195	-1494.11	0.0729913	4.54057e-09	0.0209144	0.696086
3.5	0.0166527	-0.00886991	-1483.62	0.0705799	4.50997e-09	0.0201657	0.696295
3.51	0.0168072	0.00317895	-1478.21	0.0702485	4.58132e-09	0.0200138	0.696497
3.52	0.0162822	-0.00636489	-1470.8	0.06755	4.30844e-09	0.0191903	0.696697
3.53	0.0162552	-0.038885	-1465.65	0.0660496	4.34567e-09	0.0187109	0.696889
3.54	0.01639	-0.0371255	-1462.12	0.066839	4.39353e-09	0.0188811	0.697076
3.55	0.016069	-0.0107783	-1451.55	0.0680227	4.23443e-09	0.0191613	0.697265
3.56	0.0164168	0.0224016	-1444.59	0.0664722	4.23987e-09	0.018672	0.697456
3.57	0.0161953	0.0246272	-1438.71	0.0650825	4.11887e-09	0.0182304	0.697643
3.58	0.0163836	-0.00724678	-1432.24	0.0670576	4.22246e-09	0.0187312	0.697825
3.59	0.0163431	0.0187676	-1426.3	0.0640545	4.18653e-09	0.0178425	0.698013
3.6	0.0164395	0.0028904	-1419.81	0.0621058	4.19979e-09	0.0172516	0.698191
3.61	0.0159908	-0.0494945	-1412.22	0.062835	4.15202e-09	0.0174058	0.698364
3.62	0.0159649	-0.0557546	-1407.88	0.0612456	4.12027e-09	0.0169187	0.698538
3.63	0.016176	-0.00110348	-1404.51	0.0590678	4.11805e-09	0.0162721	0.698707
3.64	0.0159482	0.00480526	-1395.99	0.0590292	4.02822e-09	0.0162168	0.69887
3.65	0.0156101	-0.00523853	-1391.07	0.0601218	3.77599e-09	0.0164717	0.699032
3.66	0.0156818	-0.0168188	-1385.45	0.0600636	3.91753e-09	0.0164108	0.699196
3.67	0.0160052	0.00138282	-1380.18	0.0587842	4.09137e-09	0.0160175	0.699361
3.68	0.0156038	-0.0432678	-1370.89	0.0576259	3.83564e-09	0.0156592	0.699521
3.69	0.0156944	0.0321902	-1365.94	0.0574235	3.7242e-09	0.0155619	0.699677
3.7	0.0155685	0.0140637	-1359.86	0.055563	3.6625e-09	0.015017	0.699833
3.71	0.0153847	0.0205242	-1355.14	0.0570157	3.5921e-09	0.0153681	0.699983
3.72	0.0157463	-0.00394055	-1350.66	0.056277	3.7967e-09	0.0151282	0.700137
3.73	0.0153978	0.00426297	-1343.47	0.0536111	3.59461e-09	0.014373	0.700288
3.74	0.0152331	-0.0231772	-1338.9	0.0542734	3.58395e-09	0.0145116	0.700432
3.75	0.0151529	-0.00475652	-1333.12	0.0528251	3.46496e-09	0.0140867	0.700577
3.76	0.0154163	0.0110155	-1326.94	0.0539147	3.61203e-09	0.014339	0.700718
3.77	0.0150265	-0.0250883	-1322.1	0.0529759	3.45587e-09	0.014052	0.700861
3.78	0.0149719	0.0300761	-1316.9	0.0522155	3.27415e-09	0.0138136	0.701002
3.79	0.0147704	-0.0524599	-1309.06	0.0512992	3.3643e-09	0.0135354	0.70114
3.8	0.0150372	-0.00510745	-1303.6	0.0504501	3.39918e-09	0.0132763	0.701275
3.81	0.01507	0.0374009	-1300.98	0.0498982	3.31389e-09	0.0130966	0.701408
3.82	0.0150266	-0.0170089	-1297.54	0.0495478	3.43484e-09	0.0129706	0.701539
3.83	0.0148978	0.0410635	-1289.92	0.0496527	3.25404e-09	0.0129642	0.701669
3.84	0.0148214	-0.0122413	-1286.34	0.0492897	3.27266e-09	0.0128359	0.701798
3.85	0.0151356	0.0389492	-1282.94	0.0486548	3.32299e-09	0.0126376	0.701927
3.86	0.0147759	0.0019795	-1275.28	0.0490248	3.25798e-09	0.0127007	0.702053
3.87	0.0147084	-0.0649339	-1271.63	0.049442	3.34289e-09	0.0127757	0.70218
3.88	0.0148149	0.00159483	-1267.81	0.0482991	3.19568e-09	0.0124482	0.702308
3.89	0.0147836	-0.0107162	-1261.67	0.0470309	3.23811e-09	0.0120902	0.702432
3.9	0.0145877	0.00429172	-1256.56	0.0463667	3.12783e-09	0.0118889	0.702553
3.91	0.0145037	-0.00450563	-1254.54	0.0471418	3.04051e-09	0.0120567	0.702672
3.92	0.0143687	-0.0220799	-1247.77	0.0459799	3.05126e-09	0.0117296	0.702793
3.93	0.0145062	0.0179058	-1242.14	0.0442219	3.02463e-09	0.0112524	0.70291
3.94	0.0143863	-0.0749483	-1238.89	0.044656	3.13623e-09	0.011334	0.703022
3.95	0.0143016	0.00297218	-1234.01	0.0439915	2.93407e-09	0.0111371	0.703136
3.96	0.0144858	0.0476899	-1229.37	0.0440611	2.92626e-09	0.0111266	0.703247
3.97	0.0143809	-0.0179747	-1223.77	0.0432175	2.97975e-09	0.010886	0.703358
3.98	0.0144639	0.0428826	-1221.99	0.0427704	2.88762e-09	0.0107463	0.703467
3.99	0.0141533	-0.0214087	-1214.99	0.0434285	2.94274e-09	0.0108843	0.703575
4	0.0138945	-0.00805658	-1212.11	0.0414244	2.75468e-09	0.0103561	0.703684
4.01	0.0139852	-0.025728	-1208.86	0.0418512	2.82113e-09	0.0104367	0.703787
4.02	0.0142474	0.028283	-1205.09	0.0428185	2.81256e-09	0.0106514	0.703892
4.03	0.0143399	0.0197547	-1200.06	0.0414712	2.92077e-09	0.0102906	0.703998
4.04	0.0139104	-0.00600031	-1195.37	0.0415611	2.75977e-09	0.0102874	0.704101
4.05	0.0141324	0.00940314	-1192.75	0.0410406	2.76736e-09	0.0101335	0.704204
4.06	0.0140826	-0.0101367	-1186.68	0.0409928	2.82821e-09	0.0100968	0.704305
4.07	0.0140856	0.00231397	-1184.57	0.040847	2.80791e-09	0.0100361	0.704406
4.08	0.0138835	0.00654158	-1180.25	0.0400387	2.7044e-09	0.00981342	0.704506
4.09	0.0141416	0.00611272	-1175.21	0.0389725	2.77294e-09	0.00952874	0.704605
4.1	0.0138104	-0.0188025	-1170.28	0.0396594	2.66042e-09	0.00967301	0.7047
4.11	0.0136697	0.0119715	-1167.89	0.0383558	2.57938e-09	0.0093323	0.704797
4.12	0.0137551	-0.0404465	-1163.07	0.0381782	2.70406e-09	0.00926656	0.70489
4.13	0.0135415	-0.0126105	-1157.57	0.0388458	2.57749e-09	0.00940577	0.704983
4.14	0.0136883	-0.0174305	-1157.35	0.0377294	2.62787e-09	0.00911337	0.705077
4.15	0.0137924	-0.000215863	-1150.59	0.0377008	2.58795e-09	0.00908453	0.705168
4.16	0.0137242	0.0166892	-1147.98	0.03713	2.57521e-09	0.00892549	0.705259
4.17	0.0136286	-0.00635551	-1144.59	0.0366991	2.5449e-09	0.00880074	0.705348
4.18	0.0135354	0.0182432	-1140.43	0.0372192	2.46677e-09	0.00890412	0.705436
4.19	0.0133995	-0.0221296	-1136.37	0.0363774	2.52656e-09	0.00868197	0.705525
4.2	0.013598	-0.000834819	-1134.58	0.0373972	2.48488e-09	0.00890409	0.705612
4.21	0.0137434	0.028733	-1129.5	0.0366665	2.52248e-09	0.00870938	0.705701
4.22	0.0133737	0.00814649	-1124.88	0.0357115	2.3988e-09	0.00846245	0.705788
4.23	0.0138522	-0.0038405	-1120.89	0.0364483	2.59653e-09	0.00861662	0.705873
4.24	0.0135083	0.016874	-1118.48	0.0368547	2.42518e-09	0.00869213	0.705959
4.25	0.0133556	0.026082	-1116.16	0.0350134	2.35394e-09	0.00823844	0.706046
4.26	0.0133124	-0.00486676	-1111.07	0.0350778	2.41189e-09	0.00823424	0.706128
4.27	0.0133153	-0.0105724	-1109.55	0.0351242	2.37512e-09	0.00822581	0.70621
4.28	0.0132171	0.00105526	-1102.59	0.0338134	2.36439e-09	0.00790032	0.706293
4.29	0.0131698	0.0181502	-1102.85	0.0334537	2.29759e-09	0.00779807	0.706372
4.3	0.0134237	0.0237362	-1100.14	0.0335665	2.34023e-09	0.00780615	0.70645
4.31	0.0132156	0.00333832	-1094.34	0.0338852	2.29186e-09	0.007862	0.706528
4.32	0.0131169	0.00695466	-1091.59	0.0343214	2.2649e-09	0.00794476	0.706606
4.33	0.0134616	-0.00855683	-1088.13	0.0332356	2.41424e-09	0.00767567	0.706686
4.34	0.0133648	-0.0288295	-1085.35	0.0328937	2.38289e-09	0.00757919	0.706762
4.35	0.0129809	-0.013658	-1082.4	0.0321758	2.24658e-09	0.00739674	0.706838
4.36	0.0128532	-0.0156704	-1080.04	0.0320282	2.17005e-09	0.00734592	0.706912
4.37	0.0131818	-0.00681272	-1075.31	0.0319331	2.2242e-09	0.00730734	0.706986
4.38	0.013084	0.0133047	-1072.79	0.032181	2.1902e-09	0.00734726	0.707059
4.39	0.013072	0.0161863	-1068.27	0.0305225	2.20882e-09	0.00695272	0.707132
4.4	0.0133319	-0.0140757	-1067.19	0.0310208	2.33519e-09	0.00705017	0.707202
4.41	0.0129155	0.00480913	-1061.86	0.0312571	2.16303e-09	0.00708777	0.707272
4.42	0.0128703	0.00876394	-1057.36	0.030979	2.10513e-09	0.00700882	0.707343
4.43	0.013042	0.0356101	-1055.94	0.0301492	2.13551e-09	0.0068057	0.707413
4.44	0.012927	0.0163676	-1053.27	0.0311637	2.12045e-09	0.00701884	0.707481
4.45	0.0131566	0.0047621	-1050.12	0.0299315	2.22447e-09	0.00672619	0.707551
4.46	0.0126875	-0.00182868	-1047.04	0.0297821	2.0859e-09	0.0066776	0.707619
4.47	0.0130045	0.0172431	-1043.81	0.0309661	2.13381e-09	0.00692753	0.707686
4.48	0.0127045	0.00876215	-1041.12	0.029073	2.07007e-09	0.00648951	0.707755
4.49	0.012533	-0.0180011	-1038.01	0.029914	2.01616e-09	0.00666236	0.70782
4.5	0.0128721	0.0304854	-1034.79	0.0297559	2.03173e-09	0.00661243	0.707886
4.51	0.0127674	0.0240233	-1031.77	0.0296599	2.01981e-09	0.00657648	0.707952
4.52	0.0127983	0.0190406	-1029.87	0.0287899	2.04258e-09	0.00636945	0.708018
4.53	0.0127978	-0.017268	-1026.53	0.0289836	2.07743e-09	0.00639815	0.708082
4.54	0.0125482	0.0133809	-1025.21	0.0285248	1.97995e-09	0.006283	0.708146
4.55	0.0128182	0.00537214	-1020.5	0.0278925	2.06525e-09	0.00613022	0.708209
4.56	0.0126796	0.0267483	-1015.19	0.0277802	1.93156e-09	0.00609215	0.70827
4.57	0.0126745	-0.00698791	-1014.09	0.0285761	2.02337e-09	0.00625297	0.708331
4.58	0.0126883	0.00066	-1011.08	0.0284836	1.97838e-09	0.00621913	0.708393
4.59	0.0127789	-0.0352868	-1008	0.0275393	2.09906e-09	0.00599985	0.708456
4.6	0.012635	-0.00109255	-1007.17	0.0272576	1.98249e-09	0.00592557	0.708516
4.61	0.0124776	-0.00683928	-1003.84	0.0267105	1.94545e-09	0.00579404	0.708575
4.62	0.0126463	-0.012411	-1001.68	0.0274668	1.96967e-09	0.00594519	0.708633
4.63	0.0125524	-0.0157034	-998.592	0.0267579	1.99023e-09	0.00577925	0.708692
4.64	0.0126001	0.0410571	-994.416	0.0270408	1.8963e-09	0.00582777	0.70875
4.65	0.012373	0.00954142	-991.121	0.0257071	1.87829e-09	0.0055284	0.708808
4.66	0.0124799	0.0163208	-991.09	0.026274	1.87186e-09	0.00563819	0.708864
4.67	0.0124838	-0.00812807	-986.483	0.026697	1.94136e-09	0.00571671	0.70892
4.68	0.012422	-0.00497208	-983.404	0.0261278	1.87672e-09	0.00558286	0.708977
4.69	0.0123755	0.0104334	-981.32	0.0261657	1.84073e-09	0.00557904	0.709033
4.7	0.0123981	0.0293756	-980.141	0.0258175	1.83392e-09	0.00549309	0.709089
4.71	0.0124597	0.0230828	-976.578	0.0258784	1.84927e-09	0.00549436	0.709144
4.72	0.0124211	0.0267276	-975.072	0.025346	1.85066e-09	0.00536991	0.709199
4.73	0.0122212	0.00357248	-972.716	0.0251589	1.81754e-09	0.00531901	0.709252
4.74	0.0122912	0.0362365	-968.784	0.0251849	1.76121e-09	0.00531328	0.709306
4.75	0.0123097	-0.000691483	-967.718	0.0252706	1.79517e-09	0.00532012	0.709359
4.76	0.0122913	-0.0140438	-963.811	0.0245005	1.80682e-09	0.00514717	0.709412
4.77	0.0122632	-0.00409163	-963.443	0.0251948	1.78171e-09	0.00528193	0.709463
4.78	0.0122186	-0.00197612	-958.158	0.0244842	1.79203e-09	0.00512222	0.709516
4.79	0.0122771	0.016441	-956.512	0.0245138	1.76625e-09	0.00511771	0.709567
4.8	0.0122482	0.0198669	-953.578	0.0242124	1.78077e-09	0.00504425	0.709619
4.81	0.0120924	0.03328	-952.258	0.0244011	1.69643e-09	0.005073	0.709669
4.82	0.0119949	-0.00764309	-950.021	0.0237926	1.72858e-09	0.00493622	0.70972
4.83	0.012031	-0.000834062	-945.371	0.024601	1.72164e-09	0.00509336	0.709769
4.84	0.011977	-0.0375061	-946.348	0.0232452	1.74341e-09	0.00480272	0.70982
4.85	0.0120897	0.0167809	-941.842	0.0231945	1.69047e-09	0.00478237	0.709868
4.86	0.0121701	-0.0435714	-941.837	0.0232347	1.76726e-09	0.0047808	0.709916
4.87	0.0122321	0.00964756	-937.979	0.0234652	1.75099e-09	0.00481832	0.709964
4.88	0.0121317	0.0274183	-936.319	0.0232127	1.67756e-09	0.0047567	0.710012
4.89	0.0122519	0.0047044	-934.051	0.0226596	1.7514e-09	0.00463387	0.710059
4.9	0.0121472	-0.0348402	-931.128	0.0230071	1.77119e-09	0.00469532	0.710106
4.91	0.0123108	0.0491058	-928.908	0.0229082	1.69834e-09	0.00466562	0.710153
4.92	0.012217	0.0361123	-927.05	0.0223732	1.69223e-09	0.00454741	0.710199
4.93	0.0120986	0.026259	-923.515	0.0228559	1.64333e-09	0.00463609	0.710245
4.94	0.012191	-0.0114413	-922.772	0.0226971	1.70492e-09	0.00459456	0.710291
4.95	0.0119756	0.00266535	-919.258	0.0214926	1.66105e-09	0.00434195	0.710337
4.96	0.0119953	0.00226427	-917.678	0.0217483	1.64217e-09	0.00438475	0.710381
4.97	0.0120131	-0.00965623	-914.794	0.0221853	1.66219e-09	0.00446384	0.710424
4.98	0.0120382	-0.00135437	-912.201	0.0219378	1.65649e-09	0.00440518	0.710469
4.99	0.0119058	-0.0199981	-909.905	0.0214375	1.66372e-09	0.00429609	0.710513
5	0.0120707	0.00452233	-909.143	0.0215585	1.6448e-09	0.0043117	0.710556
5.01	0.0120377	0.010411	-905.945	0.0218687	1.65002e-09	0.00436501	0.710599
5.02	0.0118758	-0.00434194	-905.184	0.0214824	1.60286e-09	0.00427936	0.710643
5.03	0.0119251	0.00964738	-899.374	0.0213518	1.58966e-09	0.00424488	0.710686
5.04	0.0119564	0.00215941	-898.679	0.0212839	1.60646e-09	0.004223	0.710728
5.05	0.0118592	-0.013808	-898.12	0.0210796	1.60436e-09	0.00417419	0.71077
5.06	0.0118467	0.0273533	-896.395	0.0209218	1.55979e-09	0.00413475	0.710812
5.07	0.0117071	-0.0141534	-892.509	0.0212526	1.54872e-09	0.00419183	0.710853
5.08	0.0117739	-0.00855756	-891.539	0.0203036	1.57939e-09	0.00399677	0.710895
5.09	0.0117761	-0.00907944	-889.992	0.0203001	1.55786e-09	0.00398823	0.710935
5.1	0.0119082	0.00874352	-886.252	0.0209202	1.57491e-09	0.00410201	0.710975
5.11	0.0117056	0.00139013	-884.365	0.0205898	1.54494e-09	0.00402931	0.711016
5.12	0.0119135	0.00447306	-882.456	0.0204341	1.58412e-09	0.00399103	0.711057
5.13	0.0118865	0.0268717	-881.06	0.0199766	1.54555e-09	0.00389408	0.711096
5.14	0.0117358	0.0124596	-879.958	0.020446	1.52864e-09	0.00397781	0.711135
5.15	0.0116995	0.0284578	-875.768	0.0198444	1.49602e-09	0.00385328	0.711175
5.16	0.0115931	0.000212615	-872.807	0.020278	1.49179e-09	0.00392985	0.711214
5.17	0.0116706	-0.0252207	-873.161	0.0198031	1.52343e-09	0.00383038	0.711253
5.18	0.0118017	0.000857401	-870.07	0.0192775	1.51646e-09	0.00372152	0.711291
5.19	0.01138	-0.0212425	-869.976	0.0200046	1.44663e-09	0.00385445	0.711329
5.2	0.0117574	0.00643945	-868.905	0.0193174	1.48519e-09	0.00371488	0.711367
5.21	0.0116633	-0.00906874	-865.4	0.019208	1.50978e-09	0.00368676	0.711404
5.22	0.0116188	-0.00895717	-863.695	0.019166	1.49178e-09	0.00367164	0.711441
5.23	0.0114932	-0.00784092	-860.929	0.0193556	1.41995e-09	0.00370088	0.711478
5.24	0.0114989	-0.014682	-859.067	0.0191834	1.44822e-09	0.00366095	0.711515
5.25	0.0116983	-0.00131321	-858.608	0.0188721	1.44611e-09	0.00359468	0.711551
5.26	0.0115918	0.0222739	-854.755	0.0193237	1.42519e-09	0.00367371	0.711587
5.27	0.0116503	0.00995349	-853.82	0.0186719	1.48401e-09	0.00354305	0.711624
5.28	0.0114698	0.000230431	-851.8	0.0186687	1.44754e-09	0.00353573	0.71166
5.29	0.0115448	0.0188359	-850.155	0.0182834	1.40875e-09	0.00345621	0.711695
5.3	0.0116483	0.0176916	-847.783	0.018961	1.43962e-09	0.00357755	0.711729
5.31	0.0114262	-0.00204757	-845.636	0.018399	1.41541e-09	0.00346496	0.711765
5.32	0.011483	0.0217656	-843.261	0.0183637	1.3727e-09	0.00345183	0.7118
5.33	0.0115537	0.0185227	-840.849	0.0180875	1.38589e-09	0.00339352	0.711834
5.34	0.0114579	-0.00343762	-841.723	0.0183875	1.40307e-09	0.00344334	0.711868
5.35	0.0113494	0.00922885	-839.521	0.0183444	1.36071e-09	0.00342886	0.711903
5.36	0.0112824	-0.0221208	-836.773	0.0183183	1.3804e-09	0.00341759	0.711937
5.37	0.0116658	0.0363622	-835.535	0.018047	1.3968e-09	0.00336071	0.711971
5.38	0.0115221	-0.00817822	-832.606	0.0178207	1.40458e-09	0.0033124	0.712005
5.39	0.0114309	0.0241736	-831.427	0.0178488	1.374e-09	0.00331147	0.712038
5.4	0.0115379	0.018182	-831.155	0.0177823	1.38491e-09	0.00329302	0.712071
5.41	0.0115191	0.0105182	-828.34	0.0175396	1.38479e-09	0.00324208	0.712104
5.42	0.0115788	0.033563	-825.372	0.0175547	1.37111e-09	0.00323888	0.712136
5.43	0.01122	-0.0146181	-825.23	0.0171981	1.35101e-09	0.00316724	0.712169
5.44	0.0112205	0.00860983	-821.378	0.0175241	1.30517e-09	0.00322135	0.7122
5.45	0.0114834	0.0207037	-821.357	0.0175894	1.3572e-09	0.00322741	0.712233
5.46	0.0115016	0.0224663	-818.715	0.016886	1.33704e-09	0.00309268	0.712265
5.47	0.0112763	0.00443378	-817.639	0.0175634	1.31653e-09	0.00321087	0.712296
5.48	0.0114588	0.0284798	-816.187	0.0170527	1.37237e-09	0.0031118	0.712328
5.49	0.0113325	0.0128738	-814.219	0.0172403	1.31426e-09	0.00314031	0.712359
5.5	0.0112946	0.0192134	-814.429	0.0163187	1.31336e-09	0.00296704	0.712391
5.51	0.011353	0.0201943	-810.829	0.0168239	1.29973e-09	0.00305334	0.71242
5.52	0.0113447	0.00838022	-808.877	0.0169075	1.32003e-09	0.00306295	0.712451
5.53	0.0113662	0.0181048	-806.73	0.0166369	1.32524e-09	0.00300849	0.712481
5.54	0.0113841	-0.0029352	-805.203	0.0165109	1.349e-09	0.00298031	0.712511
5.55	0.0112171	-0.00489935	-803.22	0.0166529	1.30011e-09	0.00300052	0.712541
5.56	0.0112939	-0.00975975	-803.076	0.0163524	1.31462e-09	0.00294107	0.712571
5.57	0.0114383	-0.00503907	-802.012	0.0161216	1.33479e-09	0.00289436	0.712601
5.58	0.0111794	-0.00363703	-797.79	0.0158967	1.28609e-09	0.00284888	0.71263
5.59	0.0111405	0.0226293	-797.566	0.0162082	1.25105e-09	0.0028995	0.712658
5.6	0.0113393	0.00679335	-796.49	0.0160658	1.30095e-09	0.00286889	0.712687
5.61	0.0112656	-0.005781	-794.009	0.0158116	1.30906e-09	0.00281847	0.712716
5.62	0.0110748	0.0107464	-793.02	0.0162902	1.23932e-09	0.00289861	0.712744
5.63	0.0113558	0.0115005	-791.856	0.0159703	1.28545e-09	0.00283663	0.712773
5.64	0.0112425	-0.0154834	-789.923	0.0154143	1.28046e-09	0.00273303	0.712801
5.65	0.0112007	0.0058258	-789.377	0.015571	1.24553e-09	0.00275594	0.712829
5.66	0.0111589	-0.0203125	-786.071	0.0154121	1.2556e-09	0.00272299	0.712856
5.67	0.0111585	0.0285047	-783.833	0.0156989	1.21974e-09	0.00276877	0.712883
5.68	0.0111067	-0.0238402	-784.859	0.015441	1.2705e-09	0.00271848	0.712911
5.69	0.0112304	0.00218787	-782.774	0.015554	1.23343e-09	0.00273357	0.712938
5.7	0.010954	-0.0359234	-780.018	0.0153421	1.24505e-09	0.0026916	0.712966
5.71	0.0111388	-0.00645376	-778.507	0.0154458	1.25137e-09	0.00270505	0.712993
5.72	0.0109936	0.0205085	-778.229	0.0152179	1.16771e-09	0.00266047	0.71302
5.73	0.010992	0.0112762	-775.14	0.0155082	1.20012e-09	0.0027065	0.713046
5.74	0.0110137	0.0147373	-774.785	0.0147496	1.20341e-09	0.00256961	0.713073
5.75	0.0110483	-0.00423544	-773.683	0.0152942	1.22292e-09	0.00265985	0.713099
5.76	0.0110167	-0.000217276	-769.129	0.0146585	1.20207e-09	0.00254487	0.713126
5.77	0.0111286	0.0225371	-770.225	0.0148629	1.18997e-09	0.00257589	0.713151
5.78	0.0108647	-0.00735166	-767.801	0.0147738	1.16892e-09	0.00255603	0.713177
5.79	0.0110772	0.000468786	-767.827	0.0145047	1.21225e-09	0.00250512	0.713202
5.8	0.0110477	-0.0149404	-764.479	0.0144606	1.20822e-09	0.00249321	0.713227
5.81	0.0109536	-0.00538867	-763.374	0.0148563	1.17667e-09	0.00255702	0.713252
5.82	0.0111015	0.0276546	-762.367	0.014436	1.187e-09	0.00248041	0.713278
5.83	0.0110204	-0.0300498	-761.385	0.0144803	1.22619e-09	0.00248375	0.713303
5.84	0.0109571	-0.0279652	-758.154	0.014397	1.19458e-09	0.00246524	0.713328
5.85	0.0110092	0.031479	-758.158	0.0144276	1.16225e-09	0.00246625	0.713352
5.86	0.0109287	0.01045	-757.738	0.0140388	1.16411e-09	0.00239569	0.713377
5.87	0.0109454	-0.00033198	-754.723	0.0142531	1.16657e-09	0.00242812	0.713401
5.88	0.0109829	0.0104518	-752.321	0.0142026	1.15531e-09	0.00241542	0.713425
5.89	0.0107253	-0.055974	-751.406	0.0140229	1.16486e-09	0.00238081	0.713449
5.9	0.0110168	-0.015518	-750.598	0.0137627	1.17124e-09	0.00233267	0.713473
5.91	0.0108326	0.0116583	-749.63	0.0144424	1.13343e-09	0.00244372	0.713496
5.92	0.0108029	0.00801568	-747.94	0.0141014	1.10761e-09	0.002382	0.713521
5.93	0.0107777	-0.00161011	-746.948	0.0140117	1.10495e-09	0.00236286	0.713545
5.94	0.0110453	0.00590701	-745.41	0.0141157	1.16974e-09	0.00237639	0.713568
5.95	0.0108077	-0.000326571	-741.615	0.0133546	1.11532e-09	0.00224448	0.713592
5.96	0.0108976	0.00154916	-741.822	0.0135576	1.13891e-09	0.00227476	0.713614
5.97	0.0107603	-0.0154239	-741.403	0.0138447	1.11392e-09	0.00231904	0.713637
5.98	0.0108368	0.0258414	-739.961	0.013792	1.09116e-09	0.00230636	0.71366
5.99	0.0109689	-0.00505011	-738.808	0.0135263	1.15413e-09	0.00225815	0.713683
6	0.0109178	0.019016	-735.225	0.0133822	1.12029e-09	0.00223036	0.713706
6.01	0.0107882	-0.00428568	-735.835	0.0137925	1.11687e-09	0.00229493	0.713728
6.02	0.0107201	0.00767236	-733.844	0.0133248	1.08371e-09	0.00221342	0.713751
6.03	0.0107648	-0.0212665	-733.878	0.0131442	1.1102e-09	0.0021798	0.713773
6.04	0.0106887	-0.00180224	-731.682	0.0133118	1.09691e-09	0.00220393	0.713795
6.05	0.0108666	0.00342559	-728.864	0.0133742	1.0886e-09	0.00221062	0.713817
6.06	0.0109481	-0.00986181	-728.892	0.013189	1.13684e-09	0.0021764	0.713839
6.07	0.0107643	-0.00305225	-728.244	0.0129798	1.10046e-09	0.00213836	0.713861
6.08	0.0107426	-0.0109098	-726.951	0.0130225	1.08345e-09	0.00214187	0.713883
6.09	0.0108522	-0.00447719	-724.51	0.0127239	1.096e-09	0.00208931	0.713904
6.1	0.0106407	-0.0228104	-722.83	0.0126895	1.06545e-09	0.00208025	0.713925
6.11	0.0107921	-0.0119919	-722.694	0.0130115	1.10825e-09	0.00212955	0.713946
6.12	0.0107205	-0.0355768	-722.481	0.013136	1.09887e-09	0.00214641	0.713967
6.13	0.0108365	-0.00672677	-719.673	0.0123306	1.08594e-09	0.00201151	0.713988
6.14	0.0107892	0.00713532	-718.665	0.0125988	1.07807e-09	0.00205193	0.714009
6.15	0.0109265	0.008903	-717.192	0.0125632	1.10662e-09	0.0020428	0.714029
6.16	0.0107686	0.00357856	-716.257	0.012934	1.0846e-09	0.00209967	0.714049
6.17	0.010595	0.0293675	-713.314	0.0123888	1.03027e-09	0.00200791	0.71407
6.18	0.0106442	-0.0220048	-714.244	0.0127648	1.07412e-09	0.00206549	0.714091
6.19	0.0106789	0.0112899	-713.036	0.0126005	1.05657e-09	0.00203562	0.714111
6.2	0.0106751	0.00999829	-709.67	0.0122563	1.04528e-09	0.00197683	0.714132
6.21	0.0109872	-0.00217673	-710.959	0.0126868	1.08392e-09	0.00204296	0.714151
6.22	0.0107449	0.0219211	-708.748	0.0123762	1.04703e-09	0.00198974	0.714172
6.23	0.0108422	0.0327853	-708.564	0.012064	1.0471e-09	0.00193644	0.714192
6.24	0.0105595	-0.0201392	-705.349	0.0121945	1.03661e-09	0.00195425	0.714211
6.25	0.0106333	0.000382116	-704.58	0.0122636	1.03499e-09	0.00196218	0.714231
6.26	0.0106275	-0.0238274	-702.891	0.0118714	1.05283e-09	0.0018964	0.71425
6.27	0.0106759	-0.0138993	-701.167	0.0121213	1.04343e-09	0.00193322	0.714269
6.28	0.0105919	0.00260295	-701.4	0.0117077	1e-09	0.00186429	0.714288
6.29	0.0106794	0.0344464	-698.931	0.0122245	9.97967e-10	0.00194348	0.714307
6.3	0.0106298	-0.0101792	-697.906	0.0114959	1.02925e-09	0.00182475	0.714327
6.31	0.0104815	0.00410012	-696.034	0.01188	9.8487e-10	0.00188273	0.714345
6.32	0.0106538	0.0184771	-695.7	0.0119176	1.01793e-09	0.00188569	0.714364
6.33	0.0105949	0.0017639	-694.653	0.0116335	9.958e-10	0.00183783	0.714382
6.34	0.0107004	-0.0207411	-693.253	0.0117462	1.04488e-09	0.00185271	0.714401
6.35	0.0107303	0.00607677	-693.965	0.0117823	1.02356e-09	0.00185548	0.714419
6.36	0.0105823	0.00855959	-691.198	0.011445	9.95015e-10	0.00179953	0.714438
6.37	0.0106512	0.0274525	-689.244	0.0114896	9.89198e-10	0.0018037	0.714456
6.38	0.0105693	0.0108607	-688.348	0.0119202	1.00073e-09	0.00186837	0.714474
6.39	0.0106544	0.00638802	-687.198	0.0115744	1.01316e-09	0.00181133	0.714493
6.4	0.0106114	0.0116096	-687.028	0.011661	9.93934e-10	0.00182203	0.714511
6.41	0.0104639	0.0358563	-686.412	0.0112171	9.52619e-10	0.00174993	0.714529
6.42	0.0104529	0.00405365	-685.208	0.0112612	9.66811e-10	0.00175407	0.714547
6.43	0.0104112	-0.0173045	-682.15	0.0118733	9.711e-10	0.00184655	0.714564
6.44	0.0106667	-0.000967918	-682.687	0.0114995	9.97332e-10	0.00178564	0.714583
6.45	0.0106769	-0.0117229	-681.516	0.011445	1.01515e-09	0.00177441	0.7146
6.46	0.0104578	-0.00795705	-679.534	0.0112242	9.70303e-10	0.0017375	0.714618
6.47	0.0104108	0.0212679	-678.861	0.0112612	9.47511e-10	0.00174053	0.714635
6.48	0.010646	0.0180377	-675.571	0.0111807	9.91325e-10	0.00172542	0.714653
6.49	0.0103832	-0.00487464	-676.128	0.0111541	9.59446e-10	0.00171866	0.71467
6.5	0.0104911	0.00977451	-675.477	0.0114914	9.60321e-10	0.00176791	0.714687
6.51	0.0104475	-0.00998915	-673.043	0.0110754	9.73007e-10	0.00170129	0.714705
6.52	0.0106219	-0.0246753	-673.588	0.0112189	1.01977e-09	0.00172069	0.714722
6.53	0.0104683	-0.00932235	-672.618	0.0111094	9.50485e-10	0.00170128	0.714739
6.54	0.0105346	0.01961	-671.368	0.0111272	9.64296e-10	0.00170141	0.714756
6.55	0.0103664	-0.00991977	-670.445	0.0111647	9.56812e-10	0.00170453	0.714773
6.56	0.0105591	-0.0336354	-668.76	0.0105536	9.89211e-10	0.00160879	0.71479
6.57	0.0104685	-0.0260418	-668.53	0.0109267	9.60523e-10	0.00166312	0.714806
6.58	0.0103709	-0.0133369	-666.6	0.0109741	9.41167e-10	0.00166779	0.714823
6.59	0.0103526	-0.0253121	-666.341	0.010653	9.5602e-10	0.00161654	0.71484
6.6	0.0104694	0.0287626	-664.206	0.0105149	9.32365e-10	0.00159317	0.714856
6.61	0.0104872	-0.0375698	-663.919	0.0109082	9.77483e-10	0.00165025	0.714872
6.62	0.0105547	-0.0077759	-662.924	0.0106801	9.48046e-10	0.00161331	0.714888
6.63	0.0103264	-0.0198609	-661.46	0.0107399	9.40909e-10	0.00161989	0.714904
6.64	0.0104036	0.0215969	-660.447	0.0103245	9.30411e-10	0.0015549	0.714921
6.65	0.0105561	0.00196303	-660.296	0.0106979	9.51768e-10	0.0016087	0.714936
6.66	0.0104568	-0.0081314	-658.445	0.0102592	9.51533e-10	0.00154043	0.714952
6.67	0.0104767	0.0265814	-657.51	0.0101797	9.3026e-10	0.00152619	0.714968
6.68	0.0104067	0.0167306	-656.689	0.0104768	9.29407e-10	0.00156838	0.714983
6.69	0.0103453	0.0101413	-655.218	0.0103247	9.07246e-10	0.00154331	0.714999
6.7	0.0104618	0.0272038	-652.871	0.0106617	9.05264e-10	0.00159129	0.715014
6.71	0.0103007	-0.00885559	-653.507	0.0100636	9.14279e-10	0.00149979	0.71503
6.72	0.010453	0.0190812	-652.004	0.0101131	9.22244e-10	0.00150492	0.715045
6.73	0.0103385	-0.00129264	-650.636	0.0102425	9.07722e-10	0.00152192	0.71506
6.74	0.0103125	0.0140017	-649.966	0.0103015	9.03162e-10	0.00152841	0.715075
6.75	0.0103769	0.00298374	-648.742	0.0101156	8.9417e-10	0.00149861	0.715091
6.76	0.0103768	-0.00152016	-646.767	0.0101391	9.02555e-10	0.00149986	0.715105
6.77	0.0103541	-0.00216981	-646.028	0.0102031	8.9458e-10	0.0015071	0.71512
6.78	0.010391	0.00235472	-645.7	0.0101201	8.88604e-10	0.00149264	0.715136
6.79	0.0103272	-0.00408558	-644.051	0.0101287	9.04837e-10	0.00149171	0.71515
6.8	0.010364	0.00011697	-643.839	0.0098936	9.03419e-10	0.00145494	0.715165
6.81	0.0103002	-0.00123912	-642.194	0.00990944	8.87536e-10	0.00145513	0.71518
6.82	0.0102195	0.0138354	-641.671	0.00951368	8.76262e-10	0.00139497	0.715195
6.83	0.0102922	0.00825096	-641.227	0.00974552	8.65657e-10	0.00142687	0.715208
6.84	0.0104481	0.0114537	-640.082	0.0100042	8.9575e-10	0.0014626	0.715223
6.85	0.0102799	0.0023085	-638.755	0.00986555	8.81562e-10	0.00144023	0.715237
6.86	0.0102024	0.00395878	-638.318	0.00956091	8.7303e-10	0.00139372	0.715252
6.87	0.0102837	-0.0136716	-637.796	0.0095961	8.9008e-10	0.00139681	0.715266
6.88	0.0103272	0.0108441	-634.599	0.00970883	8.76419e-10	0.00141117	0.71528
6.89	0.0100286	0.00403851	-635.344	0.0094446	8.29189e-10	0.00137077	0.715294
6.9	0.010416	-0.0190416	-632.979	0.00956666	8.9413e-10	0.00138647	0.715307
6.91	0.0103972	-0.0176683	-631.564	0.00946285	9.02707e-10	0.00136944	0.715321
6.92	0.0102805	-0.000486091	-631.666	0.00979137	8.69656e-10	0.00141494	0.715335
6.93	0.0101878	-0.023654	-632.006	0.00960854	8.70212e-10	0.00138651	0.715349
6.94	0.0101018	0.0257943	-630.587	0.00933665	8.33369e-10	0.00134534	0.715363
6.95	0.0102174	-0.0217973	-628.247	0.00975525	8.84669e-10	0.00140363	0.715377
6.96	0.0100366	-0.0128093	-627.516	0.00961948	8.46633e-10	0.00138211	0.715391
6.97	0.0103036	0.0246885	-627.715	0.0094471	8.55222e-10	0.0013554	0.715404
6.98	0.0102884	-0.000175633	-626.34	0.0093277	8.75551e-10	0.00133635	0.715418
6.99	0.0102141	0.0154011	-624.531	0.0095048	8.54625e-10	0.00135977	0.715431
7	0.0101702	0.0332476	-624.384	0.0094436	8.21615e-10	0.00134909	0.715445
7.01	0.0103167	0.00923993	-624.973	0.00927965	8.68981e-10	0.00132377	0.715458
7.02	0.0102383	-0.00118201	-622.66	0.0091773	8.58208e-10	0.00130731	0.715472
7.03	0.0101905	-0.0191775	-621.705	0.00930263	8.62385e-10	0.00132328	0.715485
7.04	0.0102226	-0.000389113	-619.902	0.00939688	8.47026e-10	0.00133478	0.715498
7.05	0.0101341	0.00700578	-620.357	0.0091515	8.31503e-10	0.00129808	0.715511
7.06	0.010277	-0.00764919	-619.35	0.00923467	8.55643e-10	0.00130803	0.715524
7.07	0.0102608	0.0222623	-618.171	0.00900392	8.3369e-10	0.00127354	0.715537
7.08	0.0101439	-0.0133232	-616.839	0.00895556	8.38982e-10	0.00126491	0.71555
7.09	0.0101575	-0.0254703	-616.073	0.0090485	8.38416e-10	0.00127623	0.715563
7.1	0.0102028	-0.00726307	-615.085	0.00888611	8.31768e-10	0.00125156	0.715575
7.11	0.010248	0.00353812	-615.299	0.00879087	8.38159e-10	0.00123641	0.715588
7.12	0.0102427	0.000448453	-614.508	0.00902498	8.25671e-10	0.00126755	0.7156
7.13	0.0101156	0.0253956	-614.078	0.00895068	8.06393e-10	0.00125536	0.715613
7.14	0.0101034	0.0157632	-611.701	0.00907917	7.96879e-10	0.00127159	0.715626
7.15	0.0101427	-0.00936581	-611.862	0.00875975	8.25004e-10	0.00122514	0.715638
7.16	0.0101633	-0.0102172	-610.774	0.00873983	8.45042e-10	0.00122065	0.715651
7.17	0.0102325	0.0104209	-609.008	0.00861025	8.24071e-10	0.00120087	0.715663
7.18	0.0100348	-0.0117734	-607.957	0.00884041	8.02281e-10	0.00123126	0.715675
7.19	0.0101274	-0.0106678	-608.22	0.00893206	8.22148e-10	0.00124229	0.715687
7.2	0.0101401	0.0129194	-606.094	0.00867662	8.08805e-10	0.00120509	0.715699
7.21	0.0102049	0.0451444	-604.4	0.00858434	8.08463e-10	0.00119062	0.715712
7.22	0.00989551	-0.0168199	-604.752	0.00879761	7.93802e-10	0.00121851	0.715723
7.23	0.0101246	-0.00295016	-603.88	0.00855816	8.1241e-10	0.0011837	0.715736
7.24	0.0101365	-0.00216841	-602.038	0.00874294	8.08901e-10	0.00120759	0.715747
7.25	0.00998823	-0.0377319	-604.043	0.00870589	7.97604e-10	0.00120081	0.71576
7.26	0.0100187	-0.0145644	-601.299	0.00854101	8.01838e-10	0.00117645	0.715772
7.27	0.0101587	-0.00647839	-600.288	0.0084942	8.09793e-10	0.00116839	0.715783
7.28	0.00988299	-0.0325739	-598.037	0.00846316	7.74615e-10	0.00116252	0.715795
7.29	0.00994745	0.0070489	-596.46	0.00834042	7.68991e-10	0.00114409	0.715807
7.3	0.0101356	-0.0105721	-597.609	0.00832828	8.07506e-10	0.00114086	0.715818
7.31	0.0101343	-0.0101623	-597.086	0.00856556	8.11416e-10	0.00117176	0.715829
7.32	0.0100745	-0.0239965	-595.779	0.00821371	7.96806e-10	0.00112209	0.715841
7.33	0.0100697	0.0020274	-595.975	0.00841356	7.95273e-10	0.00114783	0.715852
7.34	0.0100497	0.0193603	-594.561	0.00854154	7.77676e-10	0.0011637	0.715864
7.35	0.00998198	-0.0132384	-593.794	0.00822097	7.84971e-10	0.0011185	0.715876
7.36	0.010209	0.005934	-592.869	0.00823883	8.22164e-10	0.00111941	0.715887
7.37	0.0100791	-0.00483067	-591.022	0.00826424	7.91987e-10	0.00112134	0.715898
7.38	0.0100462	-0.0127715	-590.52	0.00862215	7.81669e-10	0.00116831	0.715909
7.39	0.0100564	-0.00826245	-589.731	0.00814425	7.88463e-10	0.00110206	0.715921
7.4	0.0100078	0.0154558	-590.64	0.00824565	7.74772e-10	0.00111428	0.715932
7.41	0.00997766	0.00688168	-588.818	0.00827104	7.73588e-10	0.0011162	0.715943
7.42	0.010041	0.0181245	-587.601	0.00791707	7.6838e-10	0.00106699	0.715954
7.43	0.0099321	-0.0387693	-586.542	0.00786338	7.71528e-10	0.00105833	0.715965
7.44	0.00991809	0.00731303	-585.466	0.00802941	7.53616e-10	0.00107922	0.715975
7.45	0.00998665	0.00214518	-585.168	0.00795815	7.61174e-10	0.00106821	0.715986
7.46	0.0099386	-0.0163518	-584.679	0.0080598	7.62438e-10	0.0010804	0.715997
7.47	0.0100161	-0.00100531	-582.887	0.00795127	7.52009e-10	0.00106443	0.716008
7.48	0.00997311	0.014146	-583.13	0.00819188	7.55061e-10	0.00109517	0.716018
7.49	0.0100282	-0.015424	-581.332	0.00807012	7.82116e-10	0.00107745	0.716029
7.5	0.00999936	0.0209477	-580.583	0.00792763	7.43597e-10	0.00105702	0.71604
7.51	0.0100463	-0.00923406	-579.303	0.00787932	7.70564e-10	0.00104918	0.716051
7.52	0.00997683	0.00874043	-578.757	0.00799336	7.5522e-10	0.00106295	0.716061
7.53	0.0100749	-0.00761502	-578.154	0.00787357	7.76601e-10	0.00104563	0.716072
7.54	0.0098566	-0.00744877	-577.668	0.00783107	7.41732e-10	0.0010386	0.716082
7.55	0.00999111	0.0426154	-577.102	0.00781481	7.32542e-10	0.00103507	0.716093
7.56	0.00996092	0.00442219	-577.634	0.00781078	7.46399e-10	0.00103317	0.716103
7.57	0.00981833	0.00321523	-575.833	0.00785524	7.15974e-10	0.00103768	0.716113
7.58	0.00988584	0.0201165	-574.587	0.00768676	7.29324e-10	0.00101408	0.716124
7.59	0.0100144	0.0311401	-574.271	0.00780712	7.44779e-10	0.00102861	0.716134
7.6	0.0100212	0.000626583	-573.117	0.00779342	7.46231e-10	0.00102545	0.716144
7.61	0.00978823	-0.0177459	-572.647	0.00766523	7.34723e-10	0.00100726	0.716154
7.62	0.009943	-0.00543189	-571.675	0.00789775	7.54228e-10	0.00103645	0.716164
7.63	0.00987807	0.00140199	-571.56	0.00749199	7.31211e-10	0.000981912	0.716175
7.64	0.00995363	0.0127381	-569.887	0.00773044	7.33741e-10	0.00101184	0.716185
7.65	0.0100267	0.0255906	-569.769	0.00775805	7.36008e-10	0.00101412	0.716195
7.66	0.00999769	-0.0249564	-568.457	0.00773169	7.54078e-10	0.00100936	0.716205
7.67	0.00998846	-0.0126119	-567.597	0.00756641	7.44937e-10	0.000986494	0.716215
7.68	0.00993466	0.0148921	-567.221	0.00765823	7.27106e-10	0.000997166	0.716225
7.69	0.00998073	0.0120577	-566.617	0.0074589	7.28668e-10	0.000969948	0.716235
7.7	0.0100075	0.0151007	-565.966	0.0074344	7.27564e-10	0.000965506	0.716244
7.71	0.00993426	-0.0186517	-565.012	0.00738609	7.43355e-10	0.000957988	0.716254
7.72	0.00988254	0.00994571	-563.848	0.0074204	7.15737e-10	0.000961191	0.716264
7.73	0.00986202	-0.00186855	-563.343	0.00722671	7.23149e-10	0.000934891	0.716273
7.74	0.00984605	-0.00487293	-562.536	0.00748529	7.05462e-10	0.000967092	0.716283
7.75	0.00986736	0.027909	-562.07	0.00730158	7.04728e-10	0.00094214	0.716292
7.76	0.0100105	0.000658074	-560.631	0.00731777	7.36263e-10	0.000943012	0.716302
7.77	0.00984805	-0.00177899	-560.428	0.00736584	7.21641e-10	0.000947984	0.716311
7.78	0.00987737	0.0143081	-559.949	0.00735967	7.23421e-10	0.000945973	0.716321
7.79	0.00989379	0.00403986	-559.046	0.00725231	7.2653e-10	0.000930977	0.71633
7.8	0.00976134	-0.0340875	-558.672	0.00729608	7.17535e-10	0.000935395	0.716339
7.81	0.00986121	-0.0120716	-556.408	0.00721704	7.1727e-10	0.000924077	0.716349
7.82	0.00989176	0.00477094	-557.695	0.00727352	7.20436e-10	0.000930117	0.716358
7.83	0.0098316	0.0112613	-554.713	0.00730024	6.95874e-10	0.000932343	0.716367
7.84	0.0099021	0.00360414	-555.912	0.00709685	7.14957e-10	0.000905211	0.716377
7.85	0.0100371	-0.0253422	-554.755	0.00707405	7.56422e-10	0.000901153	0.716386
7.86	0.0098227	-0.0327648	-553.578	0.00706259	7.0248e-10	0.000898549	0.716395
7.87	0.00989921	0.00308231	-553.172	0.00703462	7.17627e-10	0.000893852	0.716404
7.88	0.00998908	0.00743955	-553.141	0.0071035	7.18078e-10	0.000901459	0.716413
7.89	0.00990274	0.012889	-552.76	0.00692201	6.97132e-10	0.000877314	0.716422
7.9	0.00987863	0.00822304	-551.72	0.0071994	7.0196e-10	0.000911316	0.71643
7.91	0.00982425	0.00950819	-550.249	0.00700842	7.11248e-10	0.000886021	0.71644
7.92	0.00985405	-0.0320938	-548.568	0.00700394	7.18267e-10	0.000884336	0.716448
7.93	0.00974122	0.00445136	-549.26	0.00695844	6.8345e-10	0.000877484	0.716457
7.94	0.00971086	0.0161978	-547.935	0.00703965	6.69593e-10	0.000886605	0.716466
7.95	0.010014	0.0145958	-547.124	0.00691485	7.08571e-10	0.000869793	0.716475
7.96	0.00984497	-0.0177963	-547.733	0.0070701	6.94167e-10	0.000888203	0.716484
7.97	0.00985959	0.00599077	-546.12	0.00700587	6.89148e-10	0.00087903	0.716492
7.98	0.00982473	0.0179977	-547.44	0.00690123	6.77213e-10	0.000864816	0.716501
7.99	0.00977274	-0.0105935	-545.681	0.00698474	6.94766e-10	0.000874185	0.71651
8	0.00972321	-0.0403127	-543.966	0.00683227	7.04028e-10	0.000854034	0.716519
8.01	0.00976017	0.0181181	-543.338	0.00691417	6.70996e-10	0.000863192	0.716527
8.02	0.00978428	-0.00332227	-544.021	0.00684856	6.80626e-10	0.000853935	0.716536
8.03	0.00989979	0.0222725	-542.59	0.00693167	6.80927e-10	0.000863222	0.716544
8.04	0.00981703	0.0302185	-540.999	0.0067936	6.53594e-10	0.000844975	0.716553
8.05	0.0097555	0.0184101	-540.406	0.00691875	6.61703e-10	0.000859472	0.716561
8.06	0.00985689	0.010874	-539.993	0.00659273	6.8598e-10	0.000817957	0.71657
8.07	0.00968895	0.00291252	-538.276	0.00674584	6.61629e-10	0.000835916	0.716578
8.08	0.00976539	0.00188598	-539.204	0.00665175	6.74563e-10	0.000823237	0.716587
8.09	0.00968812	-0.00246634	-537.89	0.00648886	6.63968e-10	0.000802084	0.716595
8.1	0.00977776	0.00335761	-537.57	0.00658519	6.67054e-10	0.000812987	0.716603
8.11	0.00968341	-0.00337074	-536.504	0.0066743	6.68091e-10	0.000822972	0.716611
8.12	0.0099021	-0.0200996	-536.064	0.00672952	6.9218e-10	0.000828758	0.716619
8.13	0.00972062	-0.0237559	-536.055	0.00666191	6.6204e-10	0.000819424	0.716627
8.14	0.0096848	-0.00882207	-533.992	0.00666148	6.58394e-10	0.000818363	0.716636
8.15	0.00967895	0.0188356	-534.305	0.00673217	6.49076e-10	0.000826033	0.716644
8.16	0.00995666	0.0146204	-532.408	0.00658108	6.75152e-10	0.000806505	0.716652
8.17	0.00962245	0.0186023	-533.439	0.00641882	6.41666e-10	0.000785657	0.71666
8.18	0.0098235	-0.00903801	-531.673	0.0064808	6.74994e-10	0.000792274	0.716668
8.19	0.00982054	0.0175786	-532.299	0.00664753	6.7187e-10	0.000811664	0.716676
8.2	0.00970112	0.0212982	-530.265	0.00650493	6.49753e-10	0.000793284	0.716684
8.21	0.00972133	0.0132804	-529.213	0.00652212	6.44714e-10	0.000794412	0.716692
8.22	0.00976011	0.0245787	-530.351	0.00651247	6.49103e-10	0.000792271	0.7167
8.23	0.00961069	-0.0137496	-527.532	0.00648913	6.49521e-10	0.000788473	0.716708
8.24	0.00964495	-0.0437879	-528.733	0.00634909	6.64625e-10	0.000770521	0.716716
8.25	0.00965397	-0.0218648	-527.088	0.006232	6.56913e-10	0.000755394	0.716723
8.26	0.00976275	-0.0455773	-524.861	0.00634547	6.76506e-10	0.000768216	0.716731
8.27	0.00973264	0.015527	-524.712	0.00630144	6.54403e-10	0.000761963	0.716739
8.28	0.00971709	0.0209292	-524.868	0.00638739	6.50916e-10	0.000771424	0.716746
8.29	0.00989618	0.0212997	-524.349	0.00634554	6.645e-10	0.000765446	0.716754
8.3	0.00988214	0.00880368	-524.798	0.00629891	6.60658e-10	0.000758905	0.716762
8.31	0.00973736	0.0202467	-523.771	0.00638961	6.43837e-10	0.000768907	0.716769
8.32	0.009545	0.00599867	-523.079	0.00627599	6.21708e-10	0.000754325	0.716777
8.33	0.00974367	-0.00115025	-522.331	0.00613612	6.5141e-10	0.00073663	0.716785
8.34	0.00968002	0.00304329	-521.931	0.00615381	6.42633e-10	0.000737867	0.716792
8.35	0.00975156	-0.00159078	-521.067	0.00638316	6.52531e-10	0.000764451	0.716799
8.36	0.00965799	0.0120097	-521.287	0.00611451	6.38639e-10	0.0007314	0.716807
8.37	0.00967155	0.00102989	-519.23	0.00608742	6.38635e-10	0.000727291	0.716814
8.38	0.00962596	0.0250325	-518.916	0.00620297	6.28789e-10	0.000740212	0.716821
8.39	0.0096126	0.0121381	-519.571	0.00617762	6.24307e-10	0.000736307	0.716829
8.4	0.00973827	0.0120713	-517.19	0.00611798	6.49559e-10	0.000728331	0.716836
8.41	0.00982674	-0.0326182	-517.703	0.00606554	6.68731e-10	0.000721229	0.716844
8.42	0.00964219	0.0206325	-516.485	0.00608963	6.1962e-10	0.000723234	0.716851
8.43	0.00964192	-0.0302096	-514.521	0.00612096	6.46219e-10	0.000726093	0.716858
8.44	0.00958353	-0.0171199	-514.889	0.00603981	6.36687e-10	0.000715617	0.716865
8.45	0.00968416	-0.00640254	-514.519	0.00615303	6.38946e-10	0.000728169	0.716872
8.46	0.00949188	-0.0496861	-514.521	0.00606716	6.43539e-10	0.000717158	0.71688
8.47	0.00964556	-0.000755108	-513.932	0.00601613	6.27437e-10	0.000710287	0.716887
8.48	0.009631	-0.0142802	-514.31	0.00609868	6.41318e-10	0.000719184	0.716894
8.49	0.00970627	-0.00808271	-513.027	0.00602339	6.38525e-10	0.000709469	0.716901
8.5	0.00959774	-0.0152156	-513.754	0.00606195	6.30755e-10	0.000713171	0.716908
8.51	0.00967643	-0.00851416	-512.111	0.00608255	6.34195e-10	0.000714753	0.716915
8.52	0.00966584	-0.00148919	-510.556	0.00608822	6.34361e-10	0.000714579	0.716923
8.53	0.00984608	0.00579548	-509.318	0.006072	6.42231e-10	0.00071184	0.71693
8.54	0.00968559	0.00481252	-509.703	0.00581956	6.27917e-10	0.000681447	0.716937
8.55	0.00960064	-0.0324208	-507.49	0.00591807	6.24779e-10	0.000692171	0.716944
8.56	0.00963162	0.00835624	-509.084	0.00592204	6.07136e-10	0.000691827	0.716951
8.57	0.00965287	0.0221651	-508.382	0.00602977	6.02618e-10	0.000703591	0.716957
8.58	0.00965268	0.0229022	-507	0.00592669	6.043e-10	0.000690756	0.716964
8.59	0.00965563	-0.00647238	-506.122	0.00606409	6.20854e-10	0.000705947	0.716971
8.6	0.00959392	0.0356828	-506.822	0.0059094	5.97468e-10	0.000687139	0.716978
8.61	0.00982485	0.0170087	-505.498	0.00577761	6.35684e-10	0.000671035	0.716985
8.62	0.00962649	-0.0067817	-505.813	0.00585844	6.20246e-10	0.000679634	0.716992
8.63	0.00973457	0.018963	-504.019	0.0058188	6.13867e-10	0.000674252	0.716999
8.64	0.00968416	0.0277166	-503.549	0.00591166	6.01737e-10	0.00068422	0.717006
8.65	0.00962863	-0.00193975	-503.191	0.00575496	6.23685e-10	0.000665313	0.717012
8.66	0.00964169	0.00100237	-502.827	0.00575622	6.23515e-10	0.000664691	0.717019
8.67	0.00954998	-0.0111709	-501.145	0.00584691	6.067e-10	0.000674384	0.717026
8.68	0.00944188	-0.0328725	-500.336	0.00581956	5.98007e-10	0.000670456	0.717032
8.69	0.00960592	-0.0179458	-500.339	0.0056383	6.17233e-10	0.000648827	0.717039
8.7	0.00967816	0.00155811	-500.854	0.00564532	6.20042e-10	0.000648887	0.717046
8.71	0.00981669	0.0176633	-499.252	0.00558028	6.2274e-10	0.000640675	0.717052
8.72	0.0095853	-0.0140404	-498.334	0.00566668	6.09873e-10	0.000649849	0.717059
8.73	0.00956537	-0.0172366	-498.172	0.00560084	6.01926e-10	0.000641562	0.717065
8.74	0.00967315	0.014032	-497.789	0.00574249	5.96693e-10	0.000657035	0.717071
8.75	0.00946757	-0.00856457	-497.737	0.00563737	5.88501e-10	0.00064427	0.717078
8.76	0.00969016	-0.0173232	-495.788	0.00553898	6.19299e-10	0.000632304	0.717084
8.77	0.00966312	-0.0179933	-496.645	0.00565838	6.04335e-10	0.000645197	0.717091
8.78	0.00952888	0.00748478	-496.309	0.00553558	5.86191e-10	0.000630476	0.717097
8.79	0.00960571	-0.000497837	-495.667	0.00555576	5.94995e-10	0.000632055	0.717104
8.8	0.0097099	-0.00429608	-494.125	0.00552829	6.02393e-10	0.000628215	0.71711
8.81	0.00961991	-0.0235491	-493.672	0.00559918	6.077e-10	0.000635548	0.717116
8.82	0.00971807	0.0045158	-493.437	0.00543147	6.07659e-10	0.000615813	0.717122
8.83	0.00964294	0.0149107	-493.382	0.00549417	5.97946e-10	0.000622216	0.717129
8.84	0.00958208	0.0219956	-492.397	0.0054989	5.88494e-10	0.000622047	0.717135
8.85	0.00940239	0.00304753	-492.354	0.00536241	5.66855e-10	0.000605922	0.717141
8.86	0.0094966	-0.0124404	-489.98	0.00541437	5.89919e-10	0.000611103	0.717147
8.87	0.00951576	-0.0310745	-490.238	0.00539257	5.94787e-10	0.000607956	0.717153
8.88	0.00954589	-0.0124103	-489.531	0.00543043	5.83437e-10	0.000611535	0.717159
8.89	0.00964761	-0.00448783	-488.98	0.005351	5.95965e-10	0.000601912	0.717165
8.9	0.00956634	0.0280695	-489.11	0.00550653	5.7751e-10	0.000618711	0.717171
8.91	0.00961518	-0.0113371	-488.146	0.00541383	6.00437e-10	0.000607613	0.717178
8.92	0.00959495	-0.000911957	-487.775	0.00530558	5.8844e-10	0.000594796	0.717184
8.93	0.00946632	-0.0196198	-488.174	0.00537476	5.87902e-10	0.000601877	0.71719
8.94	0.00949813	0.0280778	-486.19	0.00533584	5.70893e-10	0.000596851	0.717196
8.95	0.00951057	-0.0127183	-485.563	0.0053591	5.79815e-10	0.000598782	0.717202
8.96	0.00950793	0.00530843	-486.265	0.00535909	5.76035e-10	0.000598112	0.717208
8.97	0.00967608	0.00941937	-485.036	0.00537549	5.85459e-10	0.000599275	0.717214
8.98	0.00953409	-0.03527	-484.907	0.00536798	5.8796e-10	0.000597771	0.71722
8.99	0.00960741	0.0157862	-484.041	0.00536662	5.79163e-10	0.000596955	0.717226
9	0.00952841	0.000546848	-483.83	0.00527264	5.75212e-10	0.000585849	0.717232
9.01	0.00951948	-0.0206426	-482.666	0.00507122	5.78163e-10	0.000562843	0.717237
9.02	0.00970243	0.0255488	-482.868	0.00510955	5.87631e-10	0.000566469	0.717243
9.03	0.00947645	-0.00431813	-481.95	0.0052105	5.721e-10	0.000577021	0.717249
9.04	0.00954722	0.0189742	-482.174	0.0053036	5.7148e-10	0.000586681	0.717255
9.05	0.00949697	-0.00677794	-481.809	0.00516017	5.75047e-10	0.000570184	0.71726
9.06	0.00937427	0.00155277	-480.695	0.00521999	5.52867e-10	0.000576158	0.717266
9.07	0.00952892	0.00024464	-480.322	0.00534628	5.72455e-10	0.000589447	0.717272
9.08	0.00957631	0.0202763	-479.694	0.00520544	5.67573e-10	0.000573286	0.717278
9.09	0.00955498	-0.0202923	-479.85	0.0051545	5.87034e-10	0.000567052	0.717283
9.1	0.00948447	0.00238255	-478.452	0.00520224	5.67958e-10	0.000571675	0.717289
9.11	0.00959537	-0.04318	-477.722	0.00521188	5.95614e-10	0.000572105	0.717295
9.12	0.00959601	-0.0100561	-478.319	0.0052232	5.77952e-10	0.000572719	0.717301
9.13	0.00956275	0.0079023	-477.076	0.00506502	5.70355e-10	0.000554767	0.717306
9.14	0.00964149	0.0304957	-477.388	0.00513123	5.55781e-10	0.000561404	0.717312
9.15	0.00958974	-0.00107603	-475.447	0.00506954	5.74917e-10	0.000554048	0.717317
9.16	0.00944223	-0.00576748	-474.999	0.00505694	5.60294e-10	0.000552067	0.717323
9.17	0.00944938	0.0256809	-473.277	0.00502732	5.5325e-10	0.000548236	0.717329
9.18	0.00955702	0.00255342	-473.469	0.00497496	5.65928e-10	0.000541934	0.717334
9.19	0.00939516	0.00885946	-473.518	0.00497345	5.46346e-10	0.000541181	0.717339
9.2	0.00962404	0.00301285	-472.433	0.00499174	5.67022e-10	0.000542581	0.717345
9.21	0.00949394	-0.0230075	-473.83	0.00513196	5.60966e-10	0.000557216	0.71735
9.22	0.00936323	-0.00807578	-471.502	0.00501248	5.47486e-10	0.000543653	0.717356
9.23	0.00937963	0.0194544	-471.593	0.00505074	5.43604e-10	0.000547209	0.717361
9.24	0.00938841	0.00423634	-470.874	0.00497794	5.48024e-10	0.000538738	0.717367
9.25	0.00951086	0.00331813	-471.384	0.00499233	5.59057e-10	0.000539712	0.717372
9.26	0.00954722	0.0230227	-470.535	0.00495914	5.58645e-10	0.000535545	0.717378
9.27	0.00950596	-0.0373369	-470.484	0.00506859	5.67432e-10	0.000546773	0.717383
9.28	0.00936622	-0.00496848	-468.84	0.00489928	5.44492e-10	0.00052794	0.717388
9.29	0.00939678	-0.00937878	-468.749	0.00498166	5.3998e-10	0.000536239	0.717394
9.3	0.0094727	-0.00471697	-468.391	0.00487605	5.55525e-10	0.000524306	0.717399
9.31	0.00956084	0.0184439	-468.039	0.00490017	5.51932e-10	0.000526334	0.717404
9.32	0.00937922	-0.0208192	-466.702	0.00493383	5.40157e-10	0.00052938	0.71741
9.33	0.00932706	0.00704912	-466.366	0.0049984	5.29215e-10	0.000535734	0.717415
9.34	0.00944497	-0.00171711	-465.364	0.005104	5.42331e-10	0.000546467	0.71742
9.35	0.00948185	-0.0160413	-465.36	0.00483081	5.54192e-10	0.000516664	0.717426
9.36	0.00941507	-0.0273211	-464.808	0.00480898	5.53586e-10	0.00051378	0.717431
9.37	0.00953883	0.000523151	-465.122	0.00496357	5.52165e-10	0.00052973	0.717436
9.38	0.00942483	0.0144981	-464.826	0.00499216	5.30881e-10	0.000532213	0.717441
9.39	0.00941001	0.00928036	-464.926	0.00467174	5.30382e-10	0.000497523	0.717447
9.4	0.00940804	0.00887476	-464.301	0.00479899	5.30809e-10	0.000510531	0.717452
9.41	0.00951966	-0.0167896	-462.939	0.00482843	5.49633e-10	0.000513117	0.717457
9.42	0.00934095	-0.00601897	-462.244	0.00475756	5.30332e-10	0.000505049	0.717462
9.43	0.0094223	0.0246463	-462.142	0.00475598	5.29139e-10	0.000504345	0.717467
9.44	0.0094186	0.00526454	-462.761	0.00474071	5.30731e-10	0.000502194	0.717472
9.45	0.00933796	-0.00693876	-462.651	0.00470489	5.32573e-10	0.000497872	0.717477
9.46	0.00943274	0.0421258	-460.44	0.00482284	5.1786e-10	0.000509814	0.717482
9.47	0.00939188	0.029115	-459.985	0.00474083	5.23726e-10	0.000500616	0.717487
9.48	0.00947126	0.0234245	-458.769	0.0046096	5.32797e-10	0.000486245	0.717492
9.49	0.00948671	0.0186056	-459.351	0.00477097	5.28429e-10	0.000502737	0.717497
9.5	0.00930654	-0.0102133	-457.747	0.0046585	5.27835e-10	0.000490368	0.717502
9.51	0.00942299	-0.0233569	-457.017	0.00461426	5.39116e-10	0.0004852	0.717507
9.52	0.00942404	0.00588084	-457.906	0.00478217	5.32201e-10	0.000502329	0.717512
9.53	0.00928443	0.0136218	-457.028	0.00462489	5.13835e-10	0.000485298	0.717517
9.54	0.0094602	0.0121347	-455.002	0.0046661	5.30195e-10	0.000489109	0.717521
9.55	0.00931125	-0.00648118	-457.732	0.00460481	5.2388e-10	0.000482179	0.717526
9.56	0.0094102	-0.00495983	-456.319	0.00466123	5.2832e-10	0.000487577	0.717531
9.57	0.00952944	-0.000396298	-454.82	0.0046472	5.40559e-10	0.000485601	0.717536
9.58	0.0094034	0.0111485	-454.406	0.00467167	5.16951e-10	0.000487648	0.717541
9.59	0.00942531	0.0133439	-455.206	0.00460671	5.3063e-10	0.000480366	0.717546
9.6	0.00933142	-0.0109075	-453.667	0.00455061	5.23469e-10	0.000474022	0.717551
9.61	0.00934506	0.0214859	-452.42	0.00460138	5.05808e-10	0.000478811	0.717555
9.62	0.00934551	-0.0141564	-452.469	0.00460411	5.19896e-10	0.000478598	0.71756
9.63	0.00937909	0.00293842	-453.385	0.00445523	5.19543e-10	0.000462641	0.717565
9.64	0.00940322	0.00298842	-452.603	0.00455452	5.25591e-10	0.000472461	0.71757
9.65	0.00941136	-0.00153208	-453.013	0.00448383	5.27974e-10	0.000464646	0.717574
9.66	0.00941964	0.042257	-449.263	0.0046107	5.02908e-10	0.000477298	0.717579
9.67	0.00919672	-0.0287338	-450.238	0.00461378	5.14002e-10	0.000477123	0.717584
9.68	0.00932467	-0.025761	-449.12	0.00455118	5.25275e-10	0.000470163	0.717588
9.69	0.0093522	-0.0178135	-449.47	0.00437446	5.2348e-10	0.00045144	0.717593
9.7	0.00931609	0.000299716	-450.046	0.00432877	5.14517e-10	0.000446265	0.717598
9.71	0.00940394	0.00284645	-448.767	0.0044419	5.13889e-10	0.000457456	0.717602
9.72	0.00949007	0.00817276	-449.679	0.00444007	5.30382e-10	0.000456798	0.717607
9.73	0.0094011	-0.00908353	-448.085	0.00441965	5.16819e-10	0.000454229	0.717611
9.74	0.00953823	-0.00806032	-447.862	0.00444685	5.32328e-10	0.000456555	0.717616
9.75	0.00951038	0.0356226	-445.629	0.00441771	5.12741e-10	0.000453098	0.71762
9.76	0.00935914	0.0137729	-446.661	0.00450511	5.17211e-10	0.000461589	0.717625
9.77	0.00935802	0.0198062	-446.091	0.00437618	4.97986e-10	0.00044792	0.71763
9.78	0.00948268	-0.00422707	-445.486	0.00434951	5.18903e-10	0.000444735	0.717634
9.79	0.00921863	0.0181759	-445.426	0.00434987	4.91481e-10	0.000444318	0.717638
9.8	0.00933997	0.0162816	-444.435	0.00440641	4.97191e-10	0.000449634	0.717643
9.81	0.00947641	0.0377162	-444.888	0.00449614	5.09775e-10	0.000458322	0.717647
9.82	0.00931385	0.00622014	-444.581	0.00434411	4.97712e-10	0.000442374	0.717652
9.83	0.00936825	-0.00488771	-444.342	0.00447136	5.0561e-10	0.000454869	0.717656
9.84	0.00936838	0.0172844	-443.094	0.00428493	5.05388e-10	0.00043546	0.717661
9.85	0.00938355	-0.0229077	-443.358	0.00437247	5.17479e-10	0.000443906	0.717665
9.86	0.00935349	0.0355255	-441.288	0.00431839	4.91004e-10	0.000437971	0.71767
9.87	0.00941003	0.011964	-440.646	0.00433853	5.02415e-10	0.000439567	0.717674
9.88	0.00924481	-0.0231838	-441.146	0.0042383	5.02997e-10	0.000428978	0.717679
9.89	0.00951256	0.0445165	-441.645	0.00427417	5.03326e-10	0.000432171	0.717683
9.9	0.0093956	-0.0100667	-440.728	0.00432644	5.13187e-10	0.000437014	0.717687
9.91	0.00932051	0.00901783	-439.716	0.00429063	5.00675e-10	0.000432959	0.717692
9.92	0.00936277	0.00647977	-439.252	0.00429156	5.05946e-10	0.000432617	0.717696
9.93	0.00931283	0.00794697	-438.788	0.00430232	4.99196e-10	0.000433265	0.7177
9.94	0.00931833	0.023529	-437.925	0.00433188	4.85403e-10	0.000435803	0.717704
9.95	0.00933187	0.0239	-438.133	0.00422632	4.9013e-10	0.000424755	0.717709
9.96	0.00921019	-0.00507924	-437.866	0.00421615	4.86921e-10	0.000423309	0.717713
9.97	0.00922768	-0.022694	-437.989	0.00429637	4.94377e-10	0.00043093	0.717717
9.98	0.009386	-0.00331799	-437.527	0.00427889	5.08455e-10	0.000428746	0.717722
9.99	0.00936138	0.00632807	-436.961	0.00419768	4.93851e-10	0.000420188	0.717726
10	0.00937089	-0.019698	-436.112	0.00416763	5.08987e-10	0.000416763	0.71773
