0.01	1	0.666667	-288	0	0	0	0	1	0	0
0.02	1	0.666667	-288	0	0	0	0	1	0	0
0.03	1	0.666667	-288	0	0	0	0	1	0	0
0.04	1	0.666667	-288	0	0	0	0	1	0	0
0.05	1	0.666667	-288	0	0	0	0	1	0	0
0.06	1	0.666667	-288	0	0	0	0	1	0	0
0.07	1	0.666667	-288	0	0	0	0	1	0	0
0.08	1	0.666667	-288	0	0	0	0	1	0	0
0.09	1	0.666667	-288	0	0	0	0	1	0	0
0.1	1	0.666667	-288	0	0	0	0	1	0	0
0.11	1	0.666667	-288	0	0	0	0	1	0	0
0.12	1	0.666667	-288	0	0	0	0	1	0	0
0.13	1	0.666667	-288	0	0	0	0	1	0	0
0.14	1	0.666667	-288	0	0	0	0	1	0	0
0.15	1	0.666667	-288	0	0	0	0	1	0	0
0.16	1	0.666667	-288	0	0	0	0	1	0	0
0.17	1	0.666667	-288	0	0	0	0	1	0	0
0.18	1	0.666667	-288	0	0	0	0	1	0	0
0.19	1	0.666667	-288	0	0	0	0	1	0	0
0.2	1	0.666667	-288	0	0	0	0	1	0	0
0.21	1	0.666667	-288	0	0	0	0	1	0	0
0.22	1	0.666667	-288	0	0	0	0	1	0	0
0.23	1	0.666667	-288	0	0	0	0	1	0	0
0.24	1	0.666667	-288	0	0	0	0	1	0	0
0.25	1	0.666667	-288	0	0	0	0	1	0	0
0.26	1	0.666667	-288	0	0	0	0	1	0	0
0.27	1	0.666667	-288	0	0	0	0	1	0	0
0.28	0.999999	0.666667	-288	2.04061e-06	1.72216e-12	7.2879e-06	0	1	0	0
0.29	1	0.666667	-288	0	0	0	7.2879e-08	1	0	0
0.3	1	0.666667	-288	0	0	0	7.2879e-08	1	0	0
0.31	1	0.666667	-288	0	0	0	7.2879e-08	1	0	0
0.32	0.999998	0.666667	-287.999	4.68609e-06	4.51977e-12	1.4644e-05	7.2879e-08	1	0	0
0.33	0.999989	0.666667	-287.994	2.34702e-05	2.33446e-11	7.11218e-05	2.19319e-07	1	0	0
0.34	0.999988	0.666667	-287.993	2.48687e-05	2.54851e-11	7.31431e-05	9.30537e-07	1	0	0
0.35	0.999987	0.666667	-287.992	2.47692e-05	2.61297e-11	7.07691e-05	1.66197e-06	1	0	0
0.36	0.999978	0.666666	-287.987	3.93798e-05	4.27298e-11	0.000109388	2.36966e-06	1	0	0
0.37	0.999982	0.666667	-287.99	3.03081e-05	3.37999e-11	8.19139e-05	3.46354e-06	1	0	0
0.38	0.999975	0.666666	-287.986	3.97456e-05	4.55227e-11	0.000104594	4.28268e-06	1	0	0
0.39	0.999962	0.666666	-287.978	5.6498e-05	6.64129e-11	0.000144867	5.32862e-06	1	0	0
0.4	0.999961	0.666666	-287.978	5.56864e-05	6.71373e-11	0.000139216	6.77728e-06	1	0	0
0.41	0.999949	0.666666	-287.97	7.18167e-05	8.87492e-11	0.000175163	8.16944e-06	1	0	0
0.42	0.999933	0.666666	-287.961	9.07566e-05	1.1489e-10	0.000216087	9.92107e-06	1	0	0
0.43	0.999898	0.666666	-287.941	0.00012799	1.66926e-10	0.000297652	1.20819e-05	1	0	0
0.44	0.999873	0.666665	-287.927	0.000155084	2.05671e-10	0.000352463	1.50585e-05	1	0	0
0.45	0.999868	0.666665	-287.924	0.000148851	2.01893e-10	0.000330781	1.85831e-05	1	0	0
0.46	0.999809	0.666665	-287.89	0.000212109	2.95052e-10	0.000461106	2.18909e-05	1	0	0
0.47	0.999778	0.666665	-287.872	0.000242516	3.43553e-10	0.000515992	2.6502e-05	1	0	0
0.48	0.999764	0.666664	-287.864	0.000239305	3.48066e-10	0.000498552	3.16619e-05	1	0	0
0.49	0.999722	0.666664	-287.84	0.000268611	3.98518e-10	0.000548187	3.66474e-05	1	0	0
0.5	0.999672	0.666664	-287.812	0.000308682	4.73213e-10	0.000617364	4.21293e-05	0.993056	0.00694444	0
0.51	0.999576	0.666663	-287.756	0.000376381	5.80281e-10	0.000738001	4.83029e-05	1	0	0
0.52	0.999501	0.666662	-287.713	0.000415766	6.53312e-10	0.00079955	5.56829e-05	1	0	0
0.53	0.999474	0.666662	-287.698	0.000441465	7.13865e-10	0.000832953	6.36784e-05	1	0	0
0.54	0.999392	0.666661	-287.65	0.000478937	7.82712e-10	0.00088692	7.20079e-05	1	0	0
0.55	0.999308	0.66666	-287.603	0.000516857	8.67704e-10	0.000939741	8.08771e-05	1	0	0
0.56	0.99915	0.666659	-287.511	0.000626681	1.06456e-09	0.00111907	9.02745e-05	1	0	0
0.57	0.999066	0.666658	-287.463	0.0006604	1.14395e-09	0.0011586	0.000101465	1	0	0
0.58	0.99901	0.666658	-287.431	0.000668247	1.17624e-09	0.00115215	0.000113051	0.993056	0.00694444	0
0.59	0.998885	0.666656	-287.36	0.000755793	1.35799e-09	0.00128101	0.000124573	0.993056	0.00694444	0
0.6	0.998661	0.666654	-287.231	0.000848107	1.55147e-09	0.00141351	0.000137383	1	0	0
0.61	0.998694	0.666654	-287.251	0.000844759	1.57686e-09	0.00138485	0.000151518	1	0	0
0.62	0.99847	0.666652	-287.123	0.000925324	1.76542e-09	0.00149246	0.000165366	1	0	0
0.63	0.998133	0.666649	-286.93	0.00107017	2.07287e-09	0.00169868	0.000180291	0.993056	0.00694444	0
0.64	0.997951	0.666647	-286.826	0.00118276	2.3312e-09	0.00184807	0.000197278	1	0	0
0.65	0.997838	0.666646	-286.761	0.00120974	2.41418e-09	0.00186113	0.000215758	0.986111	0.0138889	0
0.66	0.997594	0.666643	-286.623	0.00131539	2.68482e-09	0.00199301	0.00023437	1	0	0
0.67	0.997352	0.666641	-286.482	0.00140104	2.88855e-09	0.00209111	0.0002543	1	0	0
0.68	0.997081	0.666638	-286.332	0.00149112	3.15768e-09	0.00219283	0.000275211	1	0	0
0.69	0.996726	0.666635	-286.127	0.00162023	3.46375e-09	0.00234815	0.000297139	0.993056	0.00694444	0
0.7	0.996499	0.666634	-285.997	0.00162971	3.53824e-09	0.00232816	0.000320621	0.993056	0.00694444	0
0.71	0.996353	0.66663	-285.918	0.00175329	3.88903e-09	0.00246943	0.000343902	1	0	0
0.72	0.995874	0.666626	-285.646	0.00189998	4.28218e-09	0.00263887	0.000368597	1	0	0
0.73	0.995449	0.666621	-285.404	0.0020732	4.73831e-09	0.00284	0.000394985	1	0	0
0.74	0.995176	0.666619	-285.25	0.00206017	4.77907e-09	0.00278402	0.000423385	1	0	0
0.75	0.994767	0.666613	-285.016	0.00226058	5.30534e-09	0.0030141	0.000451225	0.986111	0.0138889	0
0.76	0.994507	0.666613	-284.869	0.00221687	5.30554e-09	0.00291693	0.000481367	0.993056	0.00694444	0
0.77	0.994133	0.666608	-284.659	0.00233316	5.6633e-09	0.00303007	0.000510536	1	0	0
0.78	0.993757	0.666605	-284.449	0.0023957	5.928e-09	0.00307141	0.000540837	1	0	0
0.79	0.993153	0.666594	-284.112	0.00272863	6.86937e-09	0.00345396	0.000571551	0.993056	0.00694444	0
0.8	0.992665	0.666591	-283.835	0.00277737	7.09232e-09	0.00347171	0.00060609	1	0	0
0.81	0.992374	0.666587	-283.669	0.00283519	7.30689e-09	0.00350023	0.000640807	0.993056	0.00694444	0
0.82	0.991684	0.666583	-283.276	0.00289734	7.56604e-09	0.00353334	0.00067581	1	0	0
0.83	0.990905	0.66657	-282.847	0.00322567	8.62934e-09	0.00388635	0.000711143	0.993056	0	0.00694444
0.84	0.990266	0.666567	-282.482	0.0032688	8.82372e-09	0.00389143	0.000750007	1	0	0
0.85	0.989885	0.666564	-282.268	0.00329066	8.97965e-09	0.00387137	0.000788921	1	0	0
0.86	0.98952	0.666559	-282.069	0.00335483	9.3059e-09	0.00390097	0.000827635	0.993056	0.00694444	0
0.87	0.988777	0.666544	-281.66	0.00369875	1.0465e-08	0.00425144	0.000866644	0.986111	0.0138889	0
0.88	0.987878	0.666539	-281.159	0.00373468	1.06738e-08	0.00424396	0.000909159	0.986111	0.0138889	0
0.89	0.987477	0.666534	-280.938	0.00377625	1.10431e-08	0.00424298	0.000951598	0.993056	0.00694444	0
0.9	0.986292	0.666517	-280.286	0.00410581	1.22183e-08	0.00456201	0.000994028	0.986111	0.0138889	0
0.91	0.98588	0.666515	-280.05	0.00407522	1.22683e-08	0.00447826	0.00103965	0.979167	0.0208333	0
0.92	0.984559	0.666493	-279.332	0.00449281	1.38656e-08	0.00488348	0.00108443	0.979167	0.0208333	0
0.93	0.984361	0.666489	-279.226	0.00450856	1.40564e-08	0.00484791	0.00113327	0.965278	0.0347222	0
0.94	0.983438	0.66648	-278.707	0.00462431	1.45156e-08	0.00491948	0.00118174	0.993056	0.00694444	0
0.95	0.982709	0.666473	-278.309	0.00466792	1.49453e-08	0.0049136	0.00123094	0.958333	0.0416667	0
0.96	0.981876	0.666453	-277.857	0.00499074	1.62947e-08	0.00519869	0.00128008	0.986111	0.0138889	0
0.97	0.980918	0.666449	-277.335	0.00494409	1.63518e-08	0.005097	0.00133206	0.965278	0.0347222	0
0.98	0.979716	0.666439	-276.669	0.0050504	1.68781e-08	0.00515347	0.00138303	0.986111	0.0138889	0
0.99	0.978947	0.666414	-276.265	0.00544885	1.85809e-08	0.00550389	0.00143457	0.993056	0.00694444	0
1	0.977851	0.666399	-275.668	0.00560628	1.94193e-08	0.00560628	0.00148961	0.986111	0.0138889	0
1.01	0.976969	0.666386	-275.2	0.00568263	2.01596e-08	0.00562636	0.00154567	0.986111	0.0138889	0
1.02	0.975724	0.666375	-274.52	0.00580088	2.06914e-08	0.00568714	0.00160193	0.972222	0.0277778	0
1.03	0.974754	0.666356	-274.011	0.00596501	2.1726e-08	0.00579127	0.0016588	0.958333	0.0416667	0
1.04	0.972983	0.666321	-273.065	0.00641603	2.39318e-08	0.00616926	0.00171672	0.972222	0.0277778	0
1.05	0.97311	0.666334	-273.125	0.00612942	2.27731e-08	0.00583755	0.00177841	0.958333	0.0347222	0.00694444
1.06	0.971063	0.666307	-272.039	0.0063613	2.43203e-08	0.00600123	0.00183678	0.965278	0.0347222	0
1.07	0.969692	0.666262	-271.317	0.00692455	2.70865e-08	0.00647154	0.0018968	0.972222	0.0277778	0
1.08	0.969342	0.666281	-271.116	0.00650703	2.54742e-08	0.00602503	0.00196151	0.986111	0.0138889	0
1.09	0.967519	0.66619	-270.242	0.00724027	3.16818e-08	0.00664245	0.00202176	0.958333	0.0416667	0
1.1	0.965791	0.666203	-269.292	0.00717499	2.997e-08	0.00652271	0.00208819	0.958333	0.0347222	0.00694444
1.11	0.964006	0.666179	-268.344	0.00732856	3.1132e-08	0.0066023	0.00215341	0.979167	0.0208333	0
1.12	0.963506	0.666162	-268.072	0.00745773	3.19022e-08	0.00665869	0.00221944	0.958333	0.0416667	0
1.13	0.961204	0.666113	-266.846	0.00805291	3.45007e-08	0.00712647	0.00228602	0.979167	0.0138889	0.00694444
1.14	0.960059	0.666095	-266.304	0.00796855	3.52516e-08	0.00698996	0.00235729	0.958333	0.0416667	0
1.15	0.958901	0.66607	-265.707	0.0080378	3.64182e-08	0.00698939	0.00242719	0.9375	0.0625	0
1.16	0.957301	0.66605	-264.871	0.00820263	3.71814e-08	0.00707124	0.00249708	0.944444	0.0555556	0
1.17	0.955444	0.666009	-263.922	0.0083743	3.9289e-08	0.00715752	0.00256779	0.972222	0.0208333	0.00694444
1.18	0.953908	0.665958	-263.179	0.0087694	4.18275e-08	0.0074317	0.00263937	0.944444	0.0555556	0
1.19	0.952218	0.665938	-262.306	0.00880403	4.24518e-08	0.00739835	0.00271369	0.930556	0.0625	0.00694444
1.2	0.949937	0.665917	-261.138	0.00876139	4.30416e-08	0.00730116	0.00278767	0.944444	0.0555556	0
1.21	0.94825	0.665833	-260.38	0.00926965	4.74804e-08	0.00766087	0.00286068	0.951389	0.0208333	0.0277778
1.22	0.945517	0.665746	-259.062	0.00976997	5.18784e-08	0.00800817	0.00293729	0.986111	0.0138889	0
1.23	0.944694	0.665742	-258.624	0.00966917	5.14521e-08	0.00786111	0.00301737	0.979167	0.0208333	0
1.24	0.942845	0.665695	-257.649	0.0100589	5.34829e-08	0.00811199	0.00309598	0.909722	0.0625	0.0277778
1.25	0.940441	0.665554	-256.62	0.0107383	6.08378e-08	0.0085906	0.0031771	0.930556	0.0694444	0
1.26	0.938449	0.665584	-255.606	0.0101145	5.8334e-08	0.00802737	0.00326301	0.965278	0.0347222	0
1.27	0.936573	0.665513	-254.616	0.0105812	6.14705e-08	0.00833169	0.00334328	0.930556	0.0694444	0
1.28	0.933956	0.665428	-253.432	0.0108099	6.51068e-08	0.00844522	0.0034266	0.9375	0.0555556	0.00694444
1.29	0.931229	0.66529	-252.238	0.0113255	7.21278e-08	0.00877942	0.00351105	0.909722	0.0902778	0
1.3	0.928533	0.665252	-250.813	0.0115529	7.27609e-08	0.00888688	0.00359885	0.951389	0.0486111	0
1.31	0.927413	0.665247	-250.314	0.0113707	7.21382e-08	0.00867993	0.00368772	0.965278	0.0347222	0
1.32	0.922907	0.665008	-248.353	0.0120116	8.37335e-08	0.00909971	0.00377451	0.965278	0.0277778	0.00694444
1.33	0.920523	0.664913	-247.257	0.0125519	8.69533e-08	0.00943752	0.00386551	0.930556	0.0555556	0.0138889
1.34	0.918673	0.664853	-246.363	0.0123956	8.94862e-08	0.00925045	0.00395989	0.895833	0.0902778	0.0138889
1.35	0.914347	0.664542	-244.545	0.0135609	1.04755e-07	0.0100451	0.00405239	0.923611	0.0694444	0.00694444
1.36	0.912783	0.664615	-243.719	0.0131726	9.84842e-08	0.00968572	0.00415284	0.930556	0.0694444	0
1.37	0.910987	0.664628	-242.818	0.0128283	9.63117e-08	0.00936369	0.0042497	0.965278	0.0347222	0
1.38	0.907122	0.664275	-241.437	0.0135848	1.13625e-07	0.00984404	0.00434334	0.9375	0.0625	0
1.39	0.903537	0.663955	-239.944	0.0140252	1.33942e-07	0.01009	0.00444178	0.833333	0.145833	0.0208333
1.4	0.9001	0.663982	-238.27	0.0142195	1.23268e-07	0.0101568	0.00454268	0.902778	0.0833333	0.0138889
1.41	0.898838	0.664043	-237.64	0.0139714	1.18384e-07	0.00990879	0.00464424	0.916667	0.0763889	0.00694444
1.42	0.891808	0.663058	-235.196	0.015873	1.72513e-07	0.0111782	0.00474333	0.930556	0.0625	0.00694444
1.43	0.887794	0.663134	-233.293	0.0154506	1.6145e-07	0.0108046	0.00485511	0.909722	0.0763889	0.0138889
1.44	0.887429	0.663215	-233.051	0.0155215	1.52075e-07	0.0107788	0.00496316	0.888889	0.111111	0
1.45	0.883414	0.662817	-231.609	0.0160574	1.67043e-07	0.0110741	0.00507095	0.902778	0.0972222	0
1.46	0.87777	0.662245	-229.311	0.0171183	1.92367e-07	0.0117248	0.00518169	0.888889	0.0833333	0.0277778
1.47	0.873964	0.66237	-227.737	0.01597	1.81234e-07	0.0108639	0.00529894	0.902778	0.0763889	0.0208333
1.48	0.86934	0.661586	-226.199	0.017423	2.22271e-07	0.0117723	0.00540758	0.6875	0.138889	0.173611
1.49	0.863494	0.661405	-223.768	0.0177971	2.1638e-07	0.0119444	0.0055253	0.861111	0.118056	0.0208333
1.5	0.860235	0.66102	-222.668	0.017512	2.396e-07	0.0116747	0.00564474	0.895833	0.0972222	0.00694444
1.51	0.853458	0.660286	-220.321	0.0185011	2.56916e-07	0.0122524	0.00576149	0.868056	0.0833333	0.0486111
1.52	0.848676	0.659372	-218.709	0.0195872	3.01432e-07	0.0128863	0.00588402	0.840278	0.0902778	0.0694444
1.53	0.836884	0.657283	-215.22	0.02117	4.03105e-07	0.0138366	0.00601288	0.854167	0.0902778	0.0555556
1.54	0.83536	0.657628	-214.204	0.0208927	3.67304e-07	0.0135667	0.00615124	0.861111	0.111111	0.0277778
1.55	0.82986	0.656767	-212.602	0.0214075	4.1058e-07	0.0138113	0.00628691	0.916667	0.0694444	0.0138889
1.56	0.824747	0.656457	-210.764	0.0213354	4.20191e-07	0.0136765	0.00642502	0.875	0.104167	0.0208333
1.57	0.815372	0.655113	-207.677	0.0223676	4.45121e-07	0.0142469	0.00656179	0.902778	0.0763889	0.0208333
1.58	0.799391	0.649353	-204.976	0.0245015	8.05453e-07	0.0155073	0.00670426	0.00694444	0.0416667	0.951389
1.59	0.793788	0.648206	-203.204	0.0257436	8.58231e-07	0.016191	0.00685933	0.0625	0.1875	0.75
1.6	0.78286	0.647544	-199.33	0.0254482	8.01755e-07	0.0159051	0.00702124	0.840278	0.131944	0.0277778
1.61	0.769247	0.640976	-197.29	0.0283081	1.12792e-06	0.0175827	0.00718029	0.0347222	0.166667	0.798611
1.62	0.770203	0.644518	-196.09	0.0259827	9.40962e-07	0.0160387	0.00735612	0.0347222	0.138889	0.826389
1.63	0.750245	0.638703	-191.554	0.0273495	1.11572e-06	0.0167788	0.00751651	0.0972222	0.152778	0.75
1.64	0.744188	0.636773	-190.102	0.0275972	1.18629e-06	0.0168276	0.00768429	0.729167	0.229167	0.0416667
1.65	0.737747	0.635233	-188.054	0.028371	1.1687e-06	0.0171945	0.00785257	0.8125	0.159722	0.0277778
1.66	0.726302	0.632788	-185.456	0.0279465	1.25159e-06	0.0168352	0.00802452	0.0555556	0.125	0.819444
1.67	0.696633	0.618448	-180.407	0.0318564	1.71656e-06	0.0190757	0.00819287	0.951389	0.0416667	0.00694444
1.68	0.686476	0.614856	-178.441	0.0317058	1.92383e-06	0.0188725	0.00838362	0.0277778	0.0972222	0.875
1.69	0.64651	0.595247	-171.675	0.0333327	2.33811e-06	0.0197235	0.00857235	0.0625	0.0972222	0.840278
1.7	0.648164	0.598394	-171.395	0.0320266	2.2404e-06	0.0188392	0.00876958	0.652778	0.159722	0.1875
1.71	0.643003	0.594968	-169.89	0.0331389	2.32278e-06	0.0193795	0.00895798	0.409722	0.138889	0.451389
1.72	0.618855	0.58553	-165.044	0.0320544	2.40218e-06	0.0186363	0.00915177	0.743056	0.194444	0.0625
1.73	0.608778	0.58286	-162.499	0.0318252	2.29558e-06	0.0183961	0.00933813	0.777778	0.166667	0.0555556
1.74	0.595999	0.578721	-159.665	0.0294031	2.32805e-06	0.0168984	0.00952209	0.791667	0.145833	0.0625
1.75	0.562116	0.547857	-156.12	0.0333175	2.94352e-06	0.0190386	0.00969108	0.0972222	0.215278	0.6875
1.76	0.568643	0.562385	-154.887	0.0303957	2.42632e-06	0.0172703	0.00988146	0.736111	0.159722	0.104167
1.77	0.529664	0.530133	-149.58	0.031327	2.86158e-06	0.0176988	0.0100542	0.652778	0.222222	0.125
1.78	0.487353	0.494328	-143.565	0.0300153	2.96254e-06	0.0168625	0.0102312	0.222222	0.222222	0.555556
1.79	0.493056	0.504101	-143.553	0.0292352	2.81811e-06	0.0163325	0.0103998	0.6875	0.25	0.0625
1.8	0.487581	0.500333	-142.112	0.0282417	2.746e-06	0.0156898	0.0105631	0.875	0.104167	0.0208333
1.81	0.449901	0.477865	-136.215	0.0245787	2.57677e-06	0.0135794	0.01072	0.270833	0.159722	0.569444
1.82	0.446309	0.467991	-135.727	0.0253368	2.7612e-06	0.0139213	0.0108558	0.145833	0.180556	0.673611
1.83	0.423672	0.441592	-131.944	0.024504	2.72414e-06	0.0133902	0.010995	0.4375	0.236111	0.326389
1.84	0.419756	0.445686	-130.44	0.0236754	2.59223e-06	0.0128671	0.0111289	0.0277778	0.159722	0.8125
1.85	0.422315	0.458602	-130.386	0.0222781	2.54456e-06	0.0120422	0.0112576	0.180556	0.208333	0.611111
1.86	0.406333	0.435879	-126.906	0.022528	2.45814e-06	0.0121118	0.011378	0.277778	0.1875	0.534722
1.87	0.377774	0.401142	-123.948	0.0206064	2.43919e-06	0.0110195	0.0114991	0.4375	0.256944	0.305556
1.88	0.363652	0.37141	-122.094	0.0213158	2.48556e-06	0.0113382	0.0116093	0.5	0.215278	0.284722
1.89	0.360603	0.392477	-119.978	0.0183445	2.23451e-06	0.0097061	0.0117227	0.638889	0.201389	0.159722
1.9	0.359471	0.391867	-119.459	0.018319	2.21081e-06	0.00964161	0.0118198	0.597222	0.215278	0.1875
1.91	0.336294	0.345335	-115.716	0.0185896	2.1298e-06	0.00973276	0.0119162	0.638889	0.222222	0.138889
1.92	0.325785	0.327797	-115.332	0.0171878	2.12311e-06	0.00895199	0.0120135	0.118056	0.243056	0.638889
1.93	0.31411	0.320583	-112.543	0.0159166	1.94426e-06	0.00824694	0.012103	0.319444	0.25	0.430556
1.94	0.315674	0.331275	-112.09	0.0156437	1.92128e-06	0.00806377	0.0121855	0.395833	0.180556	0.423611
1.95	0.288065	0.283003	-108.992	0.0141895	1.79212e-06	0.00727667	0.0122661	0.4375	0.236111	0.326389
1.96	0.277053	0.242867	-107.227	0.0142228	1.78432e-06	0.00725655	0.0123389	0.680556	0.1875	0.131944
1.97	0.281145	0.272187	-107.492	0.0140132	1.71208e-06	0.00711329	0.0124115	0.4375	0.208333	0.354167
1.98	0.280249	0.283844	-105.833	0.0132991	1.62807e-06	0.00671672	0.0124826	0.527778	0.256944	0.215278
1.99	0.26944	0.269246	-103.739	0.012487	1.54725e-06	0.00627489	0.0125498	0.180556	0.194444	0.625
2	0.268217	0.26164	-103.254	0.0124675	1.52241e-06	0.00623373	0.0126125	0.340278	0.291667	0.368056
2.01	0.261303	0.256524	-101.78	0.0123539	1.49332e-06	0.00614622	0.0126749	0.513889	0.229167	0.256944
2.02	0.257772	0.251027	-100.683	0.0116443	1.44238e-06	0.00576449	0.0127363	0.395833	0.326389	0.277778
2.03	0.236265	0.199801	-98.6766	0.0112277	1.30753e-06	0.00553087	0.012794	0.402778	0.291667	0.305556
2.04	0.241548	0.201768	-98.1483	0.0114781	1.35091e-06	0.0056265	0.0128493	0.381944	0.201389	0.416667
2.05	0.231496	0.175943	-96.9727	0.0106128	1.27792e-06	0.00517699	0.0129055	0.493056	0.270833	0.236111
2.06	0.231315	0.191455	-96.1391	0.0105267	1.25358e-06	0.00511006	0.0129573	0.326389	0.270833	0.402778
2.07	0.234044	0.179889	-95.5528	0.0109069	1.2768e-06	0.00526902	0.0130084	0.555556	0.256944	0.1875
2.08	0.216319	0.187001	-93.7608	0.00925512	1.09475e-06	0.00444958	0.0130611	0.444444	0.25	0.305556
2.09	0.21824	0.176889	-93.0528	0.00965714	1.10283e-06	0.00462064	0.0131056	0.479167	0.215278	0.305556
2.1	0.218792	0.19592	-92.4691	0.00939303	1.07467e-06	0.00447287	0.0131518	0.111111	0.173611	0.715278
2.11	0.210965	0.170439	-91.0733	0.00900973	1.01344e-06	0.00427001	0.0131965	0.388889	0.222222	0.388889
2.12	0.207489	0.163758	-90.2422	0.00890731	1.02109e-06	0.00420156	0.0132392	0.215278	0.208333	0.576389
2.13	0.206596	0.147492	-89.7449	0.00887216	1.00246e-06	0.00416533	0.0132812	0.520833	0.222222	0.256944
2.14	0.201023	0.124611	-88.4606	0.00856656	9.37891e-07	0.00400307	0.0133229	0.138889	0.215278	0.645833
2.15	0.191485	0.129827	-87.3302	0.00791662	8.81949e-07	0.00368215	0.0133629	0.270833	0.291667	0.4375
2.16	0.192071	0.156316	-86.7151	0.00774605	8.38307e-07	0.00358613	0.0133997	0.298611	0.270833	0.430556
2.17	0.187851	0.116427	-85.7127	0.00782287	8.35739e-07	0.00360501	0.0134356	0.3125	0.333333	0.354167
2.18	0.191361	0.132018	-85.6917	0.00778496	8.58703e-07	0.00357108	0.0134717	0.416667	0.236111	0.347222
2.19	0.181899	0.0950094	-84.4343	0.00746671	8.17797e-07	0.00340946	0.0135074	0.486111	0.222222	0.291667
2.2	0.180908	0.102488	-83.606	0.00709297	7.66862e-07	0.00322408	0.0135415	0.361111	0.298611	0.340278
2.21	0.184914	0.128604	-83.6909	0.00702293	8.01787e-07	0.0031778	0.0135737	0.4375	0.222222	0.340278
2.22	0.173028	0.108365	-81.911	0.00682241	7.09085e-07	0.00307316	0.0136055	0.368056	0.236111	0.395833
2.23	0.171432	0.0941191	-81.2008	0.00666466	6.95602e-07	0.00298864	0.0136362	0.423611	0.277778	0.298611
2.24	0.175633	0.094135	-81.4112	0.00675339	7.26358e-07	0.0030149	0.0136661	0.548611	0.215278	0.236111
2.25	0.170455	0.103307	-80.4035	0.00662221	6.7318e-07	0.00294321	0.0136962	0.5625	0.208333	0.229167
2.26	0.171438	0.0898155	-80.0139	0.00642261	7.03861e-07	0.00284186	0.0137257	0.465278	0.222222	0.3125
2.27	0.165763	0.090257	-78.7956	0.00624898	6.38667e-07	0.00275285	0.0137541	0.402778	0.215278	0.381944
2.28	0.171492	0.124699	-78.4079	0.00619534	6.64821e-07	0.00271725	0.0137816	0.305556	0.284722	0.409722
2.29	0.162062	0.0352694	-77.9179	0.00618816	6.35178e-07	0.00270225	0.0138088	0.25	0.229167	0.520833
2.3	0.163087	0.0739146	-77.3464	0.00602455	6.22426e-07	0.00261937	0.0138358	0.451389	0.25	0.298611
2.31	0.158357	0.0768259	-76.2284	0.00570728	5.85394e-07	0.00247068	0.013862	0.4375	0.291667	0.270833
2.32	0.158358	0.0671785	-75.8924	0.00598279	5.80523e-07	0.00257879	0.0138867	0.347222	0.298611	0.354167
2.33	0.163481	0.123747	-76.2043	0.00596719	5.81395e-07	0.00256103	0.0139125	0.25	0.256944	0.493056
2.34	0.154206	0.0935197	-74.1535	0.00547808	5.53502e-07	0.00234106	0.0139381	0.493056	0.305556	0.201389
2.35	0.155669	0.0469969	-74.7668	0.00567667	5.77883e-07	0.0024156	0.0139615	0.270833	0.277778	0.451389
2.36	0.15297	0.0569232	-73.6633	0.0054205	5.45905e-07	0.00229682	0.0139857	0.305556	0.256944	0.4375
2.37	0.149265	0.0516397	-73.1991	0.00539538	5.24952e-07	0.00227653	0.0140087	0.236111	0.284722	0.479167
2.38	0.149395	0.0935581	-72.3045	0.00523203	4.94214e-07	0.00219833	0.0140314	0.277778	0.340278	0.381944
2.39	0.150772	0.0971021	-72.1712	0.00500371	5.01653e-07	0.0020936	0.0140534	0.3125	0.319444	0.368056
2.4	0.147136	0.0864373	-71.4507	0.00484758	4.73843e-07	0.00201982	0.0140743	0.298611	0.25	0.451389
2.41	0.152484	0.107343	-71.5204	0.00495247	5.05617e-07	0.00205497	0.0140945	0.340278	0.263889	0.395833
2.42	0.148814	0.080427	-70.9007	0.00500587	4.82213e-07	0.00206854	0.0141151	0.395833	0.263889	0.340278
2.43	0.144774	0.0739879	-70.236	0.00471367	4.58664e-07	0.00193978	0.0141358	0.333333	0.222222	0.444444
2.44	0.143068	0.0436809	-69.7323	0.00474389	4.61419e-07	0.00194422	0.0141552	0.347222	0.270833	0.381944
2.45	0.143719	0.0616167	-69.3391	0.00476073	4.59734e-07	0.00194316	0.0141746	0.368056	0.333333	0.298611
2.46	0.14219	0.0864907	-68.8908	0.00460325	4.42112e-07	0.00187124	0.014194	0.444444	0.25	0.305556
2.47	0.136997	0.0663182	-68.2033	0.00433725	4.16703e-07	0.00175597	0.0142128	0.25	0.326389	0.423611
2.48	0.138012	0.0631007	-68.0389	0.00445832	4.13577e-07	0.00179771	0.0142303	0.319444	0.284722	0.395833
2.49	0.136301	0.0567149	-67.6476	0.00448986	4.05505e-07	0.00180316	0.0142483	0.430556	0.277778	0.291667
2.5	0.136719	0.0644306	-67.0149	0.00435398	4.11558e-07	0.00174159	0.0142663	0.25	0.25	0.5
2.51	0.134685	0.0568016	-66.6605	0.00434584	3.9788e-07	0.00173141	0.0142837	0.416667	0.291667	0.291667
2.52	0.130971	0.0593032	-66.243	0.00409077	3.78358e-07	0.00162332	0.0143011	0.305556	0.25	0.444444
2.53	0.134766	0.0470129	-65.7661	0.00411627	4.01782e-07	0.00162698	0.0143173	0.305556	0.333333	0.361111
2.54	0.134172	0.0456308	-65.7338	0.00420097	3.83147e-07	0.00165392	0.0143336	0.604167	0.229167	0.166667
2.55	0.130244	0.0617958	-64.8627	0.00391942	3.61507e-07	0.00153703	0.0143501	0.340278	0.236111	0.423611
2.56	0.13083	0.025979	-64.2431	0.004031	3.7188e-07	0.00157461	0.0143655	0.243056	0.277778	0.479167
2.57	0.126474	0.0631117	-64.1638	0.00392805	3.42545e-07	0.00152842	0.0143812	0.458333	0.298611	0.243056
2.58	0.128643	0.0744082	-63.6484	0.00383895	3.47143e-07	0.00148797	0.0143965	0.284722	0.284722	0.430556
2.59	0.128312	0.0468102	-63.6655	0.00390403	3.50413e-07	0.00150735	0.0144114	0.361111	0.291667	0.347222
2.6	0.129505	0.0526063	-63.0863	0.00384045	3.49803e-07	0.0014771	0.0144265	0.298611	0.298611	0.402778
2.61	0.125664	0.0297402	-62.513	0.00380567	3.40361e-07	0.00145811	0.0144412	0.354167	0.291667	0.354167
2.62	0.129256	0.0690118	-62.317	0.00377482	3.3909e-07	0.00144077	0.0144558	0.361111	0.284722	0.354167
2.63	0.126128	0.0301835	-61.9632	0.0037095	3.3983e-07	0.00141046	0.0144702	0.326389	0.270833	0.402778
2.64	0.127142	0.0650844	-61.7997	0.00359688	3.33595e-07	0.00136246	0.0144843	0.402778	0.319444	0.277778
2.65	0.121773	0.0347973	-61.0399	0.00355202	3.1282e-07	0.00134039	0.0144979	0.368056	0.243056	0.388889
2.66	0.121703	0.0229872	-60.9641	0.00351369	3.11558e-07	0.00132094	0.0145113	0.305556	0.3125	0.381944
2.67	0.123086	0.0738375	-60.5367	0.00342671	3.04348e-07	0.00128341	0.0145246	0.395833	0.243056	0.361111
2.68	0.120444	0.0309569	-60.2582	0.0033898	3.027e-07	0.00126485	0.0145374	0.319444	0.291667	0.388889
2.69	0.120803	0.0385146	-59.609	0.00346607	2.99376e-07	0.0012885	0.01455	0.326389	0.305556	0.368056
2.7	0.122585	0.0114248	-59.3684	0.00336839	3.16743e-07	0.00124755	0.0145629	0.444444	0.208333	0.347222
2.71	0.121756	0.0607801	-59.0128	0.00320191	3.00084e-07	0.00118152	0.0145754	0.409722	0.215278	0.375
2.72	0.120212	0.056828	-58.7267	0.00320917	2.89181e-07	0.00117984	0.0145872	0.354167	0.263889	0.381944
2.73	0.117933	0.02243	-58.3862	0.00315493	2.86663e-07	0.00115565	0.014599	0.430556	0.298611	0.270833
2.74	0.118905	0.0479997	-58.0509	0.00314861	2.81232e-07	0.00114913	0.0146106	0.263889	0.319444	0.416667
2.75	0.11744	0.0221618	-57.9846	0.00316322	2.81035e-07	0.00115026	0.0146221	0.236111	0.222222	0.541667
2.76	0.116165	0.0236586	-57.6023	0.00307337	2.75136e-07	0.00111354	0.0146336	0.534722	0.222222	0.243056
2.77	0.118053	0.0452534	-57.2705	0.00306007	2.8393e-07	0.00110472	0.0146447	0.395833	0.256944	0.347222
2.78	0.116101	0.0325887	-56.9458	0.00302302	2.71221e-07	0.00108742	0.0146557	0.541667	0.263889	0.194444
2.79	0.115305	0.0352769	-56.6664	0.00292685	2.65582e-07	0.00104905	0.0146666	0.333333	0.305556	0.361111
2.8	0.115848	0.0448695	-56.2931	0.00293128	2.67201e-07	0.00104689	0.0146771	0.395833	0.347222	0.256944
2.81	0.11604	0.0425096	-55.8009	0.00291279	2.67407e-07	0.00103658	0.0146876	0.270833	0.277778	0.451389
2.82	0.116913	0.0597088	-56.2475	0.0028717	2.6451e-07	0.00101833	0.0146979	0.291667	0.319444	0.388889
2.83	0.11431	0.0701572	-55.5889	0.0028398	2.48422e-07	0.00100346	0.0147081	0.416667	0.256944	0.326389
2.84	0.111694	0.0533466	-55.2545	0.00279431	2.40659e-07	0.000983913	0.0147182	0.305556	0.333333	0.361111
2.85	0.111876	0.0551181	-54.7958	0.002813	2.45356e-07	0.000987019	0.014728	0.361111	0.319444	0.319444
2.86	0.113796	0.0706237	-55.0841	0.00278972	2.47045e-07	0.000975427	0.0147379	0.423611	0.243056	0.333333
2.87	0.11204	0.0479556	-54.2648	0.00267599	2.36484e-07	0.000932399	0.0147476	0.354167	0.326389	0.319444
2.88	0.111872	0.0621594	-54.2893	0.00272852	2.36901e-07	0.000947401	0.0147569	0.361111	0.291667	0.347222
2.89	0.110536	0.042118	-53.8142	0.00264712	2.34498e-07	0.000915958	0.0147664	0.395833	0.284722	0.319444
2.9	0.112205	0.0457948	-53.6011	0.00256566	2.39387e-07	0.000884711	0.0147756	0.284722	0.326389	0.388889
2.91	0.110052	0.0319897	-53.4369	0.00266408	2.34676e-07	0.000915491	0.0147844	0.340278	0.25	0.409722
2.92	0.110258	0.0324622	-53.09	0.00260728	2.34606e-07	0.000892902	0.0147936	0.354167	0.319444	0.326389
2.93	0.108959	0.0291769	-52.7778	0.00256276	2.19561e-07	0.000874661	0.0148025	0.416667	0.298611	0.284722
2.94	0.108954	0.0426986	-52.633	0.0025456	2.23296e-07	0.000865852	0.0148113	0.430556	0.284722	0.284722
2.95	0.108444	0.0169354	-52.288	0.00253745	2.25671e-07	0.000860152	0.0148199	0.409722	0.256944	0.333333
2.96	0.108718	0.0263666	-52.4836	0.00244666	2.26862e-07	0.000826573	0.0148285	0.333333	0.291667	0.375
2.97	0.107408	0.0690591	-51.991	0.0024096	2.12824e-07	0.000811312	0.0148368	0.270833	0.361111	0.368056
2.98	0.106718	0.00170537	-51.3478	0.00241619	2.20106e-07	0.000810802	0.0148449	0.347222	0.319444	0.333333
2.99	0.106953	0.0281276	-51.1416	0.00246666	2.1273e-07	0.000824969	0.014853	0.319444	0.333333	0.347222
3	0.106692	0.0560295	-50.815	0.00232719	2.0749e-07	0.00077573	0.0148613	0.319444	0.326389	0.354167
3.01	0.105067	0.0271243	-50.433	0.00231716	2.06077e-07	0.000769821	0.014869	0.340278	0.263889	0.395833
3.02	0.104267	0.0350521	-50.4608	0.00234247	1.99775e-07	0.000775654	0.0148767	0.236111	0.333333	0.430556
3.03	0.105228	0.0422224	-50.2261	0.00231617	2.01288e-07	0.000764412	0.0148845	0.347222	0.298611	0.354167
3.04	0.104652	0.0472779	-50.1707	0.0022238	1.9935e-07	0.000731513	0.0148921	0.3125	0.284722	0.402778
3.05	0.103922	0.0160465	-50.0325	0.00224584	1.98875e-07	0.00073634	0.0148994	0.347222	0.326389	0.326389
3.06	0.102586	0.0580904	-49.8993	0.00222597	1.88752e-07	0.000727441	0.0149068	0.451389	0.291667	0.256944
3.07	0.102721	0.0477501	-49.2614	0.00221794	1.93725e-07	0.000722458	0.0149141	0.333333	0.319444	0.347222
3.08	0.104477	0.0425376	-49.2521	0.00218968	1.98299e-07	0.000710934	0.0149213	0.361111	0.347222	0.291667
3.09	0.104492	0.0247356	-49.4594	0.00219964	1.98998e-07	0.000711857	0.0149284	0.354167	0.298611	0.347222
3.1	0.103768	0.03922	-48.8047	0.00215544	1.95574e-07	0.000695304	0.0149355	0.388889	0.284722	0.326389
3.11	0.100922	0.0215735	-48.4995	0.00209575	1.81704e-07	0.000673874	0.0149425	0.277778	0.3125	0.409722
3.12	0.101291	0.037724	-48.4192	0.00217039	1.84721e-07	0.000695639	0.0149492	0.479167	0.236111	0.284722
3.13	0.102502	0.0567069	-48.0093	0.00206636	1.86889e-07	0.000660178	0.0149562	0.416667	0.291667	0.291667
3.14	0.101055	0.0398814	-47.6733	0.00209683	1.81806e-07	0.000667779	0.0149628	0.388889	0.361111	0.25
3.15	0.100505	0.00456786	-47.8942	0.00205253	1.81487e-07	0.000651598	0.0149694	0.368056	0.263889	0.368056
3.16	0.100529	0.0290025	-47.5511	0.0020256	1.74333e-07	0.000641012	0.014976	0.479167	0.236111	0.284722
3.17	0.100847	0.0529937	-47.5274	0.00201464	1.78936e-07	0.000635535	0.0149824	0.375	0.277778	0.347222
3.18	0.100521	0.0364776	-47.1619	0.00201291	1.76482e-07	0.000632992	0.0149887	0.361111	0.270833	0.368056
3.19	0.100187	0.0281443	-46.9041	0.00194352	1.79119e-07	0.000609254	0.0149951	0.402778	0.333333	0.263889
3.2	0.0991875	0.0172423	-46.7772	0.00194349	1.72038e-07	0.000607341	0.0150011	0.354167	0.25	0.395833
3.21	0.0999132	0.0376633	-46.6349	0.00192599	1.75241e-07	0.000599998	0.0150072	0.3125	0.229167	0.458333
3.22	0.099759	0.0330712	-46.6392	0.00191892	1.71284e-07	0.000595938	0.0150132	0.298611	0.319444	0.381944
3.23	0.100025	0.0368346	-46.2317	0.00192094	1.71644e-07	0.000594719	0.0150192	0.305556	0.236111	0.458333
3.24	0.0977229	0.0322496	-45.9931	0.00189425	1.6649e-07	0.000584646	0.0150251	0.326389	0.3125	0.361111
3.25	0.0974722	0.014056	-45.8785	0.00187734	1.64106e-07	0.000577643	0.015031	0.326389	0.340278	0.333333
3.26	0.0984708	0.034229	-45.6326	0.00183756	1.66798e-07	0.000563668	0.0150368	0.368056	0.291667	0.340278
3.27	0.0970924	0.0426356	-45.2802	0.0017772	1.59266e-07	0.000543488	0.0150424	0.263889	0.340278	0.395833
3.28	0.0970313	0.0114732	-45.1358	0.00183133	1.60906e-07	0.000558332	0.0150478	0.208333	0.3125	0.479167
3.29	0.0977528	0.0358939	-45.2236	0.00177954	1.63815e-07	0.000540894	0.0150534	0.375	0.1875	0.4375
3.3	0.0964306	0.0187619	-45.0049	0.00173995	1.58664e-07	0.000527259	0.0150588	0.368056	0.270833	0.361111
3.31	0.0973319	0.0310131	-44.489	0.00176533	1.58457e-07	0.000533332	0.0150641	0.354167	0.222222	0.423611
3.32	0.0951819	0.00448895	-44.6437	0.00174326	1.54291e-07	0.000525077	0.0150694	0.368056	0.354167	0.277778
3.33	0.095741	0.0315131	-44.4318	0.00174313	1.53333e-07	0.000523462	0.0150747	0.465278	0.319444	0.215278
3.34	0.094259	0.0360842	-43.9564	0.00168527	1.4881e-07	0.000504571	0.0150799	0.381944	0.229167	0.388889
3.35	0.0950875	0.0469778	-44.2099	0.00168021	1.47372e-07	0.000501554	0.015085	0.402778	0.319444	0.277778
3.36	0.0966458	0.00701918	-43.8578	0.00171046	1.55629e-07	0.000509064	0.01509	0.451389	0.284722	0.263889
3.37	0.0949035	0.0193926	-43.6612	0.0016695	1.48873e-07	0.000495402	0.0150951	0.381944	0.277778	0.340278
3.38	0.0945361	0.0258019	-43.2627	0.00164434	1.46318e-07	0.00048649	0.0151	0.270833	0.305556	0.423611
3.39	0.0949764	0.0291449	-43.253	0.0016486	1.48501e-07	0.000486313	0.0151049	0.375	0.263889	0.361111
3.4	0.0938431	0.00840952	-43.1067	0.00159055	1.46885e-07	0.000467808	0.0151097	0.354167	0.319444	0.326389
3.41	0.0953243	0.0196462	-43.2367	0.00164047	1.50947e-07	0.000481077	0.0151144	0.354167	0.319444	0.326389
3.42	0.0951035	0.0454399	-42.863	0.00159968	1.46574e-07	0.000467743	0.0151192	0.381944	0.319444	0.298611
3.43	0.0930035	0.0133575	-42.7288	0.00159689	1.44884e-07	0.000465565	0.0151239	0.381944	0.368056	0.25
3.44	0.0923264	0.0403789	-42.5342	0.0015782	1.37586e-07	0.00045878	0.0151286	0.319444	0.298611	0.381944
3.45	0.0924688	0.0343657	-42.1763	0.00156024	1.39329e-07	0.000452243	0.0151332	0.368056	0.305556	0.326389
3.46	0.0930771	-0.00474793	-42.3265	0.00152808	1.42413e-07	0.00044164	0.0151377	0.381944	0.222222	0.395833
3.47	0.0933396	0.0428374	-42.0255	0.00155651	1.40963e-07	0.000448562	0.0151421	0.305556	0.333333	0.361111
3.48	0.0917819	-0.00857957	-42.1548	0.00155108	1.36881e-07	0.000445712	0.0151466	0.381944	0.326389	0.291667
3.49	0.0926	0.0325782	-41.951	0.00160462	1.36086e-07	0.000459777	0.015151	0.368056	0.326389	0.305556
3.5	0.0923569	0.0292689	-41.7407	0.00150232	1.37572e-07	0.000429234	0.0151556	0.354167	0.229167	0.416667
3.51	0.0909382	0.0306331	-41.2397	0.00151439	1.30845e-07	0.000431451	0.0151599	0.319444	0.298611	0.381944
3.52	0.0912424	0.0437785	-41.2186	0.0014558	1.29189e-07	0.000413579	0.0151642	0.263889	0.298611	0.4375
3.53	0.0907736	-0.00110039	-41.3362	0.00148327	1.32807e-07	0.000420191	0.0151684	0.368056	0.319444	0.3125
3.54	0.0917417	0.0529739	-41.1711	0.00149378	1.31865e-07	0.000421971	0.0151726	0.305556	0.305556	0.388889
3.55	0.0901444	0.0219441	-40.9759	0.00145077	1.28705e-07	0.000408668	0.0151768	0.395833	0.298611	0.305556
3.56	0.0917674	-0.00304103	-40.6535	0.00146057	1.35819e-07	0.000410271	0.0151809	0.3125	0.284722	0.402778
3.57	0.0904097	-0.0251568	-40.5676	0.00146138	1.35047e-07	0.000409351	0.015185	0.319444	0.326389	0.354167
3.58	0.0903563	-0.0293518	-40.5838	0.00147261	1.30926e-07	0.000411344	0.0151891	0.381944	0.291667	0.326389
3.59	0.089866	0.00548401	-40.0752	0.00142433	1.29168e-07	0.000396748	0.0151932	0.340278	0.298611	0.361111
3.6	0.0922021	0.0311956	-40.4948	0.00143606	1.32037e-07	0.000398904	0.0151972	0.423611	0.305556	0.270833
3.61	0.0898549	0.022489	-40.0991	0.00139157	1.26376e-07	0.000385477	0.0152011	0.277778	0.326389	0.395833
3.62	0.0893229	-0.00997997	-39.8185	0.00137343	1.26443e-07	0.000379401	0.015205	0.298611	0.319444	0.381944
3.63	0.0899028	0.0153782	-39.8619	0.00135011	1.25153e-07	0.000371932	0.0152088	0.395833	0.229167	0.375
3.64	0.0905188	0.0196516	-39.5641	0.0013376	1.26809e-07	0.000367473	0.0152125	0.416667	0.354167	0.229167
3.65	0.0903438	0.0394214	-39.6623	0.0013663	1.23564e-07	0.00037433	0.0152162	0.284722	0.388889	0.326389
3.66	0.0890785	-0.0125879	-39.3109	0.00135041	1.25854e-07	0.000368964	0.0152199	0.354167	0.305556	0.340278
3.67	0.0891972	0.0458722	-39.3096	0.0013238	1.1977e-07	0.000360709	0.0152236	0.354167	0.277778	0.368056
3.68	0.0884924	0.00773318	-39.0804	0.00138771	1.22332e-07	0.000377096	0.0152272	0.319444	0.284722	0.395833
3.69	0.0891486	0.0316139	-39.1104	0.00134031	1.20371e-07	0.000363227	0.015231	0.326389	0.291667	0.381944
3.7	0.0889313	0.0187528	-38.8073	0.00127094	1.21047e-07	0.000343497	0.0152346	0.347222	0.305556	0.347222
3.71	0.0889056	0.0305171	-38.7496	0.00131154	1.18111e-07	0.000353514	0.0152381	0.333333	0.291667	0.375
3.72	0.0880819	0.0186404	-38.5127	0.0012923	1.16222e-07	0.000347392	0.0152416	0.305556	0.25	0.444444
3.73	0.0886035	0.0360318	-38.418	0.00129162	1.14895e-07	0.000346279	0.0152451	0.284722	0.333333	0.381944
3.74	0.0873715	-0.000327251	-38.1874	0.00124942	1.16767e-07	0.000334068	0.0152485	0.319444	0.256944	0.423611
3.75	0.0875132	0.0111851	-38.1146	0.00125584	1.15681e-07	0.00033489	0.0152519	0.381944	0.270833	0.347222
3.76	0.0864569	0.034469	-37.9038	0.00121803	1.09736e-07	0.000323943	0.0152552	0.3125	0.361111	0.326389
3.77	0.0867076	0.0242918	-37.9276	0.00123636	1.12393e-07	0.000327946	0.0152585	0.395833	0.298611	0.305556
3.78	0.0883625	0.0194277	-37.7403	0.00119861	1.15034e-07	0.000317092	0.0152617	0.319444	0.326389	0.354167
3.79	0.0869403	0.0157747	-37.4791	0.00120181	1.13661e-07	0.0003171	0.0152649	0.409722	0.270833	0.319444
3.8	0.086625	0.0105083	-37.7645	0.00123473	1.11952e-07	0.00032493	0.0152681	0.493056	0.284722	0.222222
3.81	0.0859188	0.0118598	-37.2226	0.00117861	1.09246e-07	0.000309346	0.0152713	0.395833	0.291667	0.3125
3.82	0.0871215	0.0332003	-37.4098	0.00120412	1.11648e-07	0.000315215	0.0152744	0.298611	0.375	0.326389
3.83	0.085766	-0.0182574	-36.9163	0.00117965	1.10731e-07	0.000308003	0.0152776	0.305556	0.326389	0.368056
3.84	0.0865063	0.0154332	-37.0745	0.00118155	1.08627e-07	0.000307697	0.0152807	0.423611	0.305556	0.270833
3.85	0.0852882	0.0123214	-36.7504	0.00115921	1.06771e-07	0.000301094	0.0152837	0.402778	0.3125	0.284722
3.86	0.0839354	-0.0156329	-36.6616	0.00115229	1.06217e-07	0.000298521	0.0152868	0.256944	0.291667	0.451389
3.87	0.0847111	-0.0081961	-36.6891	0.00116925	1.0945e-07	0.000302132	0.0152897	0.395833	0.326389	0.277778
3.88	0.0853389	-0.0212036	-36.5696	0.00115773	1.09048e-07	0.000298383	0.0152928	0.368056	0.284722	0.347222
3.89	0.0855576	-0.0214034	-36.4845	0.00116544	1.11094e-07	0.000299598	0.0152957	0.381944	0.347222	0.270833
3.9	0.0857625	0.0313594	-36.3847	0.0011225	1.04873e-07	0.000287821	0.0152987	0.25	0.3125	0.4375
3.91	0.0869153	0.0412077	-36.2713	0.00113846	1.0769e-07	0.000291166	0.0153016	0.368056	0.263889	0.368056
3.92	0.0858292	0.0208997	-36.0084	0.00110272	1.06886e-07	0.000281306	0.0153045	0.3125	0.333333	0.354167
3.93	0.085916	0.0331779	-36.2074	0.00109353	1.05431e-07	0.000278253	0.0153073	0.402778	0.340278	0.256944
3.94	0.0848479	0.0179065	-36.0557	0.00110838	1.03163e-07	0.000281315	0.0153101	0.388889	0.291667	0.319444
3.95	0.085584	0.01242	-35.9282	0.00110338	1.04868e-07	0.000279336	0.0153129	0.409722	0.277778	0.3125
3.96	0.0853368	0.014068	-36.001	0.00108223	1.04038e-07	0.000273291	0.0153157	0.354167	0.368056	0.277778
3.97	0.0852646	0.0313913	-35.6406	0.00105969	1.02191e-07	0.000266925	0.0153185	0.395833	0.222222	0.381944
3.98	0.0847042	0.0303912	-35.5712	0.0010731	1.00511e-07	0.000269624	0.0153211	0.381944	0.333333	0.284722
3.99	0.0844674	-0.00228592	-35.3575	0.00108452	1.0048e-07	0.00027181	0.0153238	0.444444	0.263889	0.291667
4	0.0842875	0.0348456	-35.2717	0.00106672	9.98757e-08	0.000266679	0.0153265	0.395833	0.256944	0.347222
4.01	0.0834507	-0.010895	-35.1055	0.00106539	9.96915e-08	0.000265682	0.0153292	0.368056	0.354167	0.277778
4.02	0.0822569	0.037305	-35.0811	0.00104431	9.42466e-08	0.000259779	0.0153319	0.354167	0.368056	0.277778
4.03	0.0846188	0.0225422	-35.1509	0.00104156	9.98654e-08	0.000258452	0.0153345	0.277778	0.298611	0.423611
4.04	0.0827583	-0.0120065	-34.8544	0.00104578	9.89638e-08	0.000258856	0.0153371	0.305556	0.395833	0.298611
4.05	0.0833104	0.0153359	-34.8	0.00104597	9.77901e-08	0.000258264	0.0153396	0.368056	0.340278	0.291667
4.06	0.0832201	0.00642472	-34.5909	0.00101647	9.7533e-08	0.000250363	0.0153422	0.333333	0.340278	0.326389
4.07	0.0830507	-0.00939571	-34.7364	0.00100398	9.93231e-08	0.000246679	0.0153447	0.3125	0.333333	0.354167
4.08	0.0834382	0.0160364	-34.4972	0.00101562	9.76055e-08	0.000248926	0.0153472	0.340278	0.291667	0.368056
4.09	0.0820951	0.00931848	-34.4196	0.000988694	9.41435e-08	0.000241734	0.0153497	0.361111	0.326389	0.3125
4.1	0.083766	0.0348373	-34.2362	0.0010057	9.39392e-08	0.000245293	0.0153521	0.319444	0.347222	0.333333
4.11	0.0819333	0.0279266	-34.0095	0.000991806	9.11115e-08	0.000241315	0.0153546	0.326389	0.354167	0.319444
4.12	0.0818021	-0.0120512	-34.0478	0.000984597	9.48345e-08	0.00023898	0.015357	0.340278	0.340278	0.319444
4.13	0.0829833	0.0144377	-34.0582	0.000979288	9.45681e-08	0.000237116	0.0153594	0.340278	0.25	0.409722
4.14	0.0823646	0.0129918	-33.6494	0.000966424	9.30728e-08	0.000233436	0.0153617	0.270833	0.340278	0.388889
4.15	0.0821917	0.014122	-33.7922	0.000971363	9.27355e-08	0.000234063	0.0153641	0.409722	0.354167	0.236111
4.16	0.0829688	0.0236325	-33.8955	0.000949999	9.23813e-08	0.000228365	0.0153664	0.402778	0.326389	0.270833
4.17	0.0822444	0.0210549	-33.4717	0.000950946	9.18124e-08	0.000228045	0.0153687	0.298611	0.305556	0.395833
4.18	0.082175	0.0300733	-33.3497	0.000936244	9.07824e-08	0.000223982	0.015371	0.409722	0.3125	0.277778
4.19	0.082159	0.00789296	-33.27	0.000955914	9.26581e-08	0.000228142	0.0153732	0.270833	0.298611	0.430556
4.2	0.0830729	0.0263252	-33.3168	0.000944566	9.1876e-08	0.000224897	0.0153755	0.3125	0.3125	0.375
4.21	0.0822111	0.0250794	-33.256	0.000943348	9.1143e-08	0.000224073	0.0153777	0.368056	0.291667	0.340278
4.22	0.0819632	0.00520646	-33.3752	0.000940119	9.16772e-08	0.000222777	0.01538	0.4375	0.298611	0.263889
4.23	0.0817993	0.0105171	-32.8749	0.000929724	8.8643e-08	0.000219793	0.0153822	0.381944	0.333333	0.284722
4.24	0.0818174	0.0261807	-32.9424	0.000920517	8.80758e-08	0.000217103	0.0153844	0.222222	0.284722	0.493056
4.25	0.0810472	0.00304566	-32.8779	0.000906491	8.90653e-08	0.000213292	0.0153866	0.277778	0.375	0.347222
4.26	0.0816688	0.00964929	-32.9022	0.000921796	9.11051e-08	0.000216384	0.0153887	0.430556	0.263889	0.305556
4.27	0.0810854	0.0394502	-32.5018	0.000919447	8.5141e-08	0.000215327	0.0153909	0.347222	0.395833	0.256944
4.28	0.0819993	0.0380589	-32.4269	0.000896009	8.68132e-08	0.000209348	0.015393	0.354167	0.333333	0.3125
4.29	0.0810424	0.00982694	-32.4924	0.000892389	8.63387e-08	0.000208016	0.0153951	0.291667	0.333333	0.375
4.3	0.0816965	0.00948701	-32.7595	0.000899653	8.89716e-08	0.000209222	0.0153972	0.347222	0.243056	0.409722
4.31	0.0808083	0.0258441	-32.5254	0.000875727	8.50647e-08	0.000203185	0.0153993	0.326389	0.3125	0.361111
4.32	0.0820785	0.0498767	-32.3662	0.00087631	8.43805e-08	0.00020285	0.0154013	0.305556	0.277778	0.416667
4.33	0.0799986	0.0224419	-32.2835	0.000862853	8.36229e-08	0.000199273	0.0154034	0.354167	0.375	0.270833
4.34	0.0793	-0.00367498	-31.7268	0.000854379	8.35343e-08	0.000196861	0.0154053	0.3125	0.298611	0.388889
4.35	0.0797646	0.0111147	-32.0001	0.000837443	8.35801e-08	0.000192516	0.0154073	0.340278	0.291667	0.368056
4.36	0.0800938	-0.00239272	-31.8695	0.000844514	8.6094e-08	0.000193696	0.0154092	0.3125	0.291667	0.395833
4.37	0.0795188	0.00173894	-31.6797	0.000863605	8.36529e-08	0.000197621	0.0154112	0.354167	0.256944	0.388889
4.38	0.079366	-0.00584475	-31.608	0.000834679	8.2269e-08	0.000190566	0.0154132	0.277778	0.375	0.347222
4.39	0.0801951	0.0195043	-31.6509	0.000851435	8.23738e-08	0.000193949	0.0154151	0.319444	0.333333	0.347222
4.4	0.0797944	0.0321344	-31.4787	0.00084048	8.04415e-08	0.000191018	0.015417	0.236111	0.326389	0.4375
4.41	0.0789069	0.000950713	-31.2217	0.000829653	8.11737e-08	0.00018813	0.0154189	0.333333	0.305556	0.361111
4.42	0.0788861	0.00574903	-31.1149	0.000800818	8.00986e-08	0.000181181	0.0154208	0.256944	0.395833	0.347222
4.43	0.0778625	-0.00678305	-31.1862	0.000799448	7.81689e-08	0.000180462	0.0154226	0.381944	0.277778	0.340278
4.44	0.0788014	0.00758401	-31.2287	0.000812994	7.95651e-08	0.000183107	0.0154244	0.402778	0.277778	0.319444
4.45	0.0799951	0.00860522	-31.0413	0.000826774	8.23331e-08	0.000185792	0.0154262	0.3125	0.298611	0.388889
4.46	0.0794611	0.0359788	-31.2922	0.000812086	7.80896e-08	0.000182082	0.0154281	0.416667	0.256944	0.326389
4.47	0.0800618	-0.000562773	-30.9368	0.000795124	8.19321e-08	0.00017788	0.0154299	0.368056	0.284722	0.347222
4.48	0.0803743	0.0201681	-30.9491	0.000784416	8.0297e-08	0.000175093	0.0154317	0.402778	0.3125	0.284722
4.49	0.0791743	0.023914	-30.8324	0.000811317	7.90167e-08	0.000180694	0.0154334	0.298611	0.347222	0.354167
4.5	0.0792361	0.0210426	-30.8996	0.000797688	7.93237e-08	0.000177264	0.0154353	0.347222	0.305556	0.347222
4.51	0.0789917	0.0262508	-30.6733	0.000802756	7.78557e-08	0.000177995	0.015437	0.381944	0.326389	0.291667
4.52	0.0787722	-0.00482789	-30.5266	0.000781226	7.90789e-08	0.000172838	0.0154388	0.368056	0.305556	0.326389
4.53	0.0787694	0.00500294	-30.689	0.000783754	7.8612e-08	0.000173014	0.0154405	0.326389	0.298611	0.375
4.54	0.0786431	0.028739	-30.4167	0.000770484	7.64357e-08	0.00016971	0.0154423	0.354167	0.3125	0.333333
4.55	0.0778743	0.0376298	-30.3805	0.000765294	7.47704e-08	0.000168196	0.015444	0.3125	0.333333	0.354167
4.56	0.0784625	-0.00344821	-30.1612	0.000761903	7.81153e-08	0.000167084	0.0154456	0.256944	0.430556	0.3125
4.57	0.0792521	0.00310054	-30.2613	0.000766576	7.90793e-08	0.000167741	0.0154473	0.333333	0.305556	0.361111
4.58	0.0778181	0.0126756	-30.0524	0.000777553	7.56807e-08	0.000169771	0.015449	0.333333	0.3125	0.354167
4.59	0.0781403	0.0284314	-30.0879	0.000747419	7.34775e-08	0.000162836	0.0154507	0.215278	0.375	0.409722
4.6	0.0779104	0.0382691	-29.8896	0.000752682	7.34061e-08	0.000163627	0.0154523	0.395833	0.284722	0.319444
4.61	0.0790813	0.0260516	-30.0325	0.000745884	7.66989e-08	0.000161797	0.015454	0.319444	0.263889	0.416667
4.62	0.077891	0.0152788	-29.8054	0.000755529	7.47339e-08	0.000163534	0.0154556	0.347222	0.298611	0.354167
4.63	0.0779861	-0.00313958	-29.7721	0.000741341	7.61711e-08	0.000160117	0.0154572	0.444444	0.277778	0.277778
4.64	0.0774049	0.0128919	-29.6208	0.000734669	7.32758e-08	0.000158334	0.0154588	0.402778	0.3125	0.284722
4.65	0.0775521	-0.00241065	-29.5068	0.000707245	7.51882e-08	0.000152096	0.0154604	0.263889	0.298611	0.4375
4.66	0.078591	0.0134716	-29.6131	0.000722442	7.50979e-08	0.00015503	0.0154619	0.381944	0.3125	0.305556
4.67	0.0761514	0.00351834	-29.3697	0.000734455	7.12545e-08	0.000157271	0.0154635	0.368056	0.291667	0.340278
4.68	0.0769104	0.0331711	-29.3872	0.000705371	7.17525e-08	0.00015072	0.015465	0.270833	0.368056	0.361111
4.69	0.0775146	0.0121133	-29.2255	0.000716581	7.27579e-08	0.000152789	0.0154665	0.333333	0.368056	0.298611
4.7	0.0778076	0.000667165	-29.2594	0.000703179	7.3009e-08	0.000149613	0.0154681	0.229167	0.305556	0.465278
4.71	0.0764819	0.00274108	-29.1406	0.00070034	7.19686e-08	0.000148692	0.0154696	0.347222	0.305556	0.347222
4.72	0.0766403	0.0133628	-29.0609	0.000704735	7.07838e-08	0.000149308	0.0154711	0.319444	0.319444	0.361111
4.73	0.0768819	-0.00805028	-28.9839	0.000698962	7.25021e-08	0.000147772	0.0154725	0.354167	0.319444	0.326389
4.74	0.0768028	0.0209752	-28.8519	0.000707315	7.11112e-08	0.000149223	0.015474	0.375	0.291667	0.333333
4.75	0.0772722	0.015713	-28.6409	0.000696469	7.08874e-08	0.000146625	0.0154755	0.291667	0.298611	0.409722
4.76	0.0779757	0.0302312	-28.7458	0.00068867	7.23354e-08	0.000144679	0.015477	0.263889	0.347222	0.388889
4.77	0.0776979	0.0279157	-28.9024	0.000690209	7.20737e-08	0.000144698	0.0154784	0.3125	0.333333	0.354167
4.78	0.0777007	0.0433933	-28.4937	0.000672246	7.01949e-08	0.000140637	0.0154799	0.270833	0.333333	0.395833
4.79	0.0766792	-0.00777602	-28.483	0.000679854	7.06102e-08	0.000141932	0.0154813	0.3125	0.381944	0.305556
4.8	0.0777069	0.016107	-28.5298	0.000677933	6.91543e-08	0.000141236	0.0154827	0.347222	0.25	0.402778
4.81	0.0776674	0.00413071	-28.5212	0.000673374	7.11794e-08	0.000139995	0.0154841	0.270833	0.354167	0.375
4.82	0.0765646	-0.00348919	-28.5934	0.000667851	7.05709e-08	0.000138558	0.0154855	0.486111	0.236111	0.277778
4.83	0.076641	0.0313539	-28.3633	0.000675075	6.82085e-08	0.000139767	0.0154869	0.402778	0.298611	0.298611
4.84	0.0757354	0.00954552	-28.1837	0.000640902	6.82691e-08	0.000132418	0.0154883	0.340278	0.256944	0.402778
4.85	0.0760188	0.0021808	-27.8872	0.000651331	6.8577e-08	0.000134295	0.0154896	0.291667	0.368056	0.340278
4.86	0.0761417	0.0080373	-28.2742	0.000670176	6.73215e-08	0.000137896	0.015491	0.3125	0.305556	0.381944
4.87	0.0771361	-0.0176595	-28.0915	0.000650989	7.0262e-08	0.000133673	0.0154923	0.3125	0.368056	0.319444
4.88	0.0763632	0.028625	-28.0996	0.000649874	6.68615e-08	0.000133171	0.0154937	0.333333	0.305556	0.361111
4.89	0.0753819	0.0254958	-28.0294	0.000641119	6.68493e-08	0.000131108	0.015495	0.4375	0.3125	0.25
4.9	0.0756736	0.0233563	-27.827	0.000629321	6.57852e-08	0.000128433	0.0154963	0.409722	0.381944	0.208333
4.91	0.0749132	-0.00672134	-27.7109	0.000649271	6.62967e-08	0.000132234	0.0154976	0.340278	0.333333	0.326389
4.92	0.0761035	-0.00101741	-27.7244	0.000639453	6.64006e-08	0.00012997	0.0154989	0.326389	0.3125	0.361111
4.93	0.0762903	0.0295502	-27.5034	0.000609791	6.59407e-08	0.00012369	0.0155002	0.291667	0.347222	0.361111
4.94	0.075509	0.00222824	-27.6114	0.000616461	6.59442e-08	0.00012479	0.0155015	0.381944	0.277778	0.340278
4.95	0.0763403	0.0156372	-27.735	0.000640779	6.62878e-08	0.00012945	0.0155027	0.375	0.347222	0.277778
4.96	0.0743326	0.0106034	-27.4533	0.00063175	6.31011e-08	0.000127369	0.015504	0.388889	0.277778	0.333333
4.97	0.074184	-0.00201215	-27.3127	0.000615848	6.29862e-08	0.000123913	0.0155053	0.319444	0.354167	0.326389
4.98	0.0772139	0.0393846	-27.5417	0.000615245	6.71417e-08	0.000123543	0.0155065	0.256944	0.354167	0.388889
4.99	0.0769549	0.0107565	-27.476	0.000618266	6.68394e-08	0.000123901	0.0155078	0.298611	0.375	0.326389
5	0.0743604	-0.0247571	-27.1967	0.000634416	6.58179e-08	0.000126883	0.015509	0.347222	0.270833	0.381944
5.01	0.0760083	-0.0040248	-27.19	0.000611188	6.66031e-08	0.000121994	0.0155103	0.305556	0.298611	0.395833
5.02	0.0758354	0.00811069	-27.087	0.000605856	6.47127e-08	0.000120688	0.0155115	0.388889	0.354167	0.256944
5.03	0.0755	-0.0132853	-27.1585	0.000605344	6.54649e-08	0.000120347	0.0155127	0.402778	0.270833	0.326389
5.04	0.0751653	-0.0198675	-26.7982	0.000606274	6.57033e-08	0.000120292	0.0155139	0.305556	0.298611	0.395833
5.05	0.0750958	0.00110416	-26.6558	0.000607026	6.33802e-08	0.000120203	0.0155151	0.388889	0.3125	0.298611
5.06	0.0745903	0.0244204	-26.8446	0.000598436	6.12356e-08	0.000118268	0.0155163	0.354167	0.333333	0.3125
5.07	0.0746424	0.0204098	-26.6653	0.000594189	6.16702e-08	0.000117197	0.0155175	0.256944	0.347222	0.395833
5.08	0.0756153	0.0300819	-26.7106	0.000602068	6.19771e-08	0.000118517	0.0155187	0.333333	0.333333	0.333333
5.09	0.074141	0.0101998	-26.6343	0.000580932	6.06513e-08	0.000114132	0.0155198	0.375	0.298611	0.326389
5.1	0.0746132	0.00741491	-26.659	0.000584423	6.1938e-08	0.000114593	0.015521	0.388889	0.326389	0.284722
5.11	0.0742438	0.0131358	-26.6943	0.000575603	6.10142e-08	0.000112642	0.0155221	0.340278	0.361111	0.298611
5.12	0.0746326	0.0382738	-26.5644	0.00058217	6.01669e-08	0.000113705	0.0155233	0.270833	0.361111	0.368056
5.13	0.0745792	0.0314176	-26.4935	0.000567764	6.10088e-08	0.000110675	0.0155244	0.375	0.354167	0.270833
5.14	0.0749486	-0.000308845	-26.2803	0.000566533	6.29914e-08	0.00011022	0.0155255	0.354167	0.298611	0.347222
5.15	0.0746903	0.0147643	-26.372	0.000578214	6.16793e-08	0.000112275	0.0155266	0.368056	0.361111	0.270833
5.16	0.0748819	0.041778	-26.2418	0.000579317	6.04356e-08	0.000112271	0.0155277	0.25	0.354167	0.395833
5.17	0.0742361	0.00992893	-26.4234	0.000573732	6.07869e-08	0.000110973	0.0155288	0.243056	0.361111	0.395833
5.18	0.0737181	0.0244068	-26.1628	0.000566276	5.95289e-08	0.00010932	0.01553	0.368056	0.277778	0.354167
5.19	0.0743063	0.0263879	-26.1596	0.000568579	6.0082e-08	0.000109553	0.015531	0.340278	0.256944	0.402778
5.2	0.0737639	0.0203264	-26.0811	0.000549667	5.87018e-08	0.000105705	0.0155321	0.298611	0.3125	0.388889
5.21	0.0746639	-0.0128174	-25.9667	0.000547451	6.26169e-08	0.000105077	0.0155332	0.368056	0.409722	0.222222
5.22	0.0741938	0.000906859	-26.0941	0.000547858	6.04379e-08	0.000104954	0.0155343	0.340278	0.354167	0.305556
5.23	0.0740722	-0.0117014	-25.8377	0.000547099	6.0179e-08	0.000104608	0.0155353	0.340278	0.395833	0.263889
5.24	0.0734278	0.0110457	-25.626	0.00054005	5.84642e-08	0.000103063	0.0155363	0.3125	0.319444	0.368056
5.25	0.0750438	0.0248604	-25.9435	0.000554457	6.02956e-08	0.000105611	0.0155374	0.291667	0.368056	0.340278
5.26	0.0744472	0.0161318	-25.838	0.00051952	5.96841e-08	9.87681e-05	0.0155384	0.402778	0.270833	0.326389
5.27	0.0744708	-0.00707541	-26.0063	0.000547345	5.9981e-08	0.00010386	0.0155394	0.395833	0.361111	0.243056
5.28	0.0741042	0.0196879	-25.6597	0.000529459	5.74042e-08	0.000100276	0.0155405	0.298611	0.347222	0.354167
5.29	0.0742556	-0.0276044	-25.8044	0.000552384	5.98785e-08	0.00010442	0.0155415	0.277778	0.375	0.347222
5.3	0.0742493	0.0107223	-25.4493	0.000540172	5.86698e-08	0.000101919	0.0155425	0.340278	0.270833	0.388889
5.31	0.0737139	0.0111714	-25.2077	0.000531762	5.82887e-08	0.000100144	0.0155435	0.368056	0.347222	0.284722
5.32	0.0733486	0.023417	-25.4227	0.000536438	5.76259e-08	0.000100834	0.0155445	0.375	0.298611	0.326389
5.33	0.0750958	0.0141834	-25.5278	0.000540186	5.96994e-08	0.000101348	0.0155455	0.368056	0.347222	0.284722
5.34	0.0735153	0.0198304	-25.0427	0.000518439	5.75124e-08	9.7086e-05	0.0155465	0.256944	0.423611	0.319444
5.35	0.0734625	0.0194392	-25.1818	0.000528928	5.62617e-08	9.8865e-05	0.0155475	0.381944	0.291667	0.326389
5.36	0.073284	0.00768438	-25.1926	0.000509635	5.76875e-08	9.50812e-05	0.0155485	0.361111	0.305556	0.333333
5.37	0.073791	0.00911791	-25.0681	0.000518489	5.76498e-08	9.65528e-05	0.0155495	0.347222	0.319444	0.333333
5.38	0.0745389	0.042047	-25.0616	0.000519391	5.77377e-08	9.65411e-05	0.0155504	0.375	0.347222	0.277778
5.39	0.073334	0.0133461	-24.9672	0.000515448	5.64104e-08	9.56303e-05	0.0155514	0.333333	0.326389	0.340278
5.4	0.072691	0.00918844	-25.1678	0.000508989	5.62426e-08	9.42573e-05	0.0155523	0.381944	0.340278	0.277778
5.41	0.0723938	0.000565042	-24.93	0.000506158	5.49529e-08	9.35597e-05	0.0155533	0.381944	0.354167	0.263889
5.42	0.0726042	0.030914	-24.8586	0.000510211	5.42527e-08	9.41349e-05	0.0155542	0.340278	0.291667	0.368056
5.43	0.073284	-0.00646455	-25.0575	0.000507681	5.70391e-08	9.34956e-05	0.0155552	0.326389	0.368056	0.305556
5.44	0.0720299	0.0117194	-24.4627	0.000496296	5.50035e-08	9.12309e-05	0.0155561	0.423611	0.298611	0.277778
5.45	0.0727632	0.00854333	-24.6869	0.000485752	5.42485e-08	8.91288e-05	0.015557	0.333333	0.3125	0.354167
5.46	0.0732465	0.0230747	-24.5816	0.000495067	5.4574e-08	9.06717e-05	0.0155579	0.270833	0.395833	0.333333
5.47	0.0723778	-0.0127474	-24.4803	0.000507315	5.54062e-08	9.2745e-05	0.0155588	0.243056	0.354167	0.402778
5.48	0.0730674	0.0296529	-24.789	0.00050805	5.41747e-08	9.27099e-05	0.0155597	0.368056	0.3125	0.319444
5.49	0.0736396	0.0332274	-24.6821	0.00051041	5.52873e-08	9.29708e-05	0.0155607	0.361111	0.326389	0.3125
5.5	0.0730674	0.0175312	-24.5731	0.000499553	5.47521e-08	9.08279e-05	0.0155616	0.416667	0.3125	0.270833
5.51	0.0724292	0.00434548	-24.6261	0.000482018	5.44891e-08	8.74806e-05	0.0155625	0.375	0.298611	0.326389
5.52	0.0728049	0.0106459	-24.3143	0.000479058	5.46965e-08	8.67859e-05	0.0155634	0.3125	0.284722	0.402778
5.53	0.0732396	-0.010967	-24.4032	0.000487558	5.63071e-08	8.8166e-05	0.0155642	0.291667	0.326389	0.381944
5.54	0.0722938	-0.018335	-24.2521	0.000499463	5.45614e-08	9.01558e-05	0.0155651	0.347222	0.347222	0.305556
5.55	0.0721375	0.0111703	-24.1212	0.000486254	5.34849e-08	8.76134e-05	0.015566	0.368056	0.270833	0.361111
5.56	0.0715542	-7.22413e-05	-24.1677	0.000476369	5.33321e-08	8.56779e-05	0.0155669	0.4375	0.277778	0.284722
5.57	0.0722917	0.0336348	-24.1079	0.000474729	5.31747e-08	8.52297e-05	0.0155678	0.368056	0.326389	0.305556
5.58	0.0733722	-0.000704424	-24.229	0.000488051	5.50127e-08	8.74642e-05	0.0155686	0.243056	0.388889	0.368056
5.59	0.0716271	-0.00408959	-23.9698	0.00047358	5.29146e-08	8.47191e-05	0.0155695	0.319444	0.277778	0.402778
5.6	0.0729042	-0.0192934	-24.117	0.00046521	5.57038e-08	8.30731e-05	0.0155703	0.298611	0.326389	0.375
5.61	0.0721521	0.0180347	-23.9324	0.000467403	5.21173e-08	8.3316e-05	0.0155712	0.354167	0.298611	0.347222
5.62	0.0712118	0.0199977	-23.8307	0.000471373	5.12775e-08	8.38743e-05	0.015572	0.444444	0.208333	0.347222
5.63	0.0716479	0.0226701	-23.7043	0.00045014	5.1598e-08	7.99538e-05	0.0155728	0.333333	0.319444	0.347222
5.64	0.0723986	0.0255869	-23.8828	0.000467497	5.18231e-08	8.28895e-05	0.0155736	0.368056	0.229167	0.402778
5.65	0.0713507	-0.021147	-23.7253	0.000460557	5.26941e-08	8.15146e-05	0.0155745	0.298611	0.298611	0.402778
5.66	0.0717819	0.000722047	-23.6267	0.0004665	5.13268e-08	8.24205e-05	0.0155753	0.263889	0.354167	0.381944
5.67	0.0715951	0.0185983	-23.6327	0.000456455	5.07631e-08	8.05035e-05	0.0155761	0.381944	0.326389	0.291667
5.68	0.0722576	0.00907099	-23.4185	0.000460888	5.20988e-08	8.11423e-05	0.0155769	0.402778	0.277778	0.319444
5.69	0.0723271	0.0164106	-23.8254	0.000456187	5.2539e-08	8.01734e-05	0.0155777	0.326389	0.243056	0.430556
5.7	0.0713667	-0.00057173	-23.7951	0.00045587	5.2048e-08	7.99773e-05	0.0155785	0.444444	0.277778	0.277778
5.71	0.0715771	0.00957033	-23.3919	0.000450403	5.04251e-08	7.88796e-05	0.0155793	0.305556	0.319444	0.375
5.72	0.071109	0.0119856	-23.3074	0.000439906	5.08583e-08	7.69066e-05	0.0155801	0.381944	0.277778	0.340278
5.73	0.0725868	0.0421162	-23.3799	0.000450102	5.07045e-08	7.85519e-05	0.0155809	0.277778	0.402778	0.319444
5.74	0.0722035	0.0148114	-23.2763	0.00044303	5.16702e-08	7.71829e-05	0.0155817	0.402778	0.298611	0.298611
5.75	0.0712042	0.0252126	-23.3398	0.00045744	4.91529e-08	7.95548e-05	0.0155824	0.368056	0.333333	0.298611
5.76	0.0712076	0.0295528	-23.206	0.00044996	4.91316e-08	7.81181e-05	0.0155832	0.326389	0.354167	0.319444
5.77	0.0713563	-0.0131446	-23.287	0.000448358	5.05534e-08	7.77051e-05	0.015584	0.263889	0.381944	0.354167
5.78	0.0714618	0.0322226	-23.1659	0.000439598	4.97553e-08	7.60551e-05	0.0155848	0.333333	0.305556	0.361111
5.79	0.0710153	-0.00867322	-23.09	0.000436807	5.05803e-08	7.54416e-05	0.0155856	0.319444	0.340278	0.340278
5.8	0.0711243	0.0280533	-23.044	0.000429377	4.8597e-08	7.40305e-05	0.0155863	0.284722	0.354167	0.361111
5.81	0.0715313	-0.00648275	-23.3516	0.000440266	5.1202e-08	7.57774e-05	0.015587	0.388889	0.347222	0.263889
5.82	0.0716576	0.0406106	-23.0323	0.000431167	4.91059e-08	7.40837e-05	0.0155878	0.340278	0.361111	0.298611
5.83	0.0725875	0.0160548	-23.012	0.000432255	5.10139e-08	7.41432e-05	0.0155885	0.458333	0.326389	0.215278
5.84	0.0724722	0.0232297	-22.8471	0.000431372	5.00386e-08	7.3865e-05	0.0155893	0.333333	0.3125	0.354167
5.85	0.0711444	0.0270743	-22.8879	0.000421354	4.86582e-08	7.20264e-05	0.01559	0.416667	0.284722	0.298611
5.86	0.0706674	0.012934	-22.6715	0.000418474	4.81944e-08	7.14119e-05	0.0155907	0.409722	0.291667	0.298611
5.87	0.0700938	-0.0255586	-22.7973	0.000432528	4.90846e-08	7.36845e-05	0.0155915	0.333333	0.333333	0.333333
5.88	0.0705681	-0.0281571	-22.6763	0.000425019	4.97707e-08	7.22821e-05	0.0155922	0.326389	0.291667	0.381944
5.89	0.0711028	0.0227124	-22.8434	0.000416362	4.86808e-08	7.06897e-05	0.0155929	0.451389	0.263889	0.284722
5.9	0.0709472	0.00737466	-22.6826	0.000428344	4.88462e-08	7.26007e-05	0.0155936	0.430556	0.298611	0.270833
5.91	0.0699007	0.023812	-22.4668	0.000412946	4.73546e-08	6.98725e-05	0.0155944	0.361111	0.298611	0.340278
5.92	0.0707632	-0.000494532	-22.4709	0.000412396	4.86265e-08	6.96615e-05	0.0155951	0.284722	0.347222	0.368056
5.93	0.0715056	0.00733806	-22.6666	0.000422708	4.9464e-08	7.1283e-05	0.0155957	0.3125	0.3125	0.375
5.94	0.0712757	0.023933	-22.4297	0.000413206	4.84326e-08	6.95634e-05	0.0155965	0.354167	0.3125	0.333333
5.95	0.07	0.0158624	-22.7103	0.000411814	4.75176e-08	6.92125e-05	0.0155972	0.333333	0.326389	0.340278
5.96	0.0704549	0.0194882	-22.3419	0.00041299	4.76228e-08	6.92936e-05	0.0155979	0.395833	0.3125	0.291667
5.97	0.0702007	0.0135304	-22.4439	0.000414337	4.69479e-08	6.94032e-05	0.0155985	0.298611	0.340278	0.361111
5.98	0.0706035	-0.00691079	-22.2503	0.000401441	4.79073e-08	6.71306e-05	0.0155992	0.347222	0.368056	0.284722
5.99	0.0701111	0.014291	-22.0833	0.000407994	4.66328e-08	6.81125e-05	0.0155999	0.395833	0.291667	0.3125
6	0.0703167	0.0101216	-22.0908	0.000405374	4.70764e-08	6.75624e-05	0.0156006	0.270833	0.361111	0.368056
6.01	0.0711604	0.0502997	-22.175	0.000407539	4.61005e-08	6.78102e-05	0.0156013	0.347222	0.319444	0.333333
6.02	0.069484	-0.0237381	-22.0687	0.00040116	4.73419e-08	6.66379e-05	0.0156019	0.333333	0.361111	0.305556
6.03	0.0709194	0.0425934	-22.1732	0.000396625	4.60065e-08	6.57753e-05	0.0156026	0.388889	0.319444	0.291667
6.04	0.0701493	-0.0144461	-22.1217	0.000400531	4.70992e-08	6.63132e-05	0.0156033	0.3125	0.354167	0.333333
6.05	0.0705535	-0.00820708	-22.1403	0.000395508	4.73381e-08	6.53732e-05	0.0156039	0.270833	0.340278	0.388889
6.06	0.0709625	-0.00334876	-22.1016	0.000386493	4.76348e-08	6.37778e-05	0.0156046	0.319444	0.340278	0.340278
6.07	0.0704507	-0.0126676	-22.2943	0.0003954	4.72982e-08	6.51401e-05	0.0156052	0.270833	0.409722	0.319444
6.08	0.0701479	0.00245468	-22.1173	0.000395177	4.58575e-08	6.49962e-05	0.0156059	0.381944	0.388889	0.229167
6.09	0.0701229	-0.0215312	-22.1101	0.000396295	4.61648e-08	6.5073e-05	0.0156065	0.451389	0.291667	0.256944
6.1	0.070359	0.00176403	-21.9667	0.000388504	4.6744e-08	6.36892e-05	0.0156072	0.277778	0.3125	0.409722
6.11	0.0693938	0.00561556	-21.8101	0.000381324	4.4785e-08	6.24099e-05	0.0156078	0.375	0.361111	0.263889
6.12	0.0696826	-0.000217819	-21.7656	0.000390541	4.61639e-08	6.38138e-05	0.0156084	0.319444	0.298611	0.381944
6.13	0.0703563	0.0138111	-21.829	0.000381898	4.57041e-08	6.22998e-05	0.0156091	0.368056	0.347222	0.284722
6.14	0.0703861	0.0281022	-21.6705	0.000373984	4.46844e-08	6.09094e-05	0.0156097	0.354167	0.361111	0.284722
6.15	0.0695583	-0.000951482	-21.5828	0.000380593	4.44074e-08	6.1885e-05	0.0156103	0.423611	0.277778	0.298611
6.16	0.0704507	0.0249306	-21.6546	0.000381971	4.50821e-08	6.20082e-05	0.0156109	0.298611	0.340278	0.361111
6.17	0.0697521	-0.00279065	-21.5199	0.000375701	4.55923e-08	6.08916e-05	0.0156115	0.319444	0.319444	0.361111
6.18	0.0691743	0.0281332	-21.49	0.0003789	4.30064e-08	6.13106e-05	0.0156122	0.416667	0.263889	0.319444
6.19	0.0702236	0.0434918	-21.5331	0.000368508	4.30483e-08	5.95328e-05	0.0156128	0.243056	0.375	0.381944
6.2	0.0704056	-0.0215055	-21.5784	0.000375028	4.62749e-08	6.04884e-05	0.0156134	0.326389	0.298611	0.375
6.21	0.0696569	0.0107832	-21.4201	0.000368157	4.44747e-08	5.92846e-05	0.015614	0.340278	0.298611	0.361111
6.22	0.0706938	0.0358563	-21.4579	0.000374235	4.437e-08	6.01664e-05	0.0156146	0.298611	0.340278	0.361111
6.23	0.0704465	0.0324305	-21.4364	0.00036994	4.44164e-08	5.93804e-05	0.0156152	0.256944	0.263889	0.479167
6.24	0.0699556	0.0462069	-21.3689	0.000372977	4.33683e-08	5.97719e-05	0.0156158	0.236111	0.340278	0.423611
6.25	0.0696396	-0.000621639	-21.4585	0.000369023	4.44225e-08	5.90437e-05	0.0156164	0.368056	0.305556	0.326389
6.26	0.0692611	0.0279345	-21.3616	0.000365805	4.32204e-08	5.84353e-05	0.0156169	0.402778	0.305556	0.291667
6.27	0.0691181	0.0272533	-21.178	0.000376025	4.35708e-08	5.99722e-05	0.0156175	0.381944	0.270833	0.347222
6.28	0.0690576	0.00192576	-21.1468	0.000358292	4.32407e-08	5.70528e-05	0.0156181	0.368056	0.305556	0.326389
6.29	0.0689333	-0.00592342	-21.0875	0.000367379	4.40031e-08	5.84068e-05	0.0156187	0.375	0.375	0.25
6.3	0.0689118	0.00951365	-21.0749	0.000366795	4.35701e-08	5.82214e-05	0.0156193	0.409722	0.263889	0.326389
6.31	0.0697042	0.0223003	-21.1486	0.000355584	4.33184e-08	5.63525e-05	0.0156199	0.402778	0.347222	0.25
6.32	0.0700813	0.0154354	-20.9497	0.000356837	4.39576e-08	5.64615e-05	0.0156204	0.305556	0.354167	0.340278
6.33	0.069684	0.0322788	-21.0201	0.000353338	4.30958e-08	5.58196e-05	0.015621	0.3125	0.270833	0.416667
6.34	0.0691611	0.0229485	-20.8896	0.000362095	4.22494e-08	5.71128e-05	0.0156216	0.319444	0.354167	0.326389
6.35	0.0698167	-0.00152264	-21.0045	0.000364771	4.44218e-08	5.74443e-05	0.0156221	0.326389	0.298611	0.375
6.36	0.0692806	-0.0112289	-21.013	0.000359486	4.32709e-08	5.6523e-05	0.0156227	0.291667	0.277778	0.430556
6.37	0.0693833	0.0228148	-20.8564	0.000357499	4.18277e-08	5.61223e-05	0.0156233	0.388889	0.298611	0.3125
6.38	0.0695007	0.00111155	-20.785	0.000349019	4.31416e-08	5.47051e-05	0.0156238	0.3125	0.305556	0.381944
6.39	0.0697951	-0.000680969	-21.0117	0.000355761	4.37004e-08	5.56747e-05	0.0156244	0.333333	0.368056	0.298611
6.4	0.0692847	0.0206679	-21.0204	0.000353026	4.2739e-08	5.51604e-05	0.0156249	0.361111	0.270833	0.368056
6.41	0.0699139	0.0197124	-20.7132	0.000355464	4.32383e-08	5.54547e-05	0.0156255	0.347222	0.340278	0.3125
6.42	0.0695889	0.0205676	-20.7473	0.000343156	4.24656e-08	5.3451e-05	0.015626	0.319444	0.340278	0.340278
6.43	0.0704111	0.0367416	-20.6317	0.000342122	4.31845e-08	5.32072e-05	0.0156266	0.354167	0.298611	0.347222
6.44	0.069041	0.00622774	-20.6105	0.000347447	4.18568e-08	5.39514e-05	0.0156271	0.319444	0.388889	0.291667
6.45	0.0690431	-0.00928606	-20.6519	0.000349419	4.2101e-08	5.41734e-05	0.0156276	0.319444	0.326389	0.354167
6.46	0.069741	0.0210771	-20.4514	0.000339053	4.26138e-08	5.24851e-05	0.0156282	0.326389	0.354167	0.319444
6.47	0.0680014	-0.0245218	-20.3963	0.000340279	4.17852e-08	5.25934e-05	0.0156287	0.326389	0.333333	0.340278
6.48	0.0678535	-0.00565128	-20.3089	0.000338287	4.05122e-08	5.22047e-05	0.0156292	0.256944	0.319444	0.423611
6.49	0.0691924	0.0279017	-20.1892	0.000343219	4.12678e-08	5.28842e-05	0.0156298	0.361111	0.305556	0.333333
6.5	0.0688104	0.0290032	-20.4878	0.000329322	4.05763e-08	5.06649e-05	0.0156303	0.368056	0.3125	0.319444
6.51	0.0689653	0.0162472	-20.3099	0.000329503	4.14725e-08	5.06149e-05	0.0156308	0.270833	0.305556	0.423611
6.52	0.0689153	0.0342124	-20.3371	0.000336526	4.0917e-08	5.16145e-05	0.0156313	0.368056	0.319444	0.3125
6.53	0.0698535	0.00235472	-20.3098	0.000334204	4.27943e-08	5.11797e-05	0.0156318	0.395833	0.326389	0.277778
6.54	0.0686597	-0.00465102	-20.3069	0.000325853	4.15319e-08	4.98246e-05	0.0156323	0.305556	0.354167	0.340278
6.55	0.0684882	0.00999672	-20.2807	0.000323472	4.10365e-08	4.93851e-05	0.0156328	0.395833	0.291667	0.3125
6.56	0.0690271	0.0303706	-20.1416	0.000333256	4.01398e-08	5.08013e-05	0.0156333	0.298611	0.375	0.326389
6.57	0.0683285	-0.00716411	-20.2144	0.000328056	4.09005e-08	4.99324e-05	0.0156338	0.409722	0.319444	0.270833
6.58	0.0685625	0.00624057	-20.2246	0.00031895	4.01473e-08	4.84727e-05	0.0156343	0.354167	0.3125	0.333333
6.59	0.0686035	0.0135364	-20.0707	0.000324268	4.04131e-08	4.92061e-05	0.0156348	0.284722	0.333333	0.381944
6.6	0.0689097	0.0404654	-20.1474	0.00033035	3.95309e-08	5.0053e-05	0.0156353	0.326389	0.256944	0.416667
6.61	0.0689535	0.0346294	-19.9641	0.000319899	3.99168e-08	4.83962e-05	0.0156358	0.319444	0.326389	0.354167
6.62	0.0676167	0.0103675	-20.0349	0.000319369	3.97277e-08	4.82431e-05	0.0156363	0.465278	0.243056	0.291667
6.63	0.0692389	0.0252741	-19.8185	0.000336094	4.04224e-08	5.06929e-05	0.0156368	0.361111	0.298611	0.340278
6.64	0.0683222	0.0140507	-19.9257	0.000320735	4.04136e-08	4.83034e-05	0.0156373	0.368056	0.340278	0.291667
6.65	0.0680438	-0.015044	-19.8971	0.000317005	3.99586e-08	4.76699e-05	0.0156378	0.430556	0.277778	0.291667
6.66	0.0680188	-0.00685641	-19.7678	0.000320341	3.98532e-08	4.80992e-05	0.0156382	0.243056	0.361111	0.395833
6.67	0.0680368	0.010766	-19.8754	0.000313514	3.98129e-08	4.70036e-05	0.0156387	0.361111	0.291667	0.347222
6.68	0.0683965	0.0133122	-19.8166	0.000321375	4.00285e-08	4.81101e-05	0.0156392	0.229167	0.256944	0.513889
6.69	0.0688424	-0.00956779	-19.7251	0.000313123	4.10345e-08	4.68047e-05	0.0156397	0.263889	0.340278	0.395833
6.7	0.067941	-0.00745743	-19.6401	0.000320643	3.95893e-08	4.78572e-05	0.0156401	0.430556	0.3125	0.256944
6.71	0.0677903	0.010805	-19.8454	0.000306977	3.94797e-08	4.57492e-05	0.0156406	0.298611	0.305556	0.395833
6.72	0.069125	0.0101136	-19.6136	0.000309812	4.02894e-08	4.6103e-05	0.0156411	0.347222	0.347222	0.305556
6.73	0.0675278	-0.00461608	-19.753	0.000311895	3.93469e-08	4.6344e-05	0.0156415	0.354167	0.3125	0.333333
6.74	0.0688181	-0.00198048	-19.585	0.000307205	3.97563e-08	4.55793e-05	0.015642	0.3125	0.305556	0.381944
6.75	0.0680868	0.0292355	-19.5378	0.000309743	3.85382e-08	4.58878e-05	0.0156424	0.319444	0.326389	0.354167
6.76	0.0681688	-0.00283359	-19.5139	0.000315512	3.9293e-08	4.66734e-05	0.0156429	0.347222	0.354167	0.298611
6.77	0.0683299	0.018396	-19.6956	0.000310269	3.85413e-08	4.58299e-05	0.0156434	0.277778	0.347222	0.375
6.78	0.0686639	0.0112962	-19.6061	0.000314649	3.9795e-08	4.64084e-05	0.0156438	0.340278	0.256944	0.402778
6.79	0.068591	0.00948534	-19.608	0.000303059	3.96178e-08	4.46331e-05	0.0156443	0.361111	0.284722	0.354167
6.8	0.0683444	0.0218788	-19.5019	0.000304461	3.91039e-08	4.47737e-05	0.0156447	0.319444	0.305556	0.375
6.81	0.0684521	-0.0158263	-19.3782	0.000299819	3.96785e-08	4.40263e-05	0.0156452	0.319444	0.368056	0.3125
6.82	0.0684479	0.0101955	-19.2078	0.000307746	3.77232e-08	4.51241e-05	0.0156456	0.333333	0.3125	0.354167
6.83	0.0685576	0.0193204	-19.4014	0.000301158	3.86878e-08	4.40934e-05	0.0156461	0.347222	0.368056	0.284722
6.84	0.0673861	0.0206034	-19.3186	0.000306956	3.72095e-08	4.48766e-05	0.0156465	0.402778	0.291667	0.305556
6.85	0.0679646	0.0177858	-19.2019	0.000306714	3.81683e-08	4.47757e-05	0.015647	0.375	0.305556	0.319444
6.86	0.0678347	-0.0133973	-19.1412	0.000297159	3.86852e-08	4.33177e-05	0.0156474	0.347222	0.347222	0.305556
6.87	0.0676771	0.0194709	-19.2125	0.000300271	3.73703e-08	4.37076e-05	0.0156479	0.333333	0.340278	0.326389
6.88	0.0681875	0.0220499	-19.1394	0.000295621	3.81865e-08	4.29682e-05	0.0156483	0.270833	0.3125	0.416667
6.89	0.0688813	0.0446712	-19.0881	0.000299755	3.77956e-08	4.35058e-05	0.0156487	0.291667	0.368056	0.340278
6.9	0.0669306	-0.00109722	-19.1211	0.000295446	3.65062e-08	4.28183e-05	0.0156492	0.361111	0.3125	0.326389
6.91	0.0667819	-0.0154703	-19.1931	0.000304263	3.76156e-08	4.40322e-05	0.0156496	0.3125	0.340278	0.347222
6.92	0.0673563	0.022949	-19.1933	0.000289069	3.69061e-08	4.17729e-05	0.01565	0.402778	0.236111	0.361111
6.93	0.067275	0.0194609	-19.0041	0.000288307	3.71264e-08	4.16028e-05	0.0156504	0.354167	0.277778	0.368056
6.94	0.068225	0.0201352	-18.979	0.00029392	3.79458e-08	4.23516e-05	0.0156509	0.361111	0.298611	0.340278
6.95	0.0683	0.0225464	-19.113	0.000285753	3.75929e-08	4.11155e-05	0.0156513	0.236111	0.416667	0.347222
6.96	0.0680674	-0.000113374	-19.037	0.000282473	3.85195e-08	4.05851e-05	0.0156517	0.333333	0.326389	0.340278
6.97	0.0678611	0.0187894	-18.9375	0.000291412	3.73852e-08	4.18095e-05	0.0156521	0.375	0.361111	0.263889
6.98	0.0672132	-0.00440943	-18.7941	0.000283891	3.75486e-08	4.0672e-05	0.0156525	0.340278	0.319444	0.340278
6.99	0.0674368	-0.0122918	-18.8938	0.000282946	3.76335e-08	4.04787e-05	0.0156529	0.3125	0.381944	0.305556
7	0.0677701	0.0188997	-18.9084	0.000283456	3.69334e-08	4.04937e-05	0.0156533	0.229167	0.395833	0.375
7.01	0.0669611	0.0211188	-18.7666	0.000287572	3.66129e-08	4.1023e-05	0.0156537	0.354167	0.333333	0.3125
7.02	0.0675118	0.029881	-18.9255	0.000283797	3.68086e-08	4.04269e-05	0.0156541	0.354167	0.333333	0.3125
7.03	0.0668285	-0.00712572	-18.738	0.000280402	3.69302e-08	3.98865e-05	0.0156545	0.340278	0.326389	0.333333
7.04	0.0674667	0.01996	-18.6905	0.000279787	3.66887e-08	3.97424e-05	0.0156549	0.326389	0.354167	0.319444
7.05	0.0678174	0.0188232	-18.7155	0.000276274	3.66311e-08	3.91878e-05	0.0156553	0.368056	0.305556	0.326389
7.06	0.0679681	0.0204195	-18.668	0.000287141	3.69616e-08	4.06715e-05	0.0156557	0.284722	0.388889	0.326389
7.07	0.0675229	0.0173863	-18.7145	0.000279745	3.63704e-08	3.95679e-05	0.0156561	0.3125	0.326389	0.361111
7.08	0.0673903	0.000577522	-18.4924	0.000283665	3.69796e-08	4.00657e-05	0.0156565	0.305556	0.333333	0.361111
7.09	0.0675694	0.00338818	-18.5083	0.000274671	3.68883e-08	3.87406e-05	0.0156569	0.305556	0.333333	0.361111
7.1	0.0681292	-0.00135655	-18.8005	0.00027599	3.76378e-08	3.88719e-05	0.0156573	0.326389	0.270833	0.402778
7.11	0.0681965	0.0223603	-18.5607	0.000275842	3.65857e-08	3.87964e-05	0.0156577	0.409722	0.347222	0.243056
7.12	0.0675444	0.0542998	-18.6107	0.000280507	3.4668e-08	3.9397e-05	0.0156581	0.361111	0.319444	0.319444
7.13	0.0674167	-0.0160597	-18.4198	0.000267283	3.65928e-08	3.74871e-05	0.0156585	0.333333	0.340278	0.326389
7.14	0.0664965	-0.00460844	-18.5322	0.000281114	3.55652e-08	3.93716e-05	0.0156589	0.326389	0.354167	0.319444
7.15	0.0667694	0.0121699	-18.6317	0.000266571	3.53345e-08	3.72827e-05	0.0156593	0.319444	0.243056	0.4375
7.16	0.0671979	0.0293231	-18.4168	0.000266899	3.5291e-08	3.72764e-05	0.0156596	0.347222	0.381944	0.270833
7.17	0.0664472	-0.00346034	-18.3152	0.000272648	3.56505e-08	3.80263e-05	0.01566	0.361111	0.291667	0.347222
7.18	0.067409	-0.0345029	-18.3482	0.000274874	3.67338e-08	3.82833e-05	0.0156604	0.409722	0.243056	0.347222
7.19	0.067716	0.011005	-18.2893	0.000267258	3.61129e-08	3.71709e-05	0.0156608	0.305556	0.284722	0.409722
7.2	0.0669382	0.00634153	-18.3971	0.000272769	3.57821e-08	3.78846e-05	0.0156611	0.388889	0.298611	0.3125
7.21	0.0684229	0.025814	-18.244	0.00027125	3.63551e-08	3.76213e-05	0.0156615	0.305556	0.3125	0.381944
7.22	0.0675875	0.0236935	-18.0286	0.000265593	3.52576e-08	3.67857e-05	0.0156619	0.3125	0.375	0.3125
7.23	0.0677076	0.030618	-18.1321	0.000266438	3.55126e-08	3.68518e-05	0.0156623	0.333333	0.284722	0.381944
7.24	0.0669049	0.0305905	-18.0555	0.000268509	3.40289e-08	3.70869e-05	0.0156626	0.333333	0.368056	0.298611
7.25	0.0665194	-0.00298438	-18.1849	0.000261796	3.4694e-08	3.61098e-05	0.015663	0.333333	0.305556	0.361111
7.26	0.0668056	0.0097129	-18.1036	0.000259621	3.50169e-08	3.57605e-05	0.0156634	0.368056	0.381944	0.25
7.27	0.0667042	-0.00731914	-18.1905	0.000265935	3.59041e-08	3.65797e-05	0.0156637	0.305556	0.319444	0.375
7.28	0.0676028	-0.00521711	-18.041	0.000263904	3.57592e-08	3.62506e-05	0.0156641	0.229167	0.354167	0.416667
7.29	0.0668826	0.0133113	-18.2125	0.000262697	3.48961e-08	3.60353e-05	0.0156645	0.375	0.319444	0.305556
7.3	0.0665111	0.0142788	-18.0743	0.000258317	3.46423e-08	3.53859e-05	0.0156648	0.354167	0.305556	0.340278
7.31	0.0671056	0.0122339	-18.4637	0.000256285	3.54532e-08	3.50594e-05	0.0156652	0.368056	0.326389	0.305556
7.32	0.0670854	0.0177387	-17.939	0.000262537	3.40985e-08	3.58657e-05	0.0156655	0.270833	0.284722	0.444444
7.33	0.0671924	0.012557	-18.0559	0.000257969	3.48426e-08	3.51936e-05	0.0156659	0.326389	0.291667	0.381944
7.34	0.0667896	0.0168426	-17.823	0.000258747	3.45725e-08	3.52517e-05	0.0156662	0.298611	0.326389	0.375
7.35	0.0665653	0.029759	-17.9955	0.000253941	3.40764e-08	3.45497e-05	0.0156666	0.277778	0.305556	0.416667
7.36	0.06645	0.00399797	-18.0047	0.000257542	3.43623e-08	3.49921e-05	0.0156669	0.340278	0.340278	0.319444
7.37	0.0660771	0.0024568	-17.8902	0.000251247	3.39312e-08	3.40905e-05	0.0156673	0.402778	0.263889	0.333333
7.38	0.0670389	0.0329253	-17.6774	0.000252364	3.43335e-08	3.41957e-05	0.0156676	0.305556	0.388889	0.305556
7.39	0.0672014	0.0250404	-17.9274	0.000247119	3.4201e-08	3.34396e-05	0.015668	0.263889	0.326389	0.409722
7.4	0.0661444	-0.0108364	-17.7885	0.00025775	3.38527e-08	3.4831e-05	0.0156683	0.256944	0.326389	0.416667
7.41	0.0668264	0.0157594	-17.6654	0.000252856	3.38474e-08	3.41237e-05	0.0156686	0.270833	0.347222	0.381944
7.42	0.0671368	0.00546523	-17.8452	0.000258526	3.45957e-08	3.48418e-05	0.015669	0.347222	0.305556	0.347222
7.43	0.0673083	0.032156	-17.7251	0.00024592	3.43188e-08	3.30983e-05	0.0156693	0.368056	0.270833	0.361111
7.44	0.0662292	-0.0112374	-17.6681	0.000251182	3.46277e-08	3.37611e-05	0.0156697	0.291667	0.3125	0.395833
7.45	0.0670285	0.0183081	-17.6132	0.000246688	3.41559e-08	3.31125e-05	0.01567	0.416667	0.256944	0.326389
7.46	0.0663528	0.018302	-17.582	0.000252219	3.31185e-08	3.38095e-05	0.0156703	0.298611	0.3125	0.388889
7.47	0.0661389	0.0228046	-17.7236	0.000250995	3.27147e-08	3.36004e-05	0.0156707	0.305556	0.395833	0.298611
7.48	0.0658965	0.00662391	-17.5656	0.000245017	3.31822e-08	3.27563e-05	0.015671	0.354167	0.305556	0.340278
7.49	0.0668382	-0.00145472	-17.3993	0.00024273	3.40703e-08	3.24072e-05	0.0156713	0.326389	0.347222	0.326389
7.5	0.067334	-0.0221275	-17.634	0.000248888	3.50739e-08	3.3185e-05	0.0156717	0.208333	0.381944	0.409722
7.51	0.0666701	0.0159798	-17.5903	0.000237652	3.36666e-08	3.16448e-05	0.015672	0.361111	0.347222	0.291667
7.52	0.0656938	0.00460002	-17.4068	0.000251934	3.2809e-08	3.35019e-05	0.0156723	0.402778	0.3125	0.284722
7.53	0.0657083	0.0173826	-17.4363	0.000239505	3.25729e-08	3.18067e-05	0.0156726	0.319444	0.3125	0.368056
7.54	0.0664354	0.0210073	-17.3201	0.000244071	3.25967e-08	3.23702e-05	0.015673	0.368056	0.298611	0.333333
7.55	0.0672535	-0.000230638	-17.6063	0.000242968	3.43996e-08	3.21812e-05	0.0156733	0.340278	0.354167	0.305556
7.56	0.0662521	0.0162038	-17.2447	0.000240464	3.28511e-08	3.18074e-05	0.0156736	0.305556	0.333333	0.361111
7.57	0.0668535	-0.0195899	-17.5987	0.000243492	3.36417e-08	3.21654e-05	0.0156739	0.333333	0.340278	0.326389
7.58	0.0658458	0.00284644	-17.3281	0.000241157	3.23978e-08	3.18149e-05	0.0156742	0.347222	0.326389	0.326389
7.59	0.0668382	0.0132202	-17.1356	0.000235319	3.28658e-08	3.10038e-05	0.0156746	0.3125	0.298611	0.388889
7.6	0.0657764	0.0107772	-17.1328	0.000239198	3.28851e-08	3.14734e-05	0.0156749	0.243056	0.402778	0.354167
7.61	0.0665764	0.0522005	-17.1788	0.000237674	3.17751e-08	3.12318e-05	0.0156752	0.361111	0.284722	0.354167
7.62	0.065084	-0.0139225	-17.2016	0.000238176	3.17444e-08	3.12567e-05	0.0156755	0.284722	0.298611	0.416667
7.63	0.0663021	-0.00591457	-17.3372	0.000230518	3.31524e-08	3.0212e-05	0.0156758	0.361111	0.361111	0.277778
7.64	0.0660424	0.0273342	-16.9599	0.000232009	3.18868e-08	3.03677e-05	0.0156761	0.291667	0.361111	0.347222
7.65	0.0664188	-0.0361315	-17.4164	0.000244196	3.44299e-08	3.1921e-05	0.0156764	0.347222	0.347222	0.305556
7.66	0.0668076	0.0125422	-17.2061	0.000236521	3.29115e-08	3.08773e-05	0.0156767	0.347222	0.3125	0.340278
7.67	0.0663465	0.0187151	-17.0696	0.000232261	3.27789e-08	3.02817e-05	0.015677	0.416667	0.305556	0.277778
7.68	0.0657528	-0.00720673	-17.1081	0.000234575	3.20986e-08	3.05436e-05	0.0156773	0.395833	0.270833	0.333333
7.69	0.0665236	0.00688312	-16.9003	0.000232117	3.28684e-08	3.01843e-05	0.0156777	0.333333	0.375	0.291667
7.7	0.0670389	0.0111851	-17.1192	0.00023203	3.30644e-08	3.01338e-05	0.015678	0.354167	0.333333	0.3125
7.71	0.0666674	0.020729	-16.8178	0.000233424	3.24667e-08	3.02755e-05	0.0156783	0.381944	0.284722	0.333333
7.72	0.065866	0.026518	-16.9255	0.000231991	3.14786e-08	3.00507e-05	0.0156786	0.402778	0.3125	0.284722
7.73	0.0659076	0.00194473	-17.0517	0.000230285	3.24291e-08	2.97911e-05	0.0156789	0.340278	0.368056	0.291667
7.74	0.0661556	0.00319561	-16.8454	0.000228116	3.30537e-08	2.94724e-05	0.0156792	0.3125	0.361111	0.326389
7.75	0.0656604	0.0129483	-16.8544	0.00023421	3.14603e-08	3.02207e-05	0.0156795	0.277778	0.326389	0.395833
7.76	0.0661215	0.0114545	-16.9726	0.000230653	3.20347e-08	2.97233e-05	0.0156798	0.354167	0.3125	0.333333
7.77	0.0656764	0.00696601	-16.885	0.00022782	3.14462e-08	2.93205e-05	0.0156801	0.277778	0.340278	0.381944
7.78	0.0659493	-0.0121369	-16.8546	0.000233662	3.25446e-08	3.00337e-05	0.0156803	0.361111	0.354167	0.284722
7.79	0.0653931	0.0326545	-16.8901	0.000220302	3.09648e-08	2.82801e-05	0.0156806	0.326389	0.243056	0.430556
7.8	0.0665847	-0.000932933	-16.8533	0.00022659	3.26337e-08	2.905e-05	0.0156809	0.326389	0.326389	0.347222
7.81	0.0654486	-0.00331437	-16.779	0.00023157	3.15775e-08	2.96505e-05	0.0156812	0.319444	0.319444	0.361111
7.82	0.0663493	0.00659241	-16.8978	0.000227643	3.17735e-08	2.91104e-05	0.0156815	0.402778	0.333333	0.263889
7.83	0.065675	0.0128988	-16.6418	0.000224608	3.1268e-08	2.86856e-05	0.0156818	0.340278	0.333333	0.326389
7.84	0.0660938	0.0186808	-16.6811	0.00022233	3.16525e-08	2.83584e-05	0.0156821	0.444444	0.291667	0.263889
7.85	0.0648181	0.0224504	-16.7095	0.000225074	3.05477e-08	2.86719e-05	0.0156824	0.368056	0.305556	0.326389
7.86	0.0659208	0.00655242	-16.7755	0.000217749	3.1682e-08	2.77034e-05	0.0156827	0.298611	0.361111	0.340278
7.87	0.0652681	0.000317278	-16.4029	0.000222118	3.09833e-08	2.82234e-05	0.0156829	0.368056	0.354167	0.277778
7.88	0.0647889	-0.00950963	-16.5464	0.000226395	3.12643e-08	2.87303e-05	0.0156832	0.361111	0.277778	0.361111
7.89	0.0653285	0.010743	-16.6952	0.000223007	3.06592e-08	2.82645e-05	0.0156835	0.361111	0.340278	0.298611
7.9	0.0658944	0.0110991	-16.6774	0.000225503	3.11746e-08	2.85447e-05	0.0156838	0.256944	0.326389	0.416667
7.91	0.065875	0.0263177	-16.4924	0.000218408	3.0674e-08	2.76116e-05	0.0156841	0.25	0.388889	0.361111
7.92	0.0656688	0.00172383	-16.4766	0.000221257	3.07285e-08	2.79365e-05	0.0156844	0.277778	0.354167	0.368056
7.93	0.0657951	0.0041679	-16.7421	0.000216614	3.09173e-08	2.73157e-05	0.0156846	0.381944	0.354167	0.263889
7.94	0.0660132	0.0123569	-16.3215	0.000214364	3.09956e-08	2.6998e-05	0.0156849	0.263889	0.3125	0.423611
7.95	0.0672674	0.0295609	-16.3818	0.000213745	3.22313e-08	2.68862e-05	0.0156852	0.340278	0.333333	0.326389
7.96	0.0661847	0.00926412	-16.2938	0.000218707	3.11094e-08	2.74758e-05	0.0156854	0.361111	0.340278	0.298611
7.97	0.0654715	0.0303421	-16.4194	0.000213876	3.02834e-08	2.68351e-05	0.0156857	0.256944	0.361111	0.381944
7.98	0.0654618	0.00643272	-16.4357	0.000207056	3.02503e-08	2.59469e-05	0.015686	0.319444	0.395833	0.284722
7.99	0.065509	-0.00380673	-16.3924	0.000217109	3.10246e-08	2.71726e-05	0.0156862	0.3125	0.333333	0.354167
8	0.0663278	0.0213042	-16.802	0.000214311	3.07477e-08	2.67889e-05	0.0156865	0.305556	0.395833	0.298611
8.01	0.0662757	0.012333	-16.4479	0.00021534	3.10037e-08	2.68839e-05	0.0156868	0.381944	0.333333	0.284722
8.02	0.0644382	-0.05453	-16.346	0.000211549	3.08913e-08	2.63776e-05	0.0156871	0.298611	0.25	0.451389
8.03	0.0661694	0.0176876	-16.0809	0.000215445	3.09432e-08	2.683e-05	0.0156873	0.347222	0.354167	0.298611
8.04	0.0652778	-0.00711652	-16.6319	0.000212257	3.0723e-08	2.64001e-05	0.0156876	0.326389	0.354167	0.319444
8.05	0.0666597	0.0133341	-16.3509	0.000210708	3.15322e-08	2.6175e-05	0.0156879	0.319444	0.375	0.305556
