0.05	400	0
0.06	277.778	0.20192
0.07	204.082	0.299921
0.08	156.25	0.376397
0.09	123.457	0.405313
0.1	100	0.432193
0.11	82.6446	0.445845
0.12	69.4444	0.457934
0.13	59.1716	0.465475
0.14	51.0204	0.471316
0.15	44.4444	0.477642
0.16	39.0625	0.48241
0.17	34.6021	0.485958
0.18	30.8642	0.490262
0.19	27.7008	0.491958
0.2	25	0.494453
0.21	22.6757	0.497329
0.22	20.6612	0.498826
0.23	18.9036	0.50035
0.24	17.3611	0.502153
0.25	16	0.503309
0.26	14.7929	0.504395
0.27	13.7174	0.50537
0.28	12.7551	0.506296
0.29	11.8906	0.507222
0.3	11.1111	0.508066
0.31	10.4058	0.508596
0.32	9.76562	0.509146
0.33	9.18274	0.509724
0.34	8.65052	0.510072
0.35	8.16327	0.510483
0.36	7.71605	0.510822
0.37	7.3046	0.511084
0.38	6.92521	0.511346
0.39	6.57462	0.511677
0.4	6.25	0.512
0.41	5.94884	0.512397
0.42	5.66893	0.512743
0.43	5.40833	0.513105
0.44	5.16529	0.513518
0.45	4.93827	0.513857
0.46	4.7259	0.514217
0.47	4.52694	0.514619
0.48	4.34028	0.515086
0.49	4.16493	0.515559
0.5	4	0.516045
0.51	3.84468	0.516531
0.52	3.69822	0.517058
0.53	3.55999	0.517642
0.54	3.42936	0.518284
0.55	3.30579	0.518925
0.56	3.18878	0.519713
0.57	3.07787	0.520563
0.58	2.97265	0.521421
0.59	2.87274	0.522546
0.6	2.77778	0.523558
0.61	2.68745	0.524583
0.62	2.60146	0.525833
0.63	2.51953	0.527004
0.64	2.44141	0.528324
0.65	2.36686	0.529538
0.66	2.29568	0.530761
0.67	2.22767	0.532134
0.68	2.16263	0.533678
0.69	2.1004	0.535055
0.7	2.04082	0.536679
0.71	1.98373	0.538386
0.72	1.92901	0.540163
0.73	1.87652	0.54195
0.74	1.82615	0.543845
0.75	1.77778	0.545954
0.76	1.7313	0.547883
0.77	1.68663	0.550001
0.78	1.64366	0.552122
0.79	1.60231	0.554416
0.8	1.5625	0.556567
0.81	1.52416	0.559036
0.82	1.48721	0.561423
0.83	1.45159	0.563697
0.84	1.41723	0.566387
0.85	1.38408	0.56925
0.86	1.35208	0.572239
0.87	1.32118	0.574838
0.88	1.29132	0.577817
0.89	1.26247	0.580726
0.9	1.23457	0.583775
0.91	1.20758	0.586862
0.92	1.18147	0.590109
0.93	1.1562	0.593364
0.94	1.13173	0.596556
0.95	1.10803	0.599973
0.96	1.08507	0.603651
0.97	1.06281	0.606799
0.98	1.04123	0.610383
0.99	1.0203	0.613799
1	1	0.617629
1.01	0.980296	0.621015
1.02	0.961169	0.625051
1.03	0.942596	0.629025
1.04	0.924556	0.632966
1.05	0.907029	0.636705
1.06	0.889996	0.641389
1.07	0.873439	0.645702
1.08	0.857339	0.649812
1.09	0.84168	0.654008
1.1	0.826446	0.658279
1.11	0.811622	0.662443
1.12	0.797194	0.666542
1.13	0.783147	0.670934
1.14	0.769468	0.675276
1.15	0.756144	0.679674
1.16	0.743163	0.684683
1.17	0.730514	0.689764
1.18	0.718184	0.694654
1.19	0.706165	0.699787
1.2	0.694444	0.704784
1.21	0.683013	0.710206
1.22	0.671862	0.715134
1.23	0.660982	0.720285
1.24	0.650364	0.725311
1.25	0.64	0.73171
1.26	0.629882	0.737229
1.27	0.620001	0.742938
1.28	0.610352	0.74856
1.29	0.600925	0.754534
1.3	0.591716	0.76047
1.31	0.582717	0.766252
1.32	0.573921	0.772579
1.33	0.565323	0.779
1.34	0.556917	0.785181
1.35	0.548697	0.792756
1.36	0.540657	0.799313
1.37	0.532793	0.806894
1.38	0.5251	0.814207
1.39	0.517572	0.821024
1.4	0.510204	0.828184
1.41	0.502993	0.835322
1.42	0.495933	0.842284
1.43	0.489021	0.849104
1.44	0.482253	0.856537
1.45	0.475624	0.863411
1.46	0.469131	0.870775
1.47	0.46277	0.879148
1.48	0.456538	0.886687
1.49	0.45043	0.895348
1.5	0.444444	0.902688
1.51	0.438577	0.911929
1.52	0.432825	0.91947
1.53	0.427186	0.927824
1.54	0.421656	0.9362
1.55	0.416233	0.946072
1.56	0.410914	0.956763
1.57	0.405696	0.964734
1.58	0.400577	0.975144
1.59	0.395554	0.989871
1.6	0.390625	0.999252
1.61	0.385788	1.00924
1.62	0.381039	1.02291
1.63	0.376378	1.03399
1.64	0.371802	1.04373
1.65	0.367309	1.05484
1.66	0.362897	1.06825
1.67	0.358564	1.07871
1.68	0.354308	1.09218
1.69	0.350128	1.10398
1.7	0.346021	1.11798
1.71	0.341986	1.13578
1.72	0.338021	1.15435
1.73	0.334124	1.17109
1.74	0.330295	1.18765
1.75	0.326531	1.20452
1.76	0.322831	1.21729
1.77	0.319193	1.23047
1.78	0.315617	1.2436
1.79	0.3121	1.25426
1.8	0.308642	1.26357
1.81	0.305241	1.27328
1.82	0.301896	1.28154
1.83	0.298606	1.29028
1.84	0.295369	1.29657
1.85	0.292184	1.30408
1.86	0.289051	1.30996
1.87	0.285968	1.31574
1.88	0.282933	1.3213
1.89	0.279947	1.32689
1.9	0.277008	1.33157
1.91	0.274115	1.33836
1.92	0.271267	1.3434
1.93	0.268464	1.34917
1.94	0.265703	1.3542
1.95	0.262985	1.35931
1.96	0.260308	1.36357
1.97	0.257672	1.36763
1.98	0.255076	1.37205
1.99	0.252519	1.37617
2	0.25	1.37987
2.01	0.247519	1.38378
2.02	0.245074	1.38742
2.03	0.242665	1.39126
2.04	0.240292	1.3952
2.05	0.237954	1.39897
2.06	0.235649	1.40235
2.07	0.233378	1.40609
2.08	0.231139	1.4091
2.09	0.228932	1.4118
2.1	0.226757	1.41504
2.11	0.224613	1.41809
2.12	0.222499	1.42061
2.13	0.220415	1.42341
2.14	0.21836	1.42614
2.15	0.216333	1.42888
2.16	0.214335	1.43152
2.17	0.212364	1.4339
2.18	0.21042	1.43638
2.19	0.208503	1.43883
2.2	0.206612	1.44135
2.21	0.204746	1.44341
2.22	0.202906	1.44555
2.23	0.20109	1.44781
2.24	0.199298	1.44991
2.25	0.197531	1.45176
2.26	0.195787	1.45334
2.27	0.194065	1.45513
2.28	0.192367	1.45701
2.29	0.19069	1.45876
2.3	0.189036	1.46057
2.31	0.187403	1.46263
2.32	0.185791	1.4645
2.33	0.184199	1.4664
2.34	0.182628	1.46806
2.35	0.181077	1.46964
2.36	0.179546	1.47131
2.37	0.178034	1.47293
2.38	0.176541	1.47443
2.39	0.175067	1.47603
2.4	0.173611	1.47748
2.41	0.172173	1.47892
2.42	0.170753	1.48034
2.43	0.169351	1.48173
2.44	0.167966	1.48318
2.45	0.166597	1.48452
2.46	0.165246	1.48584
2.47	0.16391	1.48713
2.48	0.162591	1.48837
2.49	0.161288	1.48962
2.5	0.16	1.49085
2.51	0.158728	1.49209
2.52	0.15747	1.49325
2.53	0.156228	1.49439
2.54	0.155	1.49545
2.55	0.153787	1.49647
2.56	0.152588	1.49761
2.57	0.151403	1.49861
2.58	0.150231	1.49963
2.59	0.149074	1.50069
2.6	0.147929	1.50175
2.61	0.146798	1.50283
2.62	0.145679	1.50384
2.63	0.144573	1.5048
2.64	0.14348	1.50574
2.65	0.142399	1.50665
2.66	0.141331	1.50753
2.67	0.140274	1.50855
2.68	0.139229	1.5094
2.69	0.138196	1.5103
2.7	0.137174	1.51114
2.71	0.136164	1.51199
2.72	0.135164	1.51281
2.73	0.134176	1.51367
2.74	0.133198	1.5145
2.75	0.132231	1.51522
2.76	0.131275	1.51597
2.77	0.130329	1.5167
2.78	0.129393	1.51744
2.79	0.128467	1.51818
2.8	0.127551	1.51896
2.81	0.126645	1.51974
2.82	0.125748	1.52045
2.83	0.124861	1.52109
2.84	0.123983	1.52173
2.85	0.123115	1.52244
2.86	0.122255	1.52305
2.87	0.121405	1.52362
2.88	0.120563	1.52427
2.89	0.11973	1.52491
2.9	0.118906	1.52558
2.91	0.11809	1.5262
2.92	0.117283	1.5268
2.93	0.116484	1.5274
2.94	0.115693	1.52797
2.95	0.11491	1.52859
2.96	0.114134	1.52917
2.97	0.113367	1.52977
2.98	0.112608	1.53033
2.99	0.111856	1.53086
3	0.111111	1.53144
3.01	0.110374	1.532
3.02	0.109644	1.53251
3.03	0.108922	1.53304
3.04	0.108206	1.53357
3.05	0.107498	1.53409
3.06	0.106797	1.53457
3.07	0.106102	1.53506
3.08	0.105414	1.53557
3.09	0.104733	1.53606
3.1	0.104058	1.53658
3.11	0.10339	1.53704
3.12	0.102728	1.53752
3.13	0.102073	1.53795
3.14	0.101424	1.53843
3.15	0.100781	1.53888
3.16	0.100144	1.53932
3.17	0.0995134	1.53977
3.18	0.0988885	1.54022
3.19	0.0982695	1.54067
3.2	0.0976563	1.5411
3.21	0.0970487	1.54153
3.22	0.0964469	1.54195
3.23	0.0958506	1.54233
3.24	0.0952599	1.54275
3.25	0.0946746	1.54317
3.26	0.0940946	1.54356
3.27	0.09352	1.54394
3.28	0.0929506	1.54435
3.29	0.0923864	1.54475
3.3	0.0918274	1.54517
3.31	0.0912734	1.54555
3.32	0.0907243	1.5459
3.33	0.0901803	1.54625
3.34	0.0896411	1.54661
3.35	0.0891067	1.547
3.36	0.0885771	1.54733
3.37	0.0880522	1.54766
3.38	0.0875319	1.54797
3.39	0.0870163	1.5483
3.4	0.0865052	1.5486
3.41	0.0859986	1.54895
3.42	0.0854964	1.54929
3.43	0.0849986	1.54962
3.44	0.0845051	1.54995
3.45	0.084016	1.55026
3.46	0.083531	1.55057
3.47	0.0830503	1.55086
3.48	0.0825737	1.55116
3.49	0.0821011	1.55148
3.5	0.0816327	1.55174
3.51	0.0811682	1.55206
3.52	0.0807076	1.55234
3.53	0.080251	1.55262
3.54	0.0797983	1.55289
3.55	0.0793493	1.55317
3.56	0.0789042	1.55345
3.57	0.0784628	1.55373
3.58	0.078025	1.554
3.59	0.077591	1.55427
3.6	0.0771605	1.55454
3.61	0.0767336	1.5548
3.62	0.0763102	1.55506
3.63	0.0758904	1.55531
3.64	0.075474	1.55558
3.65	0.075061	1.55583
3.66	0.0746514	1.55609
3.67	0.0742451	1.55635
3.68	0.0738422	1.55659
3.69	0.0734425	1.55685
3.7	0.073046	1.5571
3.71	0.0726528	1.55734
3.72	0.0722627	1.5576
3.73	0.0718757	1.55785
3.74	0.0714919	1.55809
3.75	0.0711111	1.55833
3.76	0.0707334	1.55857
3.77	0.0703586	1.5588
3.78	0.0699868	1.55904
3.79	0.069618	1.55924
3.8	0.0692521	1.55947
3.81	0.068889	1.5597
3.82	0.0685288	1.55992
3.83	0.0681714	1.56014
3.84	0.0678168	1.56036
3.85	0.067465	1.56058
3.86	0.0671159	1.56079
3.87	0.0667695	1.561
3.88	0.0664258	1.56119
3.89	0.0660847	1.56139
3.9	0.0657462	1.5616
3.91	0.0654104	1.56179
3.92	0.0650771	1.56198
3.93	0.0647463	1.56218
3.94	0.064418	1.56237
3.95	0.0640923	1.56255
3.96	0.063769	1.56274
3.97	0.0634482	1.56293
3.98	0.0631297	1.56313
3.99	0.0628137	1.56333
4	0.0625	1.56349
4.01	0.0621887	1.56368
4.02	0.0618797	1.56388
4.03	0.0615729	1.56406
4.04	0.0612685	1.56424
4.05	0.0609663	1.56441
4.06	0.0606664	1.56458
4.07	0.0603686	1.56473
4.08	0.060073	1.5649
4.09	0.0597797	1.56507
